# layer_id eta phi delta_eta delta_phi rmin rmax
L 5 -0.5 0.5 10 -3.14159265 3.14159265 64 2680 3780
C 5 -0.45 -3.09250527 0.1 0.09817477 2680 3780 layer5_eta0_phi0
C 5 -0.45 -2.9943305 0.1 0.09817477 2680 3780 layer5_eta0_phi1
C 5 -0.45 -2.89615573 0.1 0.09817477 2680 3780 layer5_eta0_phi2
C 5 -0.45 -2.79798096 0.1 0.09817477 2680 3780 layer5_eta0_phi3
C 5 -0.45 -2.69980619 0.1 0.09817477 2680 3780 layer5_eta0_phi4
C 5 -0.45 -2.60163142 0.1 0.09817477 2680 3780 layer5_eta0_phi5
C 5 -0.45 -2.50345665 0.1 0.09817477 2680 3780 layer5_eta0_phi6
C 5 -0.45 -2.40528188 0.1 0.09817477 2680 3780 layer5_eta0_phi7
C 5 -0.45 -2.3071071 0.1 0.09817477 2680 3780 layer5_eta0_phi8
C 5 -0.45 -2.20893233 0.1 0.09817477 2680 3780 layer5_eta0_phi9
C 5 -0.45 -2.11075756 0.1 0.09817477 2680 3780 layer5_eta0_phi10
C 5 -0.45 -2.01258279 0.1 0.09817477 2680 3780 layer5_eta0_phi11
C 5 -0.45 -1.91440802 0.1 0.09817477 2680 3780 layer5_eta0_phi12
C 5 -0.45 -1.81623325 0.1 0.09817477 2680 3780 layer5_eta0_phi13
C 5 -0.45 -1.71805848 0.1 0.09817477 2680 3780 layer5_eta0_phi14
C 5 -0.45 -1.61988371 0.1 0.09817477 2680 3780 layer5_eta0_phi15
C 5 -0.45 -1.52170894 0.1 0.09817477 2680 3780 layer5_eta0_phi16
C 5 -0.45 -1.42353417 0.1 0.09817477 2680 3780 layer5_eta0_phi17
C 5 -0.45 -1.3253594 0.1 0.09817477 2680 3780 layer5_eta0_phi18
C 5 -0.45 -1.22718463 0.1 0.09817477 2680 3780 layer5_eta0_phi19
C 5 -0.45 -1.12900986 0.1 0.09817477 2680 3780 layer5_eta0_phi20
C 5 -0.45 -1.03083509 0.1 0.09817477 2680 3780 layer5_eta0_phi21
C 5 -0.45 -0.93266032 0.1 0.09817477 2680 3780 layer5_eta0_phi22
C 5 -0.45 -0.83448555 0.1 0.09817477 2680 3780 layer5_eta0_phi23
C 5 -0.45 -0.73631078 0.1 0.09817477 2680 3780 layer5_eta0_phi24
C 5 -0.45 -0.63813601 0.1 0.09817477 2680 3780 layer5_eta0_phi25
C 5 -0.45 -0.53996124 0.1 0.09817477 2680 3780 layer5_eta0_phi26
C 5 -0.45 -0.44178647 0.1 0.09817477 2680 3780 layer5_eta0_phi27
C 5 -0.45 -0.3436117 0.1 0.09817477 2680 3780 layer5_eta0_phi28
C 5 -0.45 -0.24543693 0.1 0.09817477 2680 3780 layer5_eta0_phi29
C 5 -0.45 -0.14726216 0.1 0.09817477 2680 3780 layer5_eta0_phi30
C 5 -0.45 -0.04908739 0.1 0.09817477 2680 3780 layer5_eta0_phi31
C 5 -0.45 0.04908739 0.1 0.09817477 2680 3780 layer5_eta0_phi32
C 5 -0.45 0.14726216 0.1 0.09817477 2680 3780 layer5_eta0_phi33
C 5 -0.45 0.24543693 0.1 0.09817477 2680 3780 layer5_eta0_phi34
C 5 -0.45 0.3436117 0.1 0.09817477 2680 3780 layer5_eta0_phi35
C 5 -0.45 0.44178647 0.1 0.09817477 2680 3780 layer5_eta0_phi36
C 5 -0.45 0.53996124 0.1 0.09817477 2680 3780 layer5_eta0_phi37
C 5 -0.45 0.63813601 0.1 0.09817477 2680 3780 layer5_eta0_phi38
C 5 -0.45 0.73631078 0.1 0.09817477 2680 3780 layer5_eta0_phi39
C 5 -0.45 0.83448555 0.1 0.09817477 2680 3780 layer5_eta0_phi40
C 5 -0.45 0.93266032 0.1 0.09817477 2680 3780 layer5_eta0_phi41
C 5 -0.45 1.03083509 0.1 0.09817477 2680 3780 layer5_eta0_phi42
C 5 -0.45 1.12900986 0.1 0.09817477 2680 3780 layer5_eta0_phi43
C 5 -0.45 1.22718463 0.1 0.09817477 2680 3780 layer5_eta0_phi44
C 5 -0.45 1.3253594 0.1 0.09817477 2680 3780 layer5_eta0_phi45
C 5 -0.45 1.42353417 0.1 0.09817477 2680 3780 layer5_eta0_phi46
C 5 -0.45 1.52170894 0.1 0.09817477 2680 3780 layer5_eta0_phi47
C 5 -0.45 1.61988371 0.1 0.09817477 2680 3780 layer5_eta0_phi48
C 5 -0.45 1.71805848 0.1 0.09817477 2680 3780 layer5_eta0_phi49
C 5 -0.45 1.81623325 0.1 0.09817477 2680 3780 layer5_eta0_phi50
C 5 -0.45 1.91440802 0.1 0.09817477 2680 3780 layer5_eta0_phi51
C 5 -0.45 2.01258279 0.1 0.09817477 2680 3780 layer5_eta0_phi52
C 5 -0.45 2.11075756 0.1 0.09817477 2680 3780 layer5_eta0_phi53
C 5 -0.45 2.20893233 0.1 0.09817477 2680 3780 layer5_eta0_phi54
C 5 -0.45 2.3071071 0.1 0.09817477 2680 3780 layer5_eta0_phi55
C 5 -0.45 2.40528188 0.1 0.09817477 2680 3780 layer5_eta0_phi56
C 5 -0.45 2.50345665 0.1 0.09817477 2680 3780 layer5_eta0_phi57
C 5 -0.45 2.60163142 0.1 0.09817477 2680 3780 layer5_eta0_phi58
C 5 -0.45 2.69980619 0.1 0.09817477 2680 3780 layer5_eta0_phi59
C 5 -0.45 2.79798096 0.1 0.09817477 2680 3780 layer5_eta0_phi60
C 5 -0.45 2.89615573 0.1 0.09817477 2680 3780 layer5_eta0_phi61
C 5 -0.45 2.9943305 0.1 0.09817477 2680 3780 layer5_eta0_phi62
C 5 -0.45 3.09250527 0.1 0.09817477 2680 3780 layer5_eta0_phi63
C 5 -0.35 -3.09250527 0.1 0.09817477 2680 3780 layer5_eta1_phi0
C 5 -0.35 -2.9943305 0.1 0.09817477 2680 3780 layer5_eta1_phi1
C 5 -0.35 -2.89615573 0.1 0.09817477 2680 3780 layer5_eta1_phi2
C 5 -0.35 -2.79798096 0.1 0.09817477 2680 3780 layer5_eta1_phi3
C 5 -0.35 -2.69980619 0.1 0.09817477 2680 3780 layer5_eta1_phi4
C 5 -0.35 -2.60163142 0.1 0.09817477 2680 3780 layer5_eta1_phi5
C 5 -0.35 -2.50345665 0.1 0.09817477 2680 3780 layer5_eta1_phi6
C 5 -0.35 -2.40528188 0.1 0.09817477 2680 3780 layer5_eta1_phi7
C 5 -0.35 -2.3071071 0.1 0.09817477 2680 3780 layer5_eta1_phi8
C 5 -0.35 -2.20893233 0.1 0.09817477 2680 3780 layer5_eta1_phi9
C 5 -0.35 -2.11075756 0.1 0.09817477 2680 3780 layer5_eta1_phi10
C 5 -0.35 -2.01258279 0.1 0.09817477 2680 3780 layer5_eta1_phi11
C 5 -0.35 -1.91440802 0.1 0.09817477 2680 3780 layer5_eta1_phi12
C 5 -0.35 -1.81623325 0.1 0.09817477 2680 3780 layer5_eta1_phi13
C 5 -0.35 -1.71805848 0.1 0.09817477 2680 3780 layer5_eta1_phi14
C 5 -0.35 -1.61988371 0.1 0.09817477 2680 3780 layer5_eta1_phi15
C 5 -0.35 -1.52170894 0.1 0.09817477 2680 3780 layer5_eta1_phi16
C 5 -0.35 -1.42353417 0.1 0.09817477 2680 3780 layer5_eta1_phi17
C 5 -0.35 -1.3253594 0.1 0.09817477 2680 3780 layer5_eta1_phi18
C 5 -0.35 -1.22718463 0.1 0.09817477 2680 3780 layer5_eta1_phi19
C 5 -0.35 -1.12900986 0.1 0.09817477 2680 3780 layer5_eta1_phi20
C 5 -0.35 -1.03083509 0.1 0.09817477 2680 3780 layer5_eta1_phi21
C 5 -0.35 -0.93266032 0.1 0.09817477 2680 3780 layer5_eta1_phi22
C 5 -0.35 -0.83448555 0.1 0.09817477 2680 3780 layer5_eta1_phi23
C 5 -0.35 -0.73631078 0.1 0.09817477 2680 3780 layer5_eta1_phi24
C 5 -0.35 -0.63813601 0.1 0.09817477 2680 3780 layer5_eta1_phi25
C 5 -0.35 -0.53996124 0.1 0.09817477 2680 3780 layer5_eta1_phi26
C 5 -0.35 -0.44178647 0.1 0.09817477 2680 3780 layer5_eta1_phi27
C 5 -0.35 -0.3436117 0.1 0.09817477 2680 3780 layer5_eta1_phi28
C 5 -0.35 -0.24543693 0.1 0.09817477 2680 3780 layer5_eta1_phi29
C 5 -0.35 -0.14726216 0.1 0.09817477 2680 3780 layer5_eta1_phi30
C 5 -0.35 -0.04908739 0.1 0.09817477 2680 3780 layer5_eta1_phi31
C 5 -0.35 0.04908739 0.1 0.09817477 2680 3780 layer5_eta1_phi32
C 5 -0.35 0.14726216 0.1 0.09817477 2680 3780 layer5_eta1_phi33
C 5 -0.35 0.24543693 0.1 0.09817477 2680 3780 layer5_eta1_phi34
C 5 -0.35 0.3436117 0.1 0.09817477 2680 3780 layer5_eta1_phi35
C 5 -0.35 0.44178647 0.1 0.09817477 2680 3780 layer5_eta1_phi36
C 5 -0.35 0.53996124 0.1 0.09817477 2680 3780 layer5_eta1_phi37
C 5 -0.35 0.63813601 0.1 0.09817477 2680 3780 layer5_eta1_phi38
C 5 -0.35 0.73631078 0.1 0.09817477 2680 3780 layer5_eta1_phi39
C 5 -0.35 0.83448555 0.1 0.09817477 2680 3780 layer5_eta1_phi40
C 5 -0.35 0.93266032 0.1 0.09817477 2680 3780 layer5_eta1_phi41
C 5 -0.35 1.03083509 0.1 0.09817477 2680 3780 layer5_eta1_phi42
C 5 -0.35 1.12900986 0.1 0.09817477 2680 3780 layer5_eta1_phi43
C 5 -0.35 1.22718463 0.1 0.09817477 2680 3780 layer5_eta1_phi44
C 5 -0.35 1.3253594 0.1 0.09817477 2680 3780 layer5_eta1_phi45
C 5 -0.35 1.42353417 0.1 0.09817477 2680 3780 layer5_eta1_phi46
C 5 -0.35 1.52170894 0.1 0.09817477 2680 3780 layer5_eta1_phi47
C 5 -0.35 1.61988371 0.1 0.09817477 2680 3780 layer5_eta1_phi48
C 5 -0.35 1.71805848 0.1 0.09817477 2680 3780 layer5_eta1_phi49
C 5 -0.35 1.81623325 0.1 0.09817477 2680 3780 layer5_eta1_phi50
C 5 -0.35 1.91440802 0.1 0.09817477 2680 3780 layer5_eta1_phi51
C 5 -0.35 2.01258279 0.1 0.09817477 2680 3780 layer5_eta1_phi52
C 5 -0.35 2.11075756 0.1 0.09817477 2680 3780 layer5_eta1_phi53
C 5 -0.35 2.20893233 0.1 0.09817477 2680 3780 layer5_eta1_phi54
C 5 -0.35 2.3071071 0.1 0.09817477 2680 3780 layer5_eta1_phi55
C 5 -0.35 2.40528188 0.1 0.09817477 2680 3780 layer5_eta1_phi56
C 5 -0.35 2.50345665 0.1 0.09817477 2680 3780 layer5_eta1_phi57
C 5 -0.35 2.60163142 0.1 0.09817477 2680 3780 layer5_eta1_phi58
C 5 -0.35 2.69980619 0.1 0.09817477 2680 3780 layer5_eta1_phi59
C 5 -0.35 2.79798096 0.1 0.09817477 2680 3780 layer5_eta1_phi60
C 5 -0.35 2.89615573 0.1 0.09817477 2680 3780 layer5_eta1_phi61
C 5 -0.35 2.9943305 0.1 0.09817477 2680 3780 layer5_eta1_phi62
C 5 -0.35 3.09250527 0.1 0.09817477 2680 3780 layer5_eta1_phi63
C 5 -0.25 -3.09250527 0.1 0.09817477 2680 3780 layer5_eta2_phi0
C 5 -0.25 -2.9943305 0.1 0.09817477 2680 3780 layer5_eta2_phi1
C 5 -0.25 -2.89615573 0.1 0.09817477 2680 3780 layer5_eta2_phi2
C 5 -0.25 -2.79798096 0.1 0.09817477 2680 3780 layer5_eta2_phi3
C 5 -0.25 -2.69980619 0.1 0.09817477 2680 3780 layer5_eta2_phi4
C 5 -0.25 -2.60163142 0.1 0.09817477 2680 3780 layer5_eta2_phi5
C 5 -0.25 -2.50345665 0.1 0.09817477 2680 3780 layer5_eta2_phi6
C 5 -0.25 -2.40528188 0.1 0.09817477 2680 3780 layer5_eta2_phi7
C 5 -0.25 -2.3071071 0.1 0.09817477 2680 3780 layer5_eta2_phi8
C 5 -0.25 -2.20893233 0.1 0.09817477 2680 3780 layer5_eta2_phi9
C 5 -0.25 -2.11075756 0.1 0.09817477 2680 3780 layer5_eta2_phi10
C 5 -0.25 -2.01258279 0.1 0.09817477 2680 3780 layer5_eta2_phi11
C 5 -0.25 -1.91440802 0.1 0.09817477 2680 3780 layer5_eta2_phi12
C 5 -0.25 -1.81623325 0.1 0.09817477 2680 3780 layer5_eta2_phi13
C 5 -0.25 -1.71805848 0.1 0.09817477 2680 3780 layer5_eta2_phi14
C 5 -0.25 -1.61988371 0.1 0.09817477 2680 3780 layer5_eta2_phi15
C 5 -0.25 -1.52170894 0.1 0.09817477 2680 3780 layer5_eta2_phi16
C 5 -0.25 -1.42353417 0.1 0.09817477 2680 3780 layer5_eta2_phi17
C 5 -0.25 -1.3253594 0.1 0.09817477 2680 3780 layer5_eta2_phi18
C 5 -0.25 -1.22718463 0.1 0.09817477 2680 3780 layer5_eta2_phi19
C 5 -0.25 -1.12900986 0.1 0.09817477 2680 3780 layer5_eta2_phi20
C 5 -0.25 -1.03083509 0.1 0.09817477 2680 3780 layer5_eta2_phi21
C 5 -0.25 -0.93266032 0.1 0.09817477 2680 3780 layer5_eta2_phi22
C 5 -0.25 -0.83448555 0.1 0.09817477 2680 3780 layer5_eta2_phi23
C 5 -0.25 -0.73631078 0.1 0.09817477 2680 3780 layer5_eta2_phi24
C 5 -0.25 -0.63813601 0.1 0.09817477 2680 3780 layer5_eta2_phi25
C 5 -0.25 -0.53996124 0.1 0.09817477 2680 3780 layer5_eta2_phi26
C 5 -0.25 -0.44178647 0.1 0.09817477 2680 3780 layer5_eta2_phi27
C 5 -0.25 -0.3436117 0.1 0.09817477 2680 3780 layer5_eta2_phi28
C 5 -0.25 -0.24543693 0.1 0.09817477 2680 3780 layer5_eta2_phi29
C 5 -0.25 -0.14726216 0.1 0.09817477 2680 3780 layer5_eta2_phi30
C 5 -0.25 -0.04908739 0.1 0.09817477 2680 3780 layer5_eta2_phi31
C 5 -0.25 0.04908739 0.1 0.09817477 2680 3780 layer5_eta2_phi32
C 5 -0.25 0.14726216 0.1 0.09817477 2680 3780 layer5_eta2_phi33
C 5 -0.25 0.24543693 0.1 0.09817477 2680 3780 layer5_eta2_phi34
C 5 -0.25 0.3436117 0.1 0.09817477 2680 3780 layer5_eta2_phi35
C 5 -0.25 0.44178647 0.1 0.09817477 2680 3780 layer5_eta2_phi36
C 5 -0.25 0.53996124 0.1 0.09817477 2680 3780 layer5_eta2_phi37
C 5 -0.25 0.63813601 0.1 0.09817477 2680 3780 layer5_eta2_phi38
C 5 -0.25 0.73631078 0.1 0.09817477 2680 3780 layer5_eta2_phi39
C 5 -0.25 0.83448555 0.1 0.09817477 2680 3780 layer5_eta2_phi40
C 5 -0.25 0.93266032 0.1 0.09817477 2680 3780 layer5_eta2_phi41
C 5 -0.25 1.03083509 0.1 0.09817477 2680 3780 layer5_eta2_phi42
C 5 -0.25 1.12900986 0.1 0.09817477 2680 3780 layer5_eta2_phi43
C 5 -0.25 1.22718463 0.1 0.09817477 2680 3780 layer5_eta2_phi44
C 5 -0.25 1.3253594 0.1 0.09817477 2680 3780 layer5_eta2_phi45
C 5 -0.25 1.42353417 0.1 0.09817477 2680 3780 layer5_eta2_phi46
C 5 -0.25 1.52170894 0.1 0.09817477 2680 3780 layer5_eta2_phi47
C 5 -0.25 1.61988371 0.1 0.09817477 2680 3780 layer5_eta2_phi48
C 5 -0.25 1.71805848 0.1 0.09817477 2680 3780 layer5_eta2_phi49
C 5 -0.25 1.81623325 0.1 0.09817477 2680 3780 layer5_eta2_phi50
C 5 -0.25 1.91440802 0.1 0.09817477 2680 3780 layer5_eta2_phi51
C 5 -0.25 2.01258279 0.1 0.09817477 2680 3780 layer5_eta2_phi52
C 5 -0.25 2.11075756 0.1 0.09817477 2680 3780 layer5_eta2_phi53
C 5 -0.25 2.20893233 0.1 0.09817477 2680 3780 layer5_eta2_phi54
C 5 -0.25 2.3071071 0.1 0.09817477 2680 3780 layer5_eta2_phi55
C 5 -0.25 2.40528188 0.1 0.09817477 2680 3780 layer5_eta2_phi56
C 5 -0.25 2.50345665 0.1 0.09817477 2680 3780 layer5_eta2_phi57
C 5 -0.25 2.60163142 0.1 0.09817477 2680 3780 layer5_eta2_phi58
C 5 -0.25 2.69980619 0.1 0.09817477 2680 3780 layer5_eta2_phi59
C 5 -0.25 2.79798096 0.1 0.09817477 2680 3780 layer5_eta2_phi60
C 5 -0.25 2.89615573 0.1 0.09817477 2680 3780 layer5_eta2_phi61
C 5 -0.25 2.9943305 0.1 0.09817477 2680 3780 layer5_eta2_phi62
C 5 -0.25 3.09250527 0.1 0.09817477 2680 3780 layer5_eta2_phi63
C 5 -0.15 -3.09250527 0.1 0.09817477 2680 3780 layer5_eta3_phi0
C 5 -0.15 -2.9943305 0.1 0.09817477 2680 3780 layer5_eta3_phi1
C 5 -0.15 -2.89615573 0.1 0.09817477 2680 3780 layer5_eta3_phi2
C 5 -0.15 -2.79798096 0.1 0.09817477 2680 3780 layer5_eta3_phi3
C 5 -0.15 -2.69980619 0.1 0.09817477 2680 3780 layer5_eta3_phi4
C 5 -0.15 -2.60163142 0.1 0.09817477 2680 3780 layer5_eta3_phi5
C 5 -0.15 -2.50345665 0.1 0.09817477 2680 3780 layer5_eta3_phi6
C 5 -0.15 -2.40528188 0.1 0.09817477 2680 3780 layer5_eta3_phi7
C 5 -0.15 -2.3071071 0.1 0.09817477 2680 3780 layer5_eta3_phi8
C 5 -0.15 -2.20893233 0.1 0.09817477 2680 3780 layer5_eta3_phi9
C 5 -0.15 -2.11075756 0.1 0.09817477 2680 3780 layer5_eta3_phi10
C 5 -0.15 -2.01258279 0.1 0.09817477 2680 3780 layer5_eta3_phi11
C 5 -0.15 -1.91440802 0.1 0.09817477 2680 3780 layer5_eta3_phi12
C 5 -0.15 -1.81623325 0.1 0.09817477 2680 3780 layer5_eta3_phi13
C 5 -0.15 -1.71805848 0.1 0.09817477 2680 3780 layer5_eta3_phi14
C 5 -0.15 -1.61988371 0.1 0.09817477 2680 3780 layer5_eta3_phi15
C 5 -0.15 -1.52170894 0.1 0.09817477 2680 3780 layer5_eta3_phi16
C 5 -0.15 -1.42353417 0.1 0.09817477 2680 3780 layer5_eta3_phi17
C 5 -0.15 -1.3253594 0.1 0.09817477 2680 3780 layer5_eta3_phi18
C 5 -0.15 -1.22718463 0.1 0.09817477 2680 3780 layer5_eta3_phi19
C 5 -0.15 -1.12900986 0.1 0.09817477 2680 3780 layer5_eta3_phi20
C 5 -0.15 -1.03083509 0.1 0.09817477 2680 3780 layer5_eta3_phi21
C 5 -0.15 -0.93266032 0.1 0.09817477 2680 3780 layer5_eta3_phi22
C 5 -0.15 -0.83448555 0.1 0.09817477 2680 3780 layer5_eta3_phi23
C 5 -0.15 -0.73631078 0.1 0.09817477 2680 3780 layer5_eta3_phi24
C 5 -0.15 -0.63813601 0.1 0.09817477 2680 3780 layer5_eta3_phi25
C 5 -0.15 -0.53996124 0.1 0.09817477 2680 3780 layer5_eta3_phi26
C 5 -0.15 -0.44178647 0.1 0.09817477 2680 3780 layer5_eta3_phi27
C 5 -0.15 -0.3436117 0.1 0.09817477 2680 3780 layer5_eta3_phi28
C 5 -0.15 -0.24543693 0.1 0.09817477 2680 3780 layer5_eta3_phi29
C 5 -0.15 -0.14726216 0.1 0.09817477 2680 3780 layer5_eta3_phi30
C 5 -0.15 -0.04908739 0.1 0.09817477 2680 3780 layer5_eta3_phi31
C 5 -0.15 0.04908739 0.1 0.09817477 2680 3780 layer5_eta3_phi32
C 5 -0.15 0.14726216 0.1 0.09817477 2680 3780 layer5_eta3_phi33
C 5 -0.15 0.24543693 0.1 0.09817477 2680 3780 layer5_eta3_phi34
C 5 -0.15 0.3436117 0.1 0.09817477 2680 3780 layer5_eta3_phi35
C 5 -0.15 0.44178647 0.1 0.09817477 2680 3780 layer5_eta3_phi36
C 5 -0.15 0.53996124 0.1 0.09817477 2680 3780 layer5_eta3_phi37
C 5 -0.15 0.63813601 0.1 0.09817477 2680 3780 layer5_eta3_phi38
C 5 -0.15 0.73631078 0.1 0.09817477 2680 3780 layer5_eta3_phi39
C 5 -0.15 0.83448555 0.1 0.09817477 2680 3780 layer5_eta3_phi40
C 5 -0.15 0.93266032 0.1 0.09817477 2680 3780 layer5_eta3_phi41
C 5 -0.15 1.03083509 0.1 0.09817477 2680 3780 layer5_eta3_phi42
C 5 -0.15 1.12900986 0.1 0.09817477 2680 3780 layer5_eta3_phi43
C 5 -0.15 1.22718463 0.1 0.09817477 2680 3780 layer5_eta3_phi44
C 5 -0.15 1.3253594 0.1 0.09817477 2680 3780 layer5_eta3_phi45
C 5 -0.15 1.42353417 0.1 0.09817477 2680 3780 layer5_eta3_phi46
C 5 -0.15 1.52170894 0.1 0.09817477 2680 3780 layer5_eta3_phi47
C 5 -0.15 1.61988371 0.1 0.09817477 2680 3780 layer5_eta3_phi48
C 5 -0.15 1.71805848 0.1 0.09817477 2680 3780 layer5_eta3_phi49
C 5 -0.15 1.81623325 0.1 0.09817477 2680 3780 layer5_eta3_phi50
C 5 -0.15 1.91440802 0.1 0.09817477 2680 3780 layer5_eta3_phi51
C 5 -0.15 2.01258279 0.1 0.09817477 2680 3780 layer5_eta3_phi52
C 5 -0.15 2.11075756 0.1 0.09817477 2680 3780 layer5_eta3_phi53
C 5 -0.15 2.20893233 0.1 0.09817477 2680 3780 layer5_eta3_phi54
C 5 -0.15 2.3071071 0.1 0.09817477 2680 3780 layer5_eta3_phi55
C 5 -0.15 2.40528188 0.1 0.09817477 2680 3780 layer5_eta3_phi56
C 5 -0.15 2.50345665 0.1 0.09817477 2680 3780 layer5_eta3_phi57
C 5 -0.15 2.60163142 0.1 0.09817477 2680 3780 layer5_eta3_phi58
C 5 -0.15 2.69980619 0.1 0.09817477 2680 3780 layer5_eta3_phi59
C 5 -0.15 2.79798096 0.1 0.09817477 2680 3780 layer5_eta3_phi60
C 5 -0.15 2.89615573 0.1 0.09817477 2680 3780 layer5_eta3_phi61
C 5 -0.15 2.9943305 0.1 0.09817477 2680 3780 layer5_eta3_phi62
C 5 -0.15 3.09250527 0.1 0.09817477 2680 3780 layer5_eta3_phi63
C 5 -0.05 -3.09250527 0.1 0.09817477 2680 3780 layer5_eta4_phi0
C 5 -0.05 -2.9943305 0.1 0.09817477 2680 3780 layer5_eta4_phi1
C 5 -0.05 -2.89615573 0.1 0.09817477 2680 3780 layer5_eta4_phi2
C 5 -0.05 -2.79798096 0.1 0.09817477 2680 3780 layer5_eta4_phi3
C 5 -0.05 -2.69980619 0.1 0.09817477 2680 3780 layer5_eta4_phi4
C 5 -0.05 -2.60163142 0.1 0.09817477 2680 3780 layer5_eta4_phi5
C 5 -0.05 -2.50345665 0.1 0.09817477 2680 3780 layer5_eta4_phi6
C 5 -0.05 -2.40528188 0.1 0.09817477 2680 3780 layer5_eta4_phi7
C 5 -0.05 -2.3071071 0.1 0.09817477 2680 3780 layer5_eta4_phi8
C 5 -0.05 -2.20893233 0.1 0.09817477 2680 3780 layer5_eta4_phi9
C 5 -0.05 -2.11075756 0.1 0.09817477 2680 3780 layer5_eta4_phi10
C 5 -0.05 -2.01258279 0.1 0.09817477 2680 3780 layer5_eta4_phi11
C 5 -0.05 -1.91440802 0.1 0.09817477 2680 3780 layer5_eta4_phi12
C 5 -0.05 -1.81623325 0.1 0.09817477 2680 3780 layer5_eta4_phi13
C 5 -0.05 -1.71805848 0.1 0.09817477 2680 3780 layer5_eta4_phi14
C 5 -0.05 -1.61988371 0.1 0.09817477 2680 3780 layer5_eta4_phi15
C 5 -0.05 -1.52170894 0.1 0.09817477 2680 3780 layer5_eta4_phi16
C 5 -0.05 -1.42353417 0.1 0.09817477 2680 3780 layer5_eta4_phi17
C 5 -0.05 -1.3253594 0.1 0.09817477 2680 3780 layer5_eta4_phi18
C 5 -0.05 -1.22718463 0.1 0.09817477 2680 3780 layer5_eta4_phi19
C 5 -0.05 -1.12900986 0.1 0.09817477 2680 3780 layer5_eta4_phi20
C 5 -0.05 -1.03083509 0.1 0.09817477 2680 3780 layer5_eta4_phi21
C 5 -0.05 -0.93266032 0.1 0.09817477 2680 3780 layer5_eta4_phi22
C 5 -0.05 -0.83448555 0.1 0.09817477 2680 3780 layer5_eta4_phi23
C 5 -0.05 -0.73631078 0.1 0.09817477 2680 3780 layer5_eta4_phi24
C 5 -0.05 -0.63813601 0.1 0.09817477 2680 3780 layer5_eta4_phi25
C 5 -0.05 -0.53996124 0.1 0.09817477 2680 3780 layer5_eta4_phi26
C 5 -0.05 -0.44178647 0.1 0.09817477 2680 3780 layer5_eta4_phi27
C 5 -0.05 -0.3436117 0.1 0.09817477 2680 3780 layer5_eta4_phi28
C 5 -0.05 -0.24543693 0.1 0.09817477 2680 3780 layer5_eta4_phi29
C 5 -0.05 -0.14726216 0.1 0.09817477 2680 3780 layer5_eta4_phi30
C 5 -0.05 -0.04908739 0.1 0.09817477 2680 3780 layer5_eta4_phi31
C 5 -0.05 0.04908739 0.1 0.09817477 2680 3780 layer5_eta4_phi32
C 5 -0.05 0.14726216 0.1 0.09817477 2680 3780 layer5_eta4_phi33
C 5 -0.05 0.24543693 0.1 0.09817477 2680 3780 layer5_eta4_phi34
C 5 -0.05 0.3436117 0.1 0.09817477 2680 3780 layer5_eta4_phi35
C 5 -0.05 0.44178647 0.1 0.09817477 2680 3780 layer5_eta4_phi36
C 5 -0.05 0.53996124 0.1 0.09817477 2680 3780 layer5_eta4_phi37
C 5 -0.05 0.63813601 0.1 0.09817477 2680 3780 layer5_eta4_phi38
C 5 -0.05 0.73631078 0.1 0.09817477 2680 3780 layer5_eta4_phi39
C 5 -0.05 0.83448555 0.1 0.09817477 2680 3780 layer5_eta4_phi40
C 5 -0.05 0.93266032 0.1 0.09817477 2680 3780 layer5_eta4_phi41
C 5 -0.05 1.03083509 0.1 0.09817477 2680 3780 layer5_eta4_phi42
C 5 -0.05 1.12900986 0.1 0.09817477 2680 3780 layer5_eta4_phi43
C 5 -0.05 1.22718463 0.1 0.09817477 2680 3780 layer5_eta4_phi44
C 5 -0.05 1.3253594 0.1 0.09817477 2680 3780 layer5_eta4_phi45
C 5 -0.05 1.42353417 0.1 0.09817477 2680 3780 layer5_eta4_phi46
C 5 -0.05 1.52170894 0.1 0.09817477 2680 3780 layer5_eta4_phi47
C 5 -0.05 1.61988371 0.1 0.09817477 2680 3780 layer5_eta4_phi48
C 5 -0.05 1.71805848 0.1 0.09817477 2680 3780 layer5_eta4_phi49
C 5 -0.05 1.81623325 0.1 0.09817477 2680 3780 layer5_eta4_phi50
C 5 -0.05 1.91440802 0.1 0.09817477 2680 3780 layer5_eta4_phi51
C 5 -0.05 2.01258279 0.1 0.09817477 2680 3780 layer5_eta4_phi52
C 5 -0.05 2.11075756 0.1 0.09817477 2680 3780 layer5_eta4_phi53
C 5 -0.05 2.20893233 0.1 0.09817477 2680 3780 layer5_eta4_phi54
C 5 -0.05 2.3071071 0.1 0.09817477 2680 3780 layer5_eta4_phi55
C 5 -0.05 2.40528188 0.1 0.09817477 2680 3780 layer5_eta4_phi56
C 5 -0.05 2.50345665 0.1 0.09817477 2680 3780 layer5_eta4_phi57
C 5 -0.05 2.60163142 0.1 0.09817477 2680 3780 layer5_eta4_phi58
C 5 -0.05 2.69980619 0.1 0.09817477 2680 3780 layer5_eta4_phi59
C 5 -0.05 2.79798096 0.1 0.09817477 2680 3780 layer5_eta4_phi60
C 5 -0.05 2.89615573 0.1 0.09817477 2680 3780 layer5_eta4_phi61
C 5 -0.05 2.9943305 0.1 0.09817477 2680 3780 layer5_eta4_phi62
C 5 -0.05 3.09250527 0.1 0.09817477 2680 3780 layer5_eta4_phi63
C 5 0.05 -3.09250527 0.1 0.09817477 2680 3780 layer5_eta5_phi0
C 5 0.05 -2.9943305 0.1 0.09817477 2680 3780 layer5_eta5_phi1
C 5 0.05 -2.89615573 0.1 0.09817477 2680 3780 layer5_eta5_phi2
C 5 0.05 -2.79798096 0.1 0.09817477 2680 3780 layer5_eta5_phi3
C 5 0.05 -2.69980619 0.1 0.09817477 2680 3780 layer5_eta5_phi4
C 5 0.05 -2.60163142 0.1 0.09817477 2680 3780 layer5_eta5_phi5
C 5 0.05 -2.50345665 0.1 0.09817477 2680 3780 layer5_eta5_phi6
C 5 0.05 -2.40528188 0.1 0.09817477 2680 3780 layer5_eta5_phi7
C 5 0.05 -2.3071071 0.1 0.09817477 2680 3780 layer5_eta5_phi8
C 5 0.05 -2.20893233 0.1 0.09817477 2680 3780 layer5_eta5_phi9
C 5 0.05 -2.11075756 0.1 0.09817477 2680 3780 layer5_eta5_phi10
C 5 0.05 -2.01258279 0.1 0.09817477 2680 3780 layer5_eta5_phi11
C 5 0.05 -1.91440802 0.1 0.09817477 2680 3780 layer5_eta5_phi12
C 5 0.05 -1.81623325 0.1 0.09817477 2680 3780 layer5_eta5_phi13
C 5 0.05 -1.71805848 0.1 0.09817477 2680 3780 layer5_eta5_phi14
C 5 0.05 -1.61988371 0.1 0.09817477 2680 3780 layer5_eta5_phi15
C 5 0.05 -1.52170894 0.1 0.09817477 2680 3780 layer5_eta5_phi16
C 5 0.05 -1.42353417 0.1 0.09817477 2680 3780 layer5_eta5_phi17
C 5 0.05 -1.3253594 0.1 0.09817477 2680 3780 layer5_eta5_phi18
C 5 0.05 -1.22718463 0.1 0.09817477 2680 3780 layer5_eta5_phi19
C 5 0.05 -1.12900986 0.1 0.09817477 2680 3780 layer5_eta5_phi20
C 5 0.05 -1.03083509 0.1 0.09817477 2680 3780 layer5_eta5_phi21
C 5 0.05 -0.93266032 0.1 0.09817477 2680 3780 layer5_eta5_phi22
C 5 0.05 -0.83448555 0.1 0.09817477 2680 3780 layer5_eta5_phi23
C 5 0.05 -0.73631078 0.1 0.09817477 2680 3780 layer5_eta5_phi24
C 5 0.05 -0.63813601 0.1 0.09817477 2680 3780 layer5_eta5_phi25
C 5 0.05 -0.53996124 0.1 0.09817477 2680 3780 layer5_eta5_phi26
C 5 0.05 -0.44178647 0.1 0.09817477 2680 3780 layer5_eta5_phi27
C 5 0.05 -0.3436117 0.1 0.09817477 2680 3780 layer5_eta5_phi28
C 5 0.05 -0.24543693 0.1 0.09817477 2680 3780 layer5_eta5_phi29
C 5 0.05 -0.14726216 0.1 0.09817477 2680 3780 layer5_eta5_phi30
C 5 0.05 -0.04908739 0.1 0.09817477 2680 3780 layer5_eta5_phi31
C 5 0.05 0.04908739 0.1 0.09817477 2680 3780 layer5_eta5_phi32
C 5 0.05 0.14726216 0.1 0.09817477 2680 3780 layer5_eta5_phi33
C 5 0.05 0.24543693 0.1 0.09817477 2680 3780 layer5_eta5_phi34
C 5 0.05 0.3436117 0.1 0.09817477 2680 3780 layer5_eta5_phi35
C 5 0.05 0.44178647 0.1 0.09817477 2680 3780 layer5_eta5_phi36
C 5 0.05 0.53996124 0.1 0.09817477 2680 3780 layer5_eta5_phi37
C 5 0.05 0.63813601 0.1 0.09817477 2680 3780 layer5_eta5_phi38
C 5 0.05 0.73631078 0.1 0.09817477 2680 3780 layer5_eta5_phi39
C 5 0.05 0.83448555 0.1 0.09817477 2680 3780 layer5_eta5_phi40
C 5 0.05 0.93266032 0.1 0.09817477 2680 3780 layer5_eta5_phi41
C 5 0.05 1.03083509 0.1 0.09817477 2680 3780 layer5_eta5_phi42
C 5 0.05 1.12900986 0.1 0.09817477 2680 3780 layer5_eta5_phi43
C 5 0.05 1.22718463 0.1 0.09817477 2680 3780 layer5_eta5_phi44
C 5 0.05 1.3253594 0.1 0.09817477 2680 3780 layer5_eta5_phi45
C 5 0.05 1.42353417 0.1 0.09817477 2680 3780 layer5_eta5_phi46
C 5 0.05 1.52170894 0.1 0.09817477 2680 3780 layer5_eta5_phi47
C 5 0.05 1.61988371 0.1 0.09817477 2680 3780 layer5_eta5_phi48
C 5 0.05 1.71805848 0.1 0.09817477 2680 3780 layer5_eta5_phi49
C 5 0.05 1.81623325 0.1 0.09817477 2680 3780 layer5_eta5_phi50
C 5 0.05 1.91440802 0.1 0.09817477 2680 3780 layer5_eta5_phi51
C 5 0.05 2.01258279 0.1 0.09817477 2680 3780 layer5_eta5_phi52
C 5 0.05 2.11075756 0.1 0.09817477 2680 3780 layer5_eta5_phi53
C 5 0.05 2.20893233 0.1 0.09817477 2680 3780 layer5_eta5_phi54
C 5 0.05 2.3071071 0.1 0.09817477 2680 3780 layer5_eta5_phi55
C 5 0.05 2.40528188 0.1 0.09817477 2680 3780 layer5_eta5_phi56
C 5 0.05 2.50345665 0.1 0.09817477 2680 3780 layer5_eta5_phi57
C 5 0.05 2.60163142 0.1 0.09817477 2680 3780 layer5_eta5_phi58
C 5 0.05 2.69980619 0.1 0.09817477 2680 3780 layer5_eta5_phi59
C 5 0.05 2.79798096 0.1 0.09817477 2680 3780 layer5_eta5_phi60
C 5 0.05 2.89615573 0.1 0.09817477 2680 3780 layer5_eta5_phi61
C 5 0.05 2.9943305 0.1 0.09817477 2680 3780 layer5_eta5_phi62
C 5 0.05 3.09250527 0.1 0.09817477 2680 3780 layer5_eta5_phi63
C 5 0.15 -3.09250527 0.1 0.09817477 2680 3780 layer5_eta6_phi0
C 5 0.15 -2.9943305 0.1 0.09817477 2680 3780 layer5_eta6_phi1
C 5 0.15 -2.89615573 0.1 0.09817477 2680 3780 layer5_eta6_phi2
C 5 0.15 -2.79798096 0.1 0.09817477 2680 3780 layer5_eta6_phi3
C 5 0.15 -2.69980619 0.1 0.09817477 2680 3780 layer5_eta6_phi4
C 5 0.15 -2.60163142 0.1 0.09817477 2680 3780 layer5_eta6_phi5
C 5 0.15 -2.50345665 0.1 0.09817477 2680 3780 layer5_eta6_phi6
C 5 0.15 -2.40528188 0.1 0.09817477 2680 3780 layer5_eta6_phi7
C 5 0.15 -2.3071071 0.1 0.09817477 2680 3780 layer5_eta6_phi8
C 5 0.15 -2.20893233 0.1 0.09817477 2680 3780 layer5_eta6_phi9
C 5 0.15 -2.11075756 0.1 0.09817477 2680 3780 layer5_eta6_phi10
C 5 0.15 -2.01258279 0.1 0.09817477 2680 3780 layer5_eta6_phi11
C 5 0.15 -1.91440802 0.1 0.09817477 2680 3780 layer5_eta6_phi12
C 5 0.15 -1.81623325 0.1 0.09817477 2680 3780 layer5_eta6_phi13
C 5 0.15 -1.71805848 0.1 0.09817477 2680 3780 layer5_eta6_phi14
C 5 0.15 -1.61988371 0.1 0.09817477 2680 3780 layer5_eta6_phi15
C 5 0.15 -1.52170894 0.1 0.09817477 2680 3780 layer5_eta6_phi16
C 5 0.15 -1.42353417 0.1 0.09817477 2680 3780 layer5_eta6_phi17
C 5 0.15 -1.3253594 0.1 0.09817477 2680 3780 layer5_eta6_phi18
C 5 0.15 -1.22718463 0.1 0.09817477 2680 3780 layer5_eta6_phi19
C 5 0.15 -1.12900986 0.1 0.09817477 2680 3780 layer5_eta6_phi20
C 5 0.15 -1.03083509 0.1 0.09817477 2680 3780 layer5_eta6_phi21
C 5 0.15 -0.93266032 0.1 0.09817477 2680 3780 layer5_eta6_phi22
C 5 0.15 -0.83448555 0.1 0.09817477 2680 3780 layer5_eta6_phi23
C 5 0.15 -0.73631078 0.1 0.09817477 2680 3780 layer5_eta6_phi24
C 5 0.15 -0.63813601 0.1 0.09817477 2680 3780 layer5_eta6_phi25
C 5 0.15 -0.53996124 0.1 0.09817477 2680 3780 layer5_eta6_phi26
C 5 0.15 -0.44178647 0.1 0.09817477 2680 3780 layer5_eta6_phi27
C 5 0.15 -0.3436117 0.1 0.09817477 2680 3780 layer5_eta6_phi28
C 5 0.15 -0.24543693 0.1 0.09817477 2680 3780 layer5_eta6_phi29
C 5 0.15 -0.14726216 0.1 0.09817477 2680 3780 layer5_eta6_phi30
C 5 0.15 -0.04908739 0.1 0.09817477 2680 3780 layer5_eta6_phi31
C 5 0.15 0.04908739 0.1 0.09817477 2680 3780 layer5_eta6_phi32
C 5 0.15 0.14726216 0.1 0.09817477 2680 3780 layer5_eta6_phi33
C 5 0.15 0.24543693 0.1 0.09817477 2680 3780 layer5_eta6_phi34
C 5 0.15 0.3436117 0.1 0.09817477 2680 3780 layer5_eta6_phi35
C 5 0.15 0.44178647 0.1 0.09817477 2680 3780 layer5_eta6_phi36
C 5 0.15 0.53996124 0.1 0.09817477 2680 3780 layer5_eta6_phi37
C 5 0.15 0.63813601 0.1 0.09817477 2680 3780 layer5_eta6_phi38
C 5 0.15 0.73631078 0.1 0.09817477 2680 3780 layer5_eta6_phi39
C 5 0.15 0.83448555 0.1 0.09817477 2680 3780 layer5_eta6_phi40
C 5 0.15 0.93266032 0.1 0.09817477 2680 3780 layer5_eta6_phi41
C 5 0.15 1.03083509 0.1 0.09817477 2680 3780 layer5_eta6_phi42
C 5 0.15 1.12900986 0.1 0.09817477 2680 3780 layer5_eta6_phi43
C 5 0.15 1.22718463 0.1 0.09817477 2680 3780 layer5_eta6_phi44
C 5 0.15 1.3253594 0.1 0.09817477 2680 3780 layer5_eta6_phi45
C 5 0.15 1.42353417 0.1 0.09817477 2680 3780 layer5_eta6_phi46
C 5 0.15 1.52170894 0.1 0.09817477 2680 3780 layer5_eta6_phi47
C 5 0.15 1.61988371 0.1 0.09817477 2680 3780 layer5_eta6_phi48
C 5 0.15 1.71805848 0.1 0.09817477 2680 3780 layer5_eta6_phi49
C 5 0.15 1.81623325 0.1 0.09817477 2680 3780 layer5_eta6_phi50
C 5 0.15 1.91440802 0.1 0.09817477 2680 3780 layer5_eta6_phi51
C 5 0.15 2.01258279 0.1 0.09817477 2680 3780 layer5_eta6_phi52
C 5 0.15 2.11075756 0.1 0.09817477 2680 3780 layer5_eta6_phi53
C 5 0.15 2.20893233 0.1 0.09817477 2680 3780 layer5_eta6_phi54
C 5 0.15 2.3071071 0.1 0.09817477 2680 3780 layer5_eta6_phi55
C 5 0.15 2.40528188 0.1 0.09817477 2680 3780 layer5_eta6_phi56
C 5 0.15 2.50345665 0.1 0.09817477 2680 3780 layer5_eta6_phi57
C 5 0.15 2.60163142 0.1 0.09817477 2680 3780 layer5_eta6_phi58
C 5 0.15 2.69980619 0.1 0.09817477 2680 3780 layer5_eta6_phi59
C 5 0.15 2.79798096 0.1 0.09817477 2680 3780 layer5_eta6_phi60
C 5 0.15 2.89615573 0.1 0.09817477 2680 3780 layer5_eta6_phi61
C 5 0.15 2.9943305 0.1 0.09817477 2680 3780 layer5_eta6_phi62
C 5 0.15 3.09250527 0.1 0.09817477 2680 3780 layer5_eta6_phi63
C 5 0.25 -3.09250527 0.1 0.09817477 2680 3780 layer5_eta7_phi0
C 5 0.25 -2.9943305 0.1 0.09817477 2680 3780 layer5_eta7_phi1
C 5 0.25 -2.89615573 0.1 0.09817477 2680 3780 layer5_eta7_phi2
C 5 0.25 -2.79798096 0.1 0.09817477 2680 3780 layer5_eta7_phi3
C 5 0.25 -2.69980619 0.1 0.09817477 2680 3780 layer5_eta7_phi4
C 5 0.25 -2.60163142 0.1 0.09817477 2680 3780 layer5_eta7_phi5
C 5 0.25 -2.50345665 0.1 0.09817477 2680 3780 layer5_eta7_phi6
C 5 0.25 -2.40528188 0.1 0.09817477 2680 3780 layer5_eta7_phi7
C 5 0.25 -2.3071071 0.1 0.09817477 2680 3780 layer5_eta7_phi8
C 5 0.25 -2.20893233 0.1 0.09817477 2680 3780 layer5_eta7_phi9
C 5 0.25 -2.11075756 0.1 0.09817477 2680 3780 layer5_eta7_phi10
C 5 0.25 -2.01258279 0.1 0.09817477 2680 3780 layer5_eta7_phi11
C 5 0.25 -1.91440802 0.1 0.09817477 2680 3780 layer5_eta7_phi12
C 5 0.25 -1.81623325 0.1 0.09817477 2680 3780 layer5_eta7_phi13
C 5 0.25 -1.71805848 0.1 0.09817477 2680 3780 layer5_eta7_phi14
C 5 0.25 -1.61988371 0.1 0.09817477 2680 3780 layer5_eta7_phi15
C 5 0.25 -1.52170894 0.1 0.09817477 2680 3780 layer5_eta7_phi16
C 5 0.25 -1.42353417 0.1 0.09817477 2680 3780 layer5_eta7_phi17
C 5 0.25 -1.3253594 0.1 0.09817477 2680 3780 layer5_eta7_phi18
C 5 0.25 -1.22718463 0.1 0.09817477 2680 3780 layer5_eta7_phi19
C 5 0.25 -1.12900986 0.1 0.09817477 2680 3780 layer5_eta7_phi20
C 5 0.25 -1.03083509 0.1 0.09817477 2680 3780 layer5_eta7_phi21
C 5 0.25 -0.93266032 0.1 0.09817477 2680 3780 layer5_eta7_phi22
C 5 0.25 -0.83448555 0.1 0.09817477 2680 3780 layer5_eta7_phi23
C 5 0.25 -0.73631078 0.1 0.09817477 2680 3780 layer5_eta7_phi24
C 5 0.25 -0.63813601 0.1 0.09817477 2680 3780 layer5_eta7_phi25
C 5 0.25 -0.53996124 0.1 0.09817477 2680 3780 layer5_eta7_phi26
C 5 0.25 -0.44178647 0.1 0.09817477 2680 3780 layer5_eta7_phi27
C 5 0.25 -0.3436117 0.1 0.09817477 2680 3780 layer5_eta7_phi28
C 5 0.25 -0.24543693 0.1 0.09817477 2680 3780 layer5_eta7_phi29
C 5 0.25 -0.14726216 0.1 0.09817477 2680 3780 layer5_eta7_phi30
C 5 0.25 -0.04908739 0.1 0.09817477 2680 3780 layer5_eta7_phi31
C 5 0.25 0.04908739 0.1 0.09817477 2680 3780 layer5_eta7_phi32
C 5 0.25 0.14726216 0.1 0.09817477 2680 3780 layer5_eta7_phi33
C 5 0.25 0.24543693 0.1 0.09817477 2680 3780 layer5_eta7_phi34
C 5 0.25 0.3436117 0.1 0.09817477 2680 3780 layer5_eta7_phi35
C 5 0.25 0.44178647 0.1 0.09817477 2680 3780 layer5_eta7_phi36
C 5 0.25 0.53996124 0.1 0.09817477 2680 3780 layer5_eta7_phi37
C 5 0.25 0.63813601 0.1 0.09817477 2680 3780 layer5_eta7_phi38
C 5 0.25 0.73631078 0.1 0.09817477 2680 3780 layer5_eta7_phi39
C 5 0.25 0.83448555 0.1 0.09817477 2680 3780 layer5_eta7_phi40
C 5 0.25 0.93266032 0.1 0.09817477 2680 3780 layer5_eta7_phi41
C 5 0.25 1.03083509 0.1 0.09817477 2680 3780 layer5_eta7_phi42
C 5 0.25 1.12900986 0.1 0.09817477 2680 3780 layer5_eta7_phi43
C 5 0.25 1.22718463 0.1 0.09817477 2680 3780 layer5_eta7_phi44
C 5 0.25 1.3253594 0.1 0.09817477 2680 3780 layer5_eta7_phi45
C 5 0.25 1.42353417 0.1 0.09817477 2680 3780 layer5_eta7_phi46
C 5 0.25 1.52170894 0.1 0.09817477 2680 3780 layer5_eta7_phi47
C 5 0.25 1.61988371 0.1 0.09817477 2680 3780 layer5_eta7_phi48
C 5 0.25 1.71805848 0.1 0.09817477 2680 3780 layer5_eta7_phi49
C 5 0.25 1.81623325 0.1 0.09817477 2680 3780 layer5_eta7_phi50
C 5 0.25 1.91440802 0.1 0.09817477 2680 3780 layer5_eta7_phi51
C 5 0.25 2.01258279 0.1 0.09817477 2680 3780 layer5_eta7_phi52
C 5 0.25 2.11075756 0.1 0.09817477 2680 3780 layer5_eta7_phi53
C 5 0.25 2.20893233 0.1 0.09817477 2680 3780 layer5_eta7_phi54
C 5 0.25 2.3071071 0.1 0.09817477 2680 3780 layer5_eta7_phi55
C 5 0.25 2.40528188 0.1 0.09817477 2680 3780 layer5_eta7_phi56
C 5 0.25 2.50345665 0.1 0.09817477 2680 3780 layer5_eta7_phi57
C 5 0.25 2.60163142 0.1 0.09817477 2680 3780 layer5_eta7_phi58
C 5 0.25 2.69980619 0.1 0.09817477 2680 3780 layer5_eta7_phi59
C 5 0.25 2.79798096 0.1 0.09817477 2680 3780 layer5_eta7_phi60
C 5 0.25 2.89615573 0.1 0.09817477 2680 3780 layer5_eta7_phi61
C 5 0.25 2.9943305 0.1 0.09817477 2680 3780 layer5_eta7_phi62
C 5 0.25 3.09250527 0.1 0.09817477 2680 3780 layer5_eta7_phi63
C 5 0.35 -3.09250527 0.1 0.09817477 2680 3780 layer5_eta8_phi0
C 5 0.35 -2.9943305 0.1 0.09817477 2680 3780 layer5_eta8_phi1
C 5 0.35 -2.89615573 0.1 0.09817477 2680 3780 layer5_eta8_phi2
C 5 0.35 -2.79798096 0.1 0.09817477 2680 3780 layer5_eta8_phi3
C 5 0.35 -2.69980619 0.1 0.09817477 2680 3780 layer5_eta8_phi4
C 5 0.35 -2.60163142 0.1 0.09817477 2680 3780 layer5_eta8_phi5
C 5 0.35 -2.50345665 0.1 0.09817477 2680 3780 layer5_eta8_phi6
C 5 0.35 -2.40528188 0.1 0.09817477 2680 3780 layer5_eta8_phi7
C 5 0.35 -2.3071071 0.1 0.09817477 2680 3780 layer5_eta8_phi8
C 5 0.35 -2.20893233 0.1 0.09817477 2680 3780 layer5_eta8_phi9
C 5 0.35 -2.11075756 0.1 0.09817477 2680 3780 layer5_eta8_phi10
C 5 0.35 -2.01258279 0.1 0.09817477 2680 3780 layer5_eta8_phi11
C 5 0.35 -1.91440802 0.1 0.09817477 2680 3780 layer5_eta8_phi12
C 5 0.35 -1.81623325 0.1 0.09817477 2680 3780 layer5_eta8_phi13
C 5 0.35 -1.71805848 0.1 0.09817477 2680 3780 layer5_eta8_phi14
C 5 0.35 -1.61988371 0.1 0.09817477 2680 3780 layer5_eta8_phi15
C 5 0.35 -1.52170894 0.1 0.09817477 2680 3780 layer5_eta8_phi16
C 5 0.35 -1.42353417 0.1 0.09817477 2680 3780 layer5_eta8_phi17
C 5 0.35 -1.3253594 0.1 0.09817477 2680 3780 layer5_eta8_phi18
C 5 0.35 -1.22718463 0.1 0.09817477 2680 3780 layer5_eta8_phi19
C 5 0.35 -1.12900986 0.1 0.09817477 2680 3780 layer5_eta8_phi20
C 5 0.35 -1.03083509 0.1 0.09817477 2680 3780 layer5_eta8_phi21
C 5 0.35 -0.93266032 0.1 0.09817477 2680 3780 layer5_eta8_phi22
C 5 0.35 -0.83448555 0.1 0.09817477 2680 3780 layer5_eta8_phi23
C 5 0.35 -0.73631078 0.1 0.09817477 2680 3780 layer5_eta8_phi24
C 5 0.35 -0.63813601 0.1 0.09817477 2680 3780 layer5_eta8_phi25
C 5 0.35 -0.53996124 0.1 0.09817477 2680 3780 layer5_eta8_phi26
C 5 0.35 -0.44178647 0.1 0.09817477 2680 3780 layer5_eta8_phi27
C 5 0.35 -0.3436117 0.1 0.09817477 2680 3780 layer5_eta8_phi28
C 5 0.35 -0.24543693 0.1 0.09817477 2680 3780 layer5_eta8_phi29
C 5 0.35 -0.14726216 0.1 0.09817477 2680 3780 layer5_eta8_phi30
C 5 0.35 -0.04908739 0.1 0.09817477 2680 3780 layer5_eta8_phi31
C 5 0.35 0.04908739 0.1 0.09817477 2680 3780 layer5_eta8_phi32
C 5 0.35 0.14726216 0.1 0.09817477 2680 3780 layer5_eta8_phi33
C 5 0.35 0.24543693 0.1 0.09817477 2680 3780 layer5_eta8_phi34
C 5 0.35 0.3436117 0.1 0.09817477 2680 3780 layer5_eta8_phi35
C 5 0.35 0.44178647 0.1 0.09817477 2680 3780 layer5_eta8_phi36
C 5 0.35 0.53996124 0.1 0.09817477 2680 3780 layer5_eta8_phi37
C 5 0.35 0.63813601 0.1 0.09817477 2680 3780 layer5_eta8_phi38
C 5 0.35 0.73631078 0.1 0.09817477 2680 3780 layer5_eta8_phi39
C 5 0.35 0.83448555 0.1 0.09817477 2680 3780 layer5_eta8_phi40
C 5 0.35 0.93266032 0.1 0.09817477 2680 3780 layer5_eta8_phi41
C 5 0.35 1.03083509 0.1 0.09817477 2680 3780 layer5_eta8_phi42
C 5 0.35 1.12900986 0.1 0.09817477 2680 3780 layer5_eta8_phi43
C 5 0.35 1.22718463 0.1 0.09817477 2680 3780 layer5_eta8_phi44
C 5 0.35 1.3253594 0.1 0.09817477 2680 3780 layer5_eta8_phi45
C 5 0.35 1.42353417 0.1 0.09817477 2680 3780 layer5_eta8_phi46
C 5 0.35 1.52170894 0.1 0.09817477 2680 3780 layer5_eta8_phi47
C 5 0.35 1.61988371 0.1 0.09817477 2680 3780 layer5_eta8_phi48
C 5 0.35 1.71805848 0.1 0.09817477 2680 3780 layer5_eta8_phi49
C 5 0.35 1.81623325 0.1 0.09817477 2680 3780 layer5_eta8_phi50
C 5 0.35 1.91440802 0.1 0.09817477 2680 3780 layer5_eta8_phi51
C 5 0.35 2.01258279 0.1 0.09817477 2680 3780 layer5_eta8_phi52
C 5 0.35 2.11075756 0.1 0.09817477 2680 3780 layer5_eta8_phi53
C 5 0.35 2.20893233 0.1 0.09817477 2680 3780 layer5_eta8_phi54
C 5 0.35 2.3071071 0.1 0.09817477 2680 3780 layer5_eta8_phi55
C 5 0.35 2.40528188 0.1 0.09817477 2680 3780 layer5_eta8_phi56
C 5 0.35 2.50345665 0.1 0.09817477 2680 3780 layer5_eta8_phi57
C 5 0.35 2.60163142 0.1 0.09817477 2680 3780 layer5_eta8_phi58
C 5 0.35 2.69980619 0.1 0.09817477 2680 3780 layer5_eta8_phi59
C 5 0.35 2.79798096 0.1 0.09817477 2680 3780 layer5_eta8_phi60
C 5 0.35 2.89615573 0.1 0.09817477 2680 3780 layer5_eta8_phi61
C 5 0.35 2.9943305 0.1 0.09817477 2680 3780 layer5_eta8_phi62
C 5 0.35 3.09250527 0.1 0.09817477 2680 3780 layer5_eta8_phi63
C 5 0.45 -3.09250527 0.1 0.09817477 2680 3780 layer5_eta9_phi0
C 5 0.45 -2.9943305 0.1 0.09817477 2680 3780 layer5_eta9_phi1
C 5 0.45 -2.89615573 0.1 0.09817477 2680 3780 layer5_eta9_phi2
C 5 0.45 -2.79798096 0.1 0.09817477 2680 3780 layer5_eta9_phi3
C 5 0.45 -2.69980619 0.1 0.09817477 2680 3780 layer5_eta9_phi4
C 5 0.45 -2.60163142 0.1 0.09817477 2680 3780 layer5_eta9_phi5
C 5 0.45 -2.50345665 0.1 0.09817477 2680 3780 layer5_eta9_phi6
C 5 0.45 -2.40528188 0.1 0.09817477 2680 3780 layer5_eta9_phi7
C 5 0.45 -2.3071071 0.1 0.09817477 2680 3780 layer5_eta9_phi8
C 5 0.45 -2.20893233 0.1 0.09817477 2680 3780 layer5_eta9_phi9
C 5 0.45 -2.11075756 0.1 0.09817477 2680 3780 layer5_eta9_phi10
C 5 0.45 -2.01258279 0.1 0.09817477 2680 3780 layer5_eta9_phi11
C 5 0.45 -1.91440802 0.1 0.09817477 2680 3780 layer5_eta9_phi12
C 5 0.45 -1.81623325 0.1 0.09817477 2680 3780 layer5_eta9_phi13
C 5 0.45 -1.71805848 0.1 0.09817477 2680 3780 layer5_eta9_phi14
C 5 0.45 -1.61988371 0.1 0.09817477 2680 3780 layer5_eta9_phi15
C 5 0.45 -1.52170894 0.1 0.09817477 2680 3780 layer5_eta9_phi16
C 5 0.45 -1.42353417 0.1 0.09817477 2680 3780 layer5_eta9_phi17
C 5 0.45 -1.3253594 0.1 0.09817477 2680 3780 layer5_eta9_phi18
C 5 0.45 -1.22718463 0.1 0.09817477 2680 3780 layer5_eta9_phi19
C 5 0.45 -1.12900986 0.1 0.09817477 2680 3780 layer5_eta9_phi20
C 5 0.45 -1.03083509 0.1 0.09817477 2680 3780 layer5_eta9_phi21
C 5 0.45 -0.93266032 0.1 0.09817477 2680 3780 layer5_eta9_phi22
C 5 0.45 -0.83448555 0.1 0.09817477 2680 3780 layer5_eta9_phi23
C 5 0.45 -0.73631078 0.1 0.09817477 2680 3780 layer5_eta9_phi24
C 5 0.45 -0.63813601 0.1 0.09817477 2680 3780 layer5_eta9_phi25
C 5 0.45 -0.53996124 0.1 0.09817477 2680 3780 layer5_eta9_phi26
C 5 0.45 -0.44178647 0.1 0.09817477 2680 3780 layer5_eta9_phi27
C 5 0.45 -0.3436117 0.1 0.09817477 2680 3780 layer5_eta9_phi28
C 5 0.45 -0.24543693 0.1 0.09817477 2680 3780 layer5_eta9_phi29
C 5 0.45 -0.14726216 0.1 0.09817477 2680 3780 layer5_eta9_phi30
C 5 0.45 -0.04908739 0.1 0.09817477 2680 3780 layer5_eta9_phi31
C 5 0.45 0.04908739 0.1 0.09817477 2680 3780 layer5_eta9_phi32
C 5 0.45 0.14726216 0.1 0.09817477 2680 3780 layer5_eta9_phi33
C 5 0.45 0.24543693 0.1 0.09817477 2680 3780 layer5_eta9_phi34
C 5 0.45 0.3436117 0.1 0.09817477 2680 3780 layer5_eta9_phi35
C 5 0.45 0.44178647 0.1 0.09817477 2680 3780 layer5_eta9_phi36
C 5 0.45 0.53996124 0.1 0.09817477 2680 3780 layer5_eta9_phi37
C 5 0.45 0.63813601 0.1 0.09817477 2680 3780 layer5_eta9_phi38
C 5 0.45 0.73631078 0.1 0.09817477 2680 3780 layer5_eta9_phi39
C 5 0.45 0.83448555 0.1 0.09817477 2680 3780 layer5_eta9_phi40
C 5 0.45 0.93266032 0.1 0.09817477 2680 3780 layer5_eta9_phi41
C 5 0.45 1.03083509 0.1 0.09817477 2680 3780 layer5_eta9_phi42
C 5 0.45 1.12900986 0.1 0.09817477 2680 3780 layer5_eta9_phi43
C 5 0.45 1.22718463 0.1 0.09817477 2680 3780 layer5_eta9_phi44
C 5 0.45 1.3253594 0.1 0.09817477 2680 3780 layer5_eta9_phi45
C 5 0.45 1.42353417 0.1 0.09817477 2680 3780 layer5_eta9_phi46
C 5 0.45 1.52170894 0.1 0.09817477 2680 3780 layer5_eta9_phi47
C 5 0.45 1.61988371 0.1 0.09817477 2680 3780 layer5_eta9_phi48
C 5 0.45 1.71805848 0.1 0.09817477 2680 3780 layer5_eta9_phi49
C 5 0.45 1.81623325 0.1 0.09817477 2680 3780 layer5_eta9_phi50
C 5 0.45 1.91440802 0.1 0.09817477 2680 3780 layer5_eta9_phi51
C 5 0.45 2.01258279 0.1 0.09817477 2680 3780 layer5_eta9_phi52
C 5 0.45 2.11075756 0.1 0.09817477 2680 3780 layer5_eta9_phi53
C 5 0.45 2.20893233 0.1 0.09817477 2680 3780 layer5_eta9_phi54
C 5 0.45 2.3071071 0.1 0.09817477 2680 3780 layer5_eta9_phi55
C 5 0.45 2.40528188 0.1 0.09817477 2680 3780 layer5_eta9_phi56
C 5 0.45 2.50345665 0.1 0.09817477 2680 3780 layer5_eta9_phi57
C 5 0.45 2.60163142 0.1 0.09817477 2680 3780 layer5_eta9_phi58
C 5 0.45 2.69980619 0.1 0.09817477 2680 3780 layer5_eta9_phi59
C 5 0.45 2.79798096 0.1 0.09817477 2680 3780 layer5_eta9_phi60
C 5 0.45 2.89615573 0.1 0.09817477 2680 3780 layer5_eta9_phi61
C 5 0.45 2.9943305 0.1 0.09817477 2680 3780 layer5_eta9_phi62
C 5 0.45 3.09250527 0.1 0.09817477 2680 3780 layer5_eta9_phi63
