# sample segmentation eta phi delta_eta delta_phi rmin rmax zmin zmax
config 7 0 0.94690263 1.77388728 2283.0 3383.0 3704.0 6534.0
eta_bins -1.7469 -1.6469 -1.5469 -1.4469 -1.3469 -1.2469 -1.1469 -1.0469 0.9469 1.0469 1.1469 1.2469 1.3469 1.4469 1.5469 1.6469 1.7469
phi_bins -3.1416 -3.0434 -2.9452 -2.8471 -2.7489 -2.6507 -2.5525 -2.4544 -2.3562 -2.258 -2.1598 -2.0617 -1.9635 -1.8653 -1.7671 -1.669 -1.5708 -1.4726 -1.3744 -1.2763 -1.1781 -1.0799 -0.9817 -0.8836 -0.7854 -0.6872 -0.589 -0.4909 -0.3927 -0.2945 -0.1963 -0.0982 0.0 0.0982 0.1963 0.2945 0.3927 0.4909 0.589 0.6872 0.7854 0.8836 0.9817 1.0799 1.1781 1.2763 1.3744 1.4726 1.5708 1.669 1.7671 1.8653 1.9635 2.0617 2.1598 2.258 2.3562 2.4544 2.5525 2.6507 2.7489 2.8471 2.9452 3.0434 3.1416
cell 7 -1.69690263 -3.09250527 0.1 0.09817477 2283.0 3383.0 3704.0 6534.0 70000000
cell 7 -1.69690263 -2.9943305 0.1 0.09817477 2283.0 3383.0 3704.0 6534.0 70000001
cell 7 -1.69690263 -2.89615573 0.1 0.09817477 2283.0 3383.0 3704.0 6534.0 70000002
cell 7 -1.69690263 -2.79798096 0.1 0.09817477 2283.0 3383.0 3704.0 6534.0 70000003
cell 7 -1.69690263 -2.69980619 0.1 0.09817477 2283.0 3383.0 3704.0 6534.0 70000004
cell 7 -1.69690263 -2.60163142 0.1 0.09817477 2283.0 3383.0 3704.0 6534.0 70000005
cell 7 -1.69690263 -2.50345665 0.1 0.09817477 2283.0 3383.0 3704.0 6534.0 70000006
cell 7 -1.69690263 -2.40528188 0.1 0.09817477 2283.0 3383.0 3704.0 6534.0 70000007
cell 7 -1.69690263 -2.3071071 0.1 0.09817477 2283.0 3383.0 3704.0 6534.0 70000008
cell 7 -1.69690263 -2.20893233 0.1 0.09817477 2283.0 3383.0 3704.0 6534.0 70000009
cell 7 -1.69690263 -2.11075756 0.1 0.09817477 2283.0 3383.0 3704.0 6534.0 70000010
cell 7 -1.69690263 -2.01258279 0.1 0.09817477 2283.0 3383.0 3704.0 6534.0 70000011
cell 7 -1.69690263 -1.91440802 0.1 0.09817477 2283.0 3383.0 3704.0 6534.0 70000012
cell 7 -1.69690263 -1.81623325 0.1 0.09817477 2283.0 3383.0 3704.0 6534.0 70000013
cell 7 -1.69690263 -1.71805848 0.1 0.09817477 2283.0 3383.0 3704.0 6534.0 70000014
cell 7 -1.69690263 -1.61988371 0.1 0.09817477 2283.0 3383.0 3704.0 6534.0 70000015
cell 7 -1.69690263 -1.52170894 0.1 0.09817477 2283.0 3383.0 3704.0 6534.0 70000016
cell 7 -1.69690263 -1.42353417 0.1 0.09817477 2283.0 3383.0 3704.0 6534.0 70000017
cell 7 -1.69690263 -1.3253594 0.1 0.09817477 2283.0 3383.0 3704.0 6534.0 70000018
cell 7 -1.69690263 -1.22718463 0.1 0.09817477 2283.0 3383.0 3704.0 6534.0 70000019
cell 7 -1.69690263 -1.12900986 0.1 0.09817477 2283.0 3383.0 3704.0 6534.0 70000020
cell 7 -1.69690263 -1.03083509 0.1 0.09817477 2283.0 3383.0 3704.0 6534.0 70000021
cell 7 -1.69690263 -0.93266032 0.1 0.09817477 2283.0 3383.0 3704.0 6534.0 70000022
cell 7 -1.69690263 -0.83448555 0.1 0.09817477 2283.0 3383.0 3704.0 6534.0 70000023
cell 7 -1.69690263 -0.73631078 0.1 0.09817477 2283.0 3383.0 3704.0 6534.0 70000024
cell 7 -1.69690263 -0.63813601 0.1 0.09817477 2283.0 3383.0 3704.0 6534.0 70000025
cell 7 -1.69690263 -0.53996124 0.1 0.09817477 2283.0 3383.0 3704.0 6534.0 70000026
cell 7 -1.69690263 -0.44178647 0.1 0.09817477 2283.0 3383.0 3704.0 6534.0 70000027
cell 7 -1.69690263 -0.3436117 0.1 0.09817477 2283.0 3383.0 3704.0 6534.0 70000028
cell 7 -1.69690263 -0.24543693 0.1 0.09817477 2283.0 3383.0 3704.0 6534.0 70000029
cell 7 -1.69690263 -0.14726216 0.1 0.09817477 2283.0 3383.0 3704.0 6534.0 70000030
cell 7 -1.69690263 -0.04908739 0.1 0.09817477 2283.0 3383.0 3704.0 6534.0 70000031
cell 7 -1.69690263 0.04908739 0.1 0.09817477 2283.0 3383.0 3704.0 6534.0 70000032
cell 7 -1.69690263 0.14726216 0.1 0.09817477 2283.0 3383.0 3704.0 6534.0 70000033
cell 7 -1.69690263 0.24543693 0.1 0.09817477 2283.0 3383.0 3704.0 6534.0 70000034
cell 7 -1.69690263 0.3436117 0.1 0.09817477 2283.0 3383.0 3704.0 6534.0 70000035
cell 7 -1.69690263 0.44178647 0.1 0.09817477 2283.0 3383.0 3704.0 6534.0 70000036
cell 7 -1.69690263 0.53996124 0.1 0.09817477 2283.0 3383.0 3704.0 6534.0 70000037
cell 7 -1.69690263 0.63813601 0.1 0.09817477 2283.0 3383.0 3704.0 6534.0 70000038
cell 7 -1.69690263 0.73631078 0.1 0.09817477 2283.0 3383.0 3704.0 6534.0 70000039
cell 7 -1.69690263 0.83448555 0.1 0.09817477 2283.0 3383.0 3704.0 6534.0 70000040
cell 7 -1.69690263 0.93266032 0.1 0.09817477 2283.0 3383.0 3704.0 6534.0 70000041
cell 7 -1.69690263 1.03083509 0.1 0.09817477 2283.0 3383.0 3704.0 6534.0 70000042
cell 7 -1.69690263 1.12900986 0.1 0.09817477 2283.0 3383.0 3704.0 6534.0 70000043
cell 7 -1.69690263 1.22718463 0.1 0.09817477 2283.0 3383.0 3704.0 6534.0 70000044
cell 7 -1.69690263 1.3253594 0.1 0.09817477 2283.0 3383.0 3704.0 6534.0 70000045
cell 7 -1.69690263 1.42353417 0.1 0.09817477 2283.0 3383.0 3704.0 6534.0 70000046
cell 7 -1.69690263 1.52170894 0.1 0.09817477 2283.0 3383.0 3704.0 6534.0 70000047
cell 7 -1.69690263 1.61988371 0.1 0.09817477 2283.0 3383.0 3704.0 6534.0 70000048
cell 7 -1.69690263 1.71805848 0.1 0.09817477 2283.0 3383.0 3704.0 6534.0 70000049
cell 7 -1.69690263 1.81623325 0.1 0.09817477 2283.0 3383.0 3704.0 6534.0 70000050
cell 7 -1.69690263 1.91440802 0.1 0.09817477 2283.0 3383.0 3704.0 6534.0 70000051
cell 7 -1.69690263 2.01258279 0.1 0.09817477 2283.0 3383.0 3704.0 6534.0 70000052
cell 7 -1.69690263 2.11075756 0.1 0.09817477 2283.0 3383.0 3704.0 6534.0 70000053
cell 7 -1.69690263 2.20893233 0.1 0.09817477 2283.0 3383.0 3704.0 6534.0 70000054
cell 7 -1.69690263 2.3071071 0.1 0.09817477 2283.0 3383.0 3704.0 6534.0 70000055
cell 7 -1.69690263 2.40528188 0.1 0.09817477 2283.0 3383.0 3704.0 6534.0 70000056
cell 7 -1.69690263 2.50345665 0.1 0.09817477 2283.0 3383.0 3704.0 6534.0 70000057
cell 7 -1.69690263 2.60163142 0.1 0.09817477 2283.0 3383.0 3704.0 6534.0 70000058
cell 7 -1.69690263 2.69980619 0.1 0.09817477 2283.0 3383.0 3704.0 6534.0 70000059
cell 7 -1.69690263 2.79798096 0.1 0.09817477 2283.0 3383.0 3704.0 6534.0 70000060
cell 7 -1.69690263 2.89615573 0.1 0.09817477 2283.0 3383.0 3704.0 6534.0 70000061
cell 7 -1.69690263 2.9943305 0.1 0.09817477 2283.0 3383.0 3704.0 6534.0 70000062
cell 7 -1.69690263 3.09250527 0.1 0.09817477 2283.0 3383.0 3704.0 6534.0 70000063
cell 7 -1.59690263 -3.09250527 0.1 0.09817477 2283.0 3383.0 3704.0 6534.0 70000064
cell 7 -1.59690263 -2.9943305 0.1 0.09817477 2283.0 3383.0 3704.0 6534.0 70000065
cell 7 -1.59690263 -2.89615573 0.1 0.09817477 2283.0 3383.0 3704.0 6534.0 70000066
cell 7 -1.59690263 -2.79798096 0.1 0.09817477 2283.0 3383.0 3704.0 6534.0 70000067
cell 7 -1.59690263 -2.69980619 0.1 0.09817477 2283.0 3383.0 3704.0 6534.0 70000068
cell 7 -1.59690263 -2.60163142 0.1 0.09817477 2283.0 3383.0 3704.0 6534.0 70000069
cell 7 -1.59690263 -2.50345665 0.1 0.09817477 2283.0 3383.0 3704.0 6534.0 70000070
cell 7 -1.59690263 -2.40528188 0.1 0.09817477 2283.0 3383.0 3704.0 6534.0 70000071
cell 7 -1.59690263 -2.3071071 0.1 0.09817477 2283.0 3383.0 3704.0 6534.0 70000072
cell 7 -1.59690263 -2.20893233 0.1 0.09817477 2283.0 3383.0 3704.0 6534.0 70000073
cell 7 -1.59690263 -2.11075756 0.1 0.09817477 2283.0 3383.0 3704.0 6534.0 70000074
cell 7 -1.59690263 -2.01258279 0.1 0.09817477 2283.0 3383.0 3704.0 6534.0 70000075
cell 7 -1.59690263 -1.91440802 0.1 0.09817477 2283.0 3383.0 3704.0 6534.0 70000076
cell 7 -1.59690263 -1.81623325 0.1 0.09817477 2283.0 3383.0 3704.0 6534.0 70000077
cell 7 -1.59690263 -1.71805848 0.1 0.09817477 2283.0 3383.0 3704.0 6534.0 70000078
cell 7 -1.59690263 -1.61988371 0.1 0.09817477 2283.0 3383.0 3704.0 6534.0 70000079
cell 7 -1.59690263 -1.52170894 0.1 0.09817477 2283.0 3383.0 3704.0 6534.0 70000080
cell 7 -1.59690263 -1.42353417 0.1 0.09817477 2283.0 3383.0 3704.0 6534.0 70000081
cell 7 -1.59690263 -1.3253594 0.1 0.09817477 2283.0 3383.0 3704.0 6534.0 70000082
cell 7 -1.59690263 -1.22718463 0.1 0.09817477 2283.0 3383.0 3704.0 6534.0 70000083
cell 7 -1.59690263 -1.12900986 0.1 0.09817477 2283.0 3383.0 3704.0 6534.0 70000084
cell 7 -1.59690263 -1.03083509 0.1 0.09817477 2283.0 3383.0 3704.0 6534.0 70000085
cell 7 -1.59690263 -0.93266032 0.1 0.09817477 2283.0 3383.0 3704.0 6534.0 70000086
cell 7 -1.59690263 -0.83448555 0.1 0.09817477 2283.0 3383.0 3704.0 6534.0 70000087
cell 7 -1.59690263 -0.73631078 0.1 0.09817477 2283.0 3383.0 3704.0 6534.0 70000088
cell 7 -1.59690263 -0.63813601 0.1 0.09817477 2283.0 3383.0 3704.0 6534.0 70000089
cell 7 -1.59690263 -0.53996124 0.1 0.09817477 2283.0 3383.0 3704.0 6534.0 70000090
cell 7 -1.59690263 -0.44178647 0.1 0.09817477 2283.0 3383.0 3704.0 6534.0 70000091
cell 7 -1.59690263 -0.3436117 0.1 0.09817477 2283.0 3383.0 3704.0 6534.0 70000092
cell 7 -1.59690263 -0.24543693 0.1 0.09817477 2283.0 3383.0 3704.0 6534.0 70000093
cell 7 -1.59690263 -0.14726216 0.1 0.09817477 2283.0 3383.0 3704.0 6534.0 70000094
cell 7 -1.59690263 -0.04908739 0.1 0.09817477 2283.0 3383.0 3704.0 6534.0 70000095
cell 7 -1.59690263 0.04908739 0.1 0.09817477 2283.0 3383.0 3704.0 6534.0 70000096
cell 7 -1.59690263 0.14726216 0.1 0.09817477 2283.0 3383.0 3704.0 6534.0 70000097
cell 7 -1.59690263 0.24543693 0.1 0.09817477 2283.0 3383.0 3704.0 6534.0 70000098
cell 7 -1.59690263 0.3436117 0.1 0.09817477 2283.0 3383.0 3704.0 6534.0 70000099
cell 7 -1.59690263 0.44178647 0.1 0.09817477 2283.0 3383.0 3704.0 6534.0 70000100
cell 7 -1.59690263 0.53996124 0.1 0.09817477 2283.0 3383.0 3704.0 6534.0 70000101
cell 7 -1.59690263 0.63813601 0.1 0.09817477 2283.0 3383.0 3704.0 6534.0 70000102
cell 7 -1.59690263 0.73631078 0.1 0.09817477 2283.0 3383.0 3704.0 6534.0 70000103
cell 7 -1.59690263 0.83448555 0.1 0.09817477 2283.0 3383.0 3704.0 6534.0 70000104
cell 7 -1.59690263 0.93266032 0.1 0.09817477 2283.0 3383.0 3704.0 6534.0 70000105
cell 7 -1.59690263 1.03083509 0.1 0.09817477 2283.0 3383.0 3704.0 6534.0 70000106
cell 7 -1.59690263 1.12900986 0.1 0.09817477 2283.0 3383.0 3704.0 6534.0 70000107
cell 7 -1.59690263 1.22718463 0.1 0.09817477 2283.0 3383.0 3704.0 6534.0 70000108
cell 7 -1.59690263 1.3253594 0.1 0.09817477 2283.0 3383.0 3704.0 6534.0 70000109
cell 7 -1.59690263 1.42353417 0.1 0.09817477 2283.0 3383.0 3704.0 6534.0 70000110
cell 7 -1.59690263 1.52170894 0.1 0.09817477 2283.0 3383.0 3704.0 6534.0 70000111
cell 7 -1.59690263 1.61988371 0.1 0.09817477 2283.0 3383.0 3704.0 6534.0 70000112
cell 7 -1.59690263 1.71805848 0.1 0.09817477 2283.0 3383.0 3704.0 6534.0 70000113
cell 7 -1.59690263 1.81623325 0.1 0.09817477 2283.0 3383.0 3704.0 6534.0 70000114
cell 7 -1.59690263 1.91440802 0.1 0.09817477 2283.0 3383.0 3704.0 6534.0 70000115
cell 7 -1.59690263 2.01258279 0.1 0.09817477 2283.0 3383.0 3704.0 6534.0 70000116
cell 7 -1.59690263 2.11075756 0.1 0.09817477 2283.0 3383.0 3704.0 6534.0 70000117
cell 7 -1.59690263 2.20893233 0.1 0.09817477 2283.0 3383.0 3704.0 6534.0 70000118
cell 7 -1.59690263 2.3071071 0.1 0.09817477 2283.0 3383.0 3704.0 6534.0 70000119
cell 7 -1.59690263 2.40528188 0.1 0.09817477 2283.0 3383.0 3704.0 6534.0 70000120
cell 7 -1.59690263 2.50345665 0.1 0.09817477 2283.0 3383.0 3704.0 6534.0 70000121
cell 7 -1.59690263 2.60163142 0.1 0.09817477 2283.0 3383.0 3704.0 6534.0 70000122
cell 7 -1.59690263 2.69980619 0.1 0.09817477 2283.0 3383.0 3704.0 6534.0 70000123
cell 7 -1.59690263 2.79798096 0.1 0.09817477 2283.0 3383.0 3704.0 6534.0 70000124
cell 7 -1.59690263 2.89615573 0.1 0.09817477 2283.0 3383.0 3704.0 6534.0 70000125
cell 7 -1.59690263 2.9943305 0.1 0.09817477 2283.0 3383.0 3704.0 6534.0 70000126
cell 7 -1.59690263 3.09250527 0.1 0.09817477 2283.0 3383.0 3704.0 6534.0 70000127
cell 7 -1.49690263 -3.09250527 0.1 0.09817477 2283.0 3383.0 3704.0 6534.0 70000128
cell 7 -1.49690263 -2.9943305 0.1 0.09817477 2283.0 3383.0 3704.0 6534.0 70000129
cell 7 -1.49690263 -2.89615573 0.1 0.09817477 2283.0 3383.0 3704.0 6534.0 70000130
cell 7 -1.49690263 -2.79798096 0.1 0.09817477 2283.0 3383.0 3704.0 6534.0 70000131
cell 7 -1.49690263 -2.69980619 0.1 0.09817477 2283.0 3383.0 3704.0 6534.0 70000132
cell 7 -1.49690263 -2.60163142 0.1 0.09817477 2283.0 3383.0 3704.0 6534.0 70000133
cell 7 -1.49690263 -2.50345665 0.1 0.09817477 2283.0 3383.0 3704.0 6534.0 70000134
cell 7 -1.49690263 -2.40528188 0.1 0.09817477 2283.0 3383.0 3704.0 6534.0 70000135
cell 7 -1.49690263 -2.3071071 0.1 0.09817477 2283.0 3383.0 3704.0 6534.0 70000136
cell 7 -1.49690263 -2.20893233 0.1 0.09817477 2283.0 3383.0 3704.0 6534.0 70000137
cell 7 -1.49690263 -2.11075756 0.1 0.09817477 2283.0 3383.0 3704.0 6534.0 70000138
cell 7 -1.49690263 -2.01258279 0.1 0.09817477 2283.0 3383.0 3704.0 6534.0 70000139
cell 7 -1.49690263 -1.91440802 0.1 0.09817477 2283.0 3383.0 3704.0 6534.0 70000140
cell 7 -1.49690263 -1.81623325 0.1 0.09817477 2283.0 3383.0 3704.0 6534.0 70000141
cell 7 -1.49690263 -1.71805848 0.1 0.09817477 2283.0 3383.0 3704.0 6534.0 70000142
cell 7 -1.49690263 -1.61988371 0.1 0.09817477 2283.0 3383.0 3704.0 6534.0 70000143
cell 7 -1.49690263 -1.52170894 0.1 0.09817477 2283.0 3383.0 3704.0 6534.0 70000144
cell 7 -1.49690263 -1.42353417 0.1 0.09817477 2283.0 3383.0 3704.0 6534.0 70000145
cell 7 -1.49690263 -1.3253594 0.1 0.09817477 2283.0 3383.0 3704.0 6534.0 70000146
cell 7 -1.49690263 -1.22718463 0.1 0.09817477 2283.0 3383.0 3704.0 6534.0 70000147
cell 7 -1.49690263 -1.12900986 0.1 0.09817477 2283.0 3383.0 3704.0 6534.0 70000148
cell 7 -1.49690263 -1.03083509 0.1 0.09817477 2283.0 3383.0 3704.0 6534.0 70000149
cell 7 -1.49690263 -0.93266032 0.1 0.09817477 2283.0 3383.0 3704.0 6534.0 70000150
cell 7 -1.49690263 -0.83448555 0.1 0.09817477 2283.0 3383.0 3704.0 6534.0 70000151
cell 7 -1.49690263 -0.73631078 0.1 0.09817477 2283.0 3383.0 3704.0 6534.0 70000152
cell 7 -1.49690263 -0.63813601 0.1 0.09817477 2283.0 3383.0 3704.0 6534.0 70000153
cell 7 -1.49690263 -0.53996124 0.1 0.09817477 2283.0 3383.0 3704.0 6534.0 70000154
cell 7 -1.49690263 -0.44178647 0.1 0.09817477 2283.0 3383.0 3704.0 6534.0 70000155
cell 7 -1.49690263 -0.3436117 0.1 0.09817477 2283.0 3383.0 3704.0 6534.0 70000156
cell 7 -1.49690263 -0.24543693 0.1 0.09817477 2283.0 3383.0 3704.0 6534.0 70000157
cell 7 -1.49690263 -0.14726216 0.1 0.09817477 2283.0 3383.0 3704.0 6534.0 70000158
cell 7 -1.49690263 -0.04908739 0.1 0.09817477 2283.0 3383.0 3704.0 6534.0 70000159
cell 7 -1.49690263 0.04908739 0.1 0.09817477 2283.0 3383.0 3704.0 6534.0 70000160
cell 7 -1.49690263 0.14726216 0.1 0.09817477 2283.0 3383.0 3704.0 6534.0 70000161
cell 7 -1.49690263 0.24543693 0.1 0.09817477 2283.0 3383.0 3704.0 6534.0 70000162
cell 7 -1.49690263 0.3436117 0.1 0.09817477 2283.0 3383.0 3704.0 6534.0 70000163
cell 7 -1.49690263 0.44178647 0.1 0.09817477 2283.0 3383.0 3704.0 6534.0 70000164
cell 7 -1.49690263 0.53996124 0.1 0.09817477 2283.0 3383.0 3704.0 6534.0 70000165
cell 7 -1.49690263 0.63813601 0.1 0.09817477 2283.0 3383.0 3704.0 6534.0 70000166
cell 7 -1.49690263 0.73631078 0.1 0.09817477 2283.0 3383.0 3704.0 6534.0 70000167
cell 7 -1.49690263 0.83448555 0.1 0.09817477 2283.0 3383.0 3704.0 6534.0 70000168
cell 7 -1.49690263 0.93266032 0.1 0.09817477 2283.0 3383.0 3704.0 6534.0 70000169
cell 7 -1.49690263 1.03083509 0.1 0.09817477 2283.0 3383.0 3704.0 6534.0 70000170
cell 7 -1.49690263 1.12900986 0.1 0.09817477 2283.0 3383.0 3704.0 6534.0 70000171
cell 7 -1.49690263 1.22718463 0.1 0.09817477 2283.0 3383.0 3704.0 6534.0 70000172
cell 7 -1.49690263 1.3253594 0.1 0.09817477 2283.0 3383.0 3704.0 6534.0 70000173
cell 7 -1.49690263 1.42353417 0.1 0.09817477 2283.0 3383.0 3704.0 6534.0 70000174
cell 7 -1.49690263 1.52170894 0.1 0.09817477 2283.0 3383.0 3704.0 6534.0 70000175
cell 7 -1.49690263 1.61988371 0.1 0.09817477 2283.0 3383.0 3704.0 6534.0 70000176
cell 7 -1.49690263 1.71805848 0.1 0.09817477 2283.0 3383.0 3704.0 6534.0 70000177
cell 7 -1.49690263 1.81623325 0.1 0.09817477 2283.0 3383.0 3704.0 6534.0 70000178
cell 7 -1.49690263 1.91440802 0.1 0.09817477 2283.0 3383.0 3704.0 6534.0 70000179
cell 7 -1.49690263 2.01258279 0.1 0.09817477 2283.0 3383.0 3704.0 6534.0 70000180
cell 7 -1.49690263 2.11075756 0.1 0.09817477 2283.0 3383.0 3704.0 6534.0 70000181
cell 7 -1.49690263 2.20893233 0.1 0.09817477 2283.0 3383.0 3704.0 6534.0 70000182
cell 7 -1.49690263 2.3071071 0.1 0.09817477 2283.0 3383.0 3704.0 6534.0 70000183
cell 7 -1.49690263 2.40528188 0.1 0.09817477 2283.0 3383.0 3704.0 6534.0 70000184
cell 7 -1.49690263 2.50345665 0.1 0.09817477 2283.0 3383.0 3704.0 6534.0 70000185
cell 7 -1.49690263 2.60163142 0.1 0.09817477 2283.0 3383.0 3704.0 6534.0 70000186
cell 7 -1.49690263 2.69980619 0.1 0.09817477 2283.0 3383.0 3704.0 6534.0 70000187
cell 7 -1.49690263 2.79798096 0.1 0.09817477 2283.0 3383.0 3704.0 6534.0 70000188
cell 7 -1.49690263 2.89615573 0.1 0.09817477 2283.0 3383.0 3704.0 6534.0 70000189
cell 7 -1.49690263 2.9943305 0.1 0.09817477 2283.0 3383.0 3704.0 6534.0 70000190
cell 7 -1.49690263 3.09250527 0.1 0.09817477 2283.0 3383.0 3704.0 6534.0 70000191
cell 7 -1.39690263 -3.09250527 0.1 0.09817477 2283.0 3383.0 3704.0 6534.0 70000192
cell 7 -1.39690263 -2.9943305 0.1 0.09817477 2283.0 3383.0 3704.0 6534.0 70000193
cell 7 -1.39690263 -2.89615573 0.1 0.09817477 2283.0 3383.0 3704.0 6534.0 70000194
cell 7 -1.39690263 -2.79798096 0.1 0.09817477 2283.0 3383.0 3704.0 6534.0 70000195
cell 7 -1.39690263 -2.69980619 0.1 0.09817477 2283.0 3383.0 3704.0 6534.0 70000196
cell 7 -1.39690263 -2.60163142 0.1 0.09817477 2283.0 3383.0 3704.0 6534.0 70000197
cell 7 -1.39690263 -2.50345665 0.1 0.09817477 2283.0 3383.0 3704.0 6534.0 70000198
cell 7 -1.39690263 -2.40528188 0.1 0.09817477 2283.0 3383.0 3704.0 6534.0 70000199
cell 7 -1.39690263 -2.3071071 0.1 0.09817477 2283.0 3383.0 3704.0 6534.0 70000200
cell 7 -1.39690263 -2.20893233 0.1 0.09817477 2283.0 3383.0 3704.0 6534.0 70000201
cell 7 -1.39690263 -2.11075756 0.1 0.09817477 2283.0 3383.0 3704.0 6534.0 70000202
cell 7 -1.39690263 -2.01258279 0.1 0.09817477 2283.0 3383.0 3704.0 6534.0 70000203
cell 7 -1.39690263 -1.91440802 0.1 0.09817477 2283.0 3383.0 3704.0 6534.0 70000204
cell 7 -1.39690263 -1.81623325 0.1 0.09817477 2283.0 3383.0 3704.0 6534.0 70000205
cell 7 -1.39690263 -1.71805848 0.1 0.09817477 2283.0 3383.0 3704.0 6534.0 70000206
cell 7 -1.39690263 -1.61988371 0.1 0.09817477 2283.0 3383.0 3704.0 6534.0 70000207
cell 7 -1.39690263 -1.52170894 0.1 0.09817477 2283.0 3383.0 3704.0 6534.0 70000208
cell 7 -1.39690263 -1.42353417 0.1 0.09817477 2283.0 3383.0 3704.0 6534.0 70000209
cell 7 -1.39690263 -1.3253594 0.1 0.09817477 2283.0 3383.0 3704.0 6534.0 70000210
cell 7 -1.39690263 -1.22718463 0.1 0.09817477 2283.0 3383.0 3704.0 6534.0 70000211
cell 7 -1.39690263 -1.12900986 0.1 0.09817477 2283.0 3383.0 3704.0 6534.0 70000212
cell 7 -1.39690263 -1.03083509 0.1 0.09817477 2283.0 3383.0 3704.0 6534.0 70000213
cell 7 -1.39690263 -0.93266032 0.1 0.09817477 2283.0 3383.0 3704.0 6534.0 70000214
cell 7 -1.39690263 -0.83448555 0.1 0.09817477 2283.0 3383.0 3704.0 6534.0 70000215
cell 7 -1.39690263 -0.73631078 0.1 0.09817477 2283.0 3383.0 3704.0 6534.0 70000216
cell 7 -1.39690263 -0.63813601 0.1 0.09817477 2283.0 3383.0 3704.0 6534.0 70000217
cell 7 -1.39690263 -0.53996124 0.1 0.09817477 2283.0 3383.0 3704.0 6534.0 70000218
cell 7 -1.39690263 -0.44178647 0.1 0.09817477 2283.0 3383.0 3704.0 6534.0 70000219
cell 7 -1.39690263 -0.3436117 0.1 0.09817477 2283.0 3383.0 3704.0 6534.0 70000220
cell 7 -1.39690263 -0.24543693 0.1 0.09817477 2283.0 3383.0 3704.0 6534.0 70000221
cell 7 -1.39690263 -0.14726216 0.1 0.09817477 2283.0 3383.0 3704.0 6534.0 70000222
cell 7 -1.39690263 -0.04908739 0.1 0.09817477 2283.0 3383.0 3704.0 6534.0 70000223
cell 7 -1.39690263 0.04908739 0.1 0.09817477 2283.0 3383.0 3704.0 6534.0 70000224
cell 7 -1.39690263 0.14726216 0.1 0.09817477 2283.0 3383.0 3704.0 6534.0 70000225
cell 7 -1.39690263 0.24543693 0.1 0.09817477 2283.0 3383.0 3704.0 6534.0 70000226
cell 7 -1.39690263 0.3436117 0.1 0.09817477 2283.0 3383.0 3704.0 6534.0 70000227
cell 7 -1.39690263 0.44178647 0.1 0.09817477 2283.0 3383.0 3704.0 6534.0 70000228
cell 7 -1.39690263 0.53996124 0.1 0.09817477 2283.0 3383.0 3704.0 6534.0 70000229
cell 7 -1.39690263 0.63813601 0.1 0.09817477 2283.0 3383.0 3704.0 6534.0 70000230
cell 7 -1.39690263 0.73631078 0.1 0.09817477 2283.0 3383.0 3704.0 6534.0 70000231
cell 7 -1.39690263 0.83448555 0.1 0.09817477 2283.0 3383.0 3704.0 6534.0 70000232
cell 7 -1.39690263 0.93266032 0.1 0.09817477 2283.0 3383.0 3704.0 6534.0 70000233
cell 7 -1.39690263 1.03083509 0.1 0.09817477 2283.0 3383.0 3704.0 6534.0 70000234
cell 7 -1.39690263 1.12900986 0.1 0.09817477 2283.0 3383.0 3704.0 6534.0 70000235
cell 7 -1.39690263 1.22718463 0.1 0.09817477 2283.0 3383.0 3704.0 6534.0 70000236
cell 7 -1.39690263 1.3253594 0.1 0.09817477 2283.0 3383.0 3704.0 6534.0 70000237
cell 7 -1.39690263 1.42353417 0.1 0.09817477 2283.0 3383.0 3704.0 6534.0 70000238
cell 7 -1.39690263 1.52170894 0.1 0.09817477 2283.0 3383.0 3704.0 6534.0 70000239
cell 7 -1.39690263 1.61988371 0.1 0.09817477 2283.0 3383.0 3704.0 6534.0 70000240
cell 7 -1.39690263 1.71805848 0.1 0.09817477 2283.0 3383.0 3704.0 6534.0 70000241
cell 7 -1.39690263 1.81623325 0.1 0.09817477 2283.0 3383.0 3704.0 6534.0 70000242
cell 7 -1.39690263 1.91440802 0.1 0.09817477 2283.0 3383.0 3704.0 6534.0 70000243
cell 7 -1.39690263 2.01258279 0.1 0.09817477 2283.0 3383.0 3704.0 6534.0 70000244
cell 7 -1.39690263 2.11075756 0.1 0.09817477 2283.0 3383.0 3704.0 6534.0 70000245
cell 7 -1.39690263 2.20893233 0.1 0.09817477 2283.0 3383.0 3704.0 6534.0 70000246
cell 7 -1.39690263 2.3071071 0.1 0.09817477 2283.0 3383.0 3704.0 6534.0 70000247
cell 7 -1.39690263 2.40528188 0.1 0.09817477 2283.0 3383.0 3704.0 6534.0 70000248
cell 7 -1.39690263 2.50345665 0.1 0.09817477 2283.0 3383.0 3704.0 6534.0 70000249
cell 7 -1.39690263 2.60163142 0.1 0.09817477 2283.0 3383.0 3704.0 6534.0 70000250
cell 7 -1.39690263 2.69980619 0.1 0.09817477 2283.0 3383.0 3704.0 6534.0 70000251
cell 7 -1.39690263 2.79798096 0.1 0.09817477 2283.0 3383.0 3704.0 6534.0 70000252
cell 7 -1.39690263 2.89615573 0.1 0.09817477 2283.0 3383.0 3704.0 6534.0 70000253
cell 7 -1.39690263 2.9943305 0.1 0.09817477 2283.0 3383.0 3704.0 6534.0 70000254
cell 7 -1.39690263 3.09250527 0.1 0.09817477 2283.0 3383.0 3704.0 6534.0 70000255
cell 7 -1.29690263 -3.09250527 0.1 0.09817477 2283.0 3383.0 3704.0 6534.0 70000256
cell 7 -1.29690263 -2.9943305 0.1 0.09817477 2283.0 3383.0 3704.0 6534.0 70000257
cell 7 -1.29690263 -2.89615573 0.1 0.09817477 2283.0 3383.0 3704.0 6534.0 70000258
cell 7 -1.29690263 -2.79798096 0.1 0.09817477 2283.0 3383.0 3704.0 6534.0 70000259
cell 7 -1.29690263 -2.69980619 0.1 0.09817477 2283.0 3383.0 3704.0 6534.0 70000260
cell 7 -1.29690263 -2.60163142 0.1 0.09817477 2283.0 3383.0 3704.0 6534.0 70000261
cell 7 -1.29690263 -2.50345665 0.1 0.09817477 2283.0 3383.0 3704.0 6534.0 70000262
cell 7 -1.29690263 -2.40528188 0.1 0.09817477 2283.0 3383.0 3704.0 6534.0 70000263
cell 7 -1.29690263 -2.3071071 0.1 0.09817477 2283.0 3383.0 3704.0 6534.0 70000264
cell 7 -1.29690263 -2.20893233 0.1 0.09817477 2283.0 3383.0 3704.0 6534.0 70000265
cell 7 -1.29690263 -2.11075756 0.1 0.09817477 2283.0 3383.0 3704.0 6534.0 70000266
cell 7 -1.29690263 -2.01258279 0.1 0.09817477 2283.0 3383.0 3704.0 6534.0 70000267
cell 7 -1.29690263 -1.91440802 0.1 0.09817477 2283.0 3383.0 3704.0 6534.0 70000268
cell 7 -1.29690263 -1.81623325 0.1 0.09817477 2283.0 3383.0 3704.0 6534.0 70000269
cell 7 -1.29690263 -1.71805848 0.1 0.09817477 2283.0 3383.0 3704.0 6534.0 70000270
cell 7 -1.29690263 -1.61988371 0.1 0.09817477 2283.0 3383.0 3704.0 6534.0 70000271
cell 7 -1.29690263 -1.52170894 0.1 0.09817477 2283.0 3383.0 3704.0 6534.0 70000272
cell 7 -1.29690263 -1.42353417 0.1 0.09817477 2283.0 3383.0 3704.0 6534.0 70000273
cell 7 -1.29690263 -1.3253594 0.1 0.09817477 2283.0 3383.0 3704.0 6534.0 70000274
cell 7 -1.29690263 -1.22718463 0.1 0.09817477 2283.0 3383.0 3704.0 6534.0 70000275
cell 7 -1.29690263 -1.12900986 0.1 0.09817477 2283.0 3383.0 3704.0 6534.0 70000276
cell 7 -1.29690263 -1.03083509 0.1 0.09817477 2283.0 3383.0 3704.0 6534.0 70000277
cell 7 -1.29690263 -0.93266032 0.1 0.09817477 2283.0 3383.0 3704.0 6534.0 70000278
cell 7 -1.29690263 -0.83448555 0.1 0.09817477 2283.0 3383.0 3704.0 6534.0 70000279
cell 7 -1.29690263 -0.73631078 0.1 0.09817477 2283.0 3383.0 3704.0 6534.0 70000280
cell 7 -1.29690263 -0.63813601 0.1 0.09817477 2283.0 3383.0 3704.0 6534.0 70000281
cell 7 -1.29690263 -0.53996124 0.1 0.09817477 2283.0 3383.0 3704.0 6534.0 70000282
cell 7 -1.29690263 -0.44178647 0.1 0.09817477 2283.0 3383.0 3704.0 6534.0 70000283
cell 7 -1.29690263 -0.3436117 0.1 0.09817477 2283.0 3383.0 3704.0 6534.0 70000284
cell 7 -1.29690263 -0.24543693 0.1 0.09817477 2283.0 3383.0 3704.0 6534.0 70000285
cell 7 -1.29690263 -0.14726216 0.1 0.09817477 2283.0 3383.0 3704.0 6534.0 70000286
cell 7 -1.29690263 -0.04908739 0.1 0.09817477 2283.0 3383.0 3704.0 6534.0 70000287
cell 7 -1.29690263 0.04908739 0.1 0.09817477 2283.0 3383.0 3704.0 6534.0 70000288
cell 7 -1.29690263 0.14726216 0.1 0.09817477 2283.0 3383.0 3704.0 6534.0 70000289
cell 7 -1.29690263 0.24543693 0.1 0.09817477 2283.0 3383.0 3704.0 6534.0 70000290
cell 7 -1.29690263 0.3436117 0.1 0.09817477 2283.0 3383.0 3704.0 6534.0 70000291
cell 7 -1.29690263 0.44178647 0.1 0.09817477 2283.0 3383.0 3704.0 6534.0 70000292
cell 7 -1.29690263 0.53996124 0.1 0.09817477 2283.0 3383.0 3704.0 6534.0 70000293
cell 7 -1.29690263 0.63813601 0.1 0.09817477 2283.0 3383.0 3704.0 6534.0 70000294
cell 7 -1.29690263 0.73631078 0.1 0.09817477 2283.0 3383.0 3704.0 6534.0 70000295
cell 7 -1.29690263 0.83448555 0.1 0.09817477 2283.0 3383.0 3704.0 6534.0 70000296
cell 7 -1.29690263 0.93266032 0.1 0.09817477 2283.0 3383.0 3704.0 6534.0 70000297
cell 7 -1.29690263 1.03083509 0.1 0.09817477 2283.0 3383.0 3704.0 6534.0 70000298
cell 7 -1.29690263 1.12900986 0.1 0.09817477 2283.0 3383.0 3704.0 6534.0 70000299
cell 7 -1.29690263 1.22718463 0.1 0.09817477 2283.0 3383.0 3704.0 6534.0 70000300
cell 7 -1.29690263 1.3253594 0.1 0.09817477 2283.0 3383.0 3704.0 6534.0 70000301
cell 7 -1.29690263 1.42353417 0.1 0.09817477 2283.0 3383.0 3704.0 6534.0 70000302
cell 7 -1.29690263 1.52170894 0.1 0.09817477 2283.0 3383.0 3704.0 6534.0 70000303
cell 7 -1.29690263 1.61988371 0.1 0.09817477 2283.0 3383.0 3704.0 6534.0 70000304
cell 7 -1.29690263 1.71805848 0.1 0.09817477 2283.0 3383.0 3704.0 6534.0 70000305
cell 7 -1.29690263 1.81623325 0.1 0.09817477 2283.0 3383.0 3704.0 6534.0 70000306
cell 7 -1.29690263 1.91440802 0.1 0.09817477 2283.0 3383.0 3704.0 6534.0 70000307
cell 7 -1.29690263 2.01258279 0.1 0.09817477 2283.0 3383.0 3704.0 6534.0 70000308
cell 7 -1.29690263 2.11075756 0.1 0.09817477 2283.0 3383.0 3704.0 6534.0 70000309
cell 7 -1.29690263 2.20893233 0.1 0.09817477 2283.0 3383.0 3704.0 6534.0 70000310
cell 7 -1.29690263 2.3071071 0.1 0.09817477 2283.0 3383.0 3704.0 6534.0 70000311
cell 7 -1.29690263 2.40528188 0.1 0.09817477 2283.0 3383.0 3704.0 6534.0 70000312
cell 7 -1.29690263 2.50345665 0.1 0.09817477 2283.0 3383.0 3704.0 6534.0 70000313
cell 7 -1.29690263 2.60163142 0.1 0.09817477 2283.0 3383.0 3704.0 6534.0 70000314
cell 7 -1.29690263 2.69980619 0.1 0.09817477 2283.0 3383.0 3704.0 6534.0 70000315
cell 7 -1.29690263 2.79798096 0.1 0.09817477 2283.0 3383.0 3704.0 6534.0 70000316
cell 7 -1.29690263 2.89615573 0.1 0.09817477 2283.0 3383.0 3704.0 6534.0 70000317
cell 7 -1.29690263 2.9943305 0.1 0.09817477 2283.0 3383.0 3704.0 6534.0 70000318
cell 7 -1.29690263 3.09250527 0.1 0.09817477 2283.0 3383.0 3704.0 6534.0 70000319
cell 7 -1.19690263 -3.09250527 0.1 0.09817477 2283.0 3383.0 3704.0 6534.0 70000320
cell 7 -1.19690263 -2.9943305 0.1 0.09817477 2283.0 3383.0 3704.0 6534.0 70000321
cell 7 -1.19690263 -2.89615573 0.1 0.09817477 2283.0 3383.0 3704.0 6534.0 70000322
cell 7 -1.19690263 -2.79798096 0.1 0.09817477 2283.0 3383.0 3704.0 6534.0 70000323
cell 7 -1.19690263 -2.69980619 0.1 0.09817477 2283.0 3383.0 3704.0 6534.0 70000324
cell 7 -1.19690263 -2.60163142 0.1 0.09817477 2283.0 3383.0 3704.0 6534.0 70000325
cell 7 -1.19690263 -2.50345665 0.1 0.09817477 2283.0 3383.0 3704.0 6534.0 70000326
cell 7 -1.19690263 -2.40528188 0.1 0.09817477 2283.0 3383.0 3704.0 6534.0 70000327
cell 7 -1.19690263 -2.3071071 0.1 0.09817477 2283.0 3383.0 3704.0 6534.0 70000328
cell 7 -1.19690263 -2.20893233 0.1 0.09817477 2283.0 3383.0 3704.0 6534.0 70000329
cell 7 -1.19690263 -2.11075756 0.1 0.09817477 2283.0 3383.0 3704.0 6534.0 70000330
cell 7 -1.19690263 -2.01258279 0.1 0.09817477 2283.0 3383.0 3704.0 6534.0 70000331
cell 7 -1.19690263 -1.91440802 0.1 0.09817477 2283.0 3383.0 3704.0 6534.0 70000332
cell 7 -1.19690263 -1.81623325 0.1 0.09817477 2283.0 3383.0 3704.0 6534.0 70000333
cell 7 -1.19690263 -1.71805848 0.1 0.09817477 2283.0 3383.0 3704.0 6534.0 70000334
cell 7 -1.19690263 -1.61988371 0.1 0.09817477 2283.0 3383.0 3704.0 6534.0 70000335
cell 7 -1.19690263 -1.52170894 0.1 0.09817477 2283.0 3383.0 3704.0 6534.0 70000336
cell 7 -1.19690263 -1.42353417 0.1 0.09817477 2283.0 3383.0 3704.0 6534.0 70000337
cell 7 -1.19690263 -1.3253594 0.1 0.09817477 2283.0 3383.0 3704.0 6534.0 70000338
cell 7 -1.19690263 -1.22718463 0.1 0.09817477 2283.0 3383.0 3704.0 6534.0 70000339
cell 7 -1.19690263 -1.12900986 0.1 0.09817477 2283.0 3383.0 3704.0 6534.0 70000340
cell 7 -1.19690263 -1.03083509 0.1 0.09817477 2283.0 3383.0 3704.0 6534.0 70000341
cell 7 -1.19690263 -0.93266032 0.1 0.09817477 2283.0 3383.0 3704.0 6534.0 70000342
cell 7 -1.19690263 -0.83448555 0.1 0.09817477 2283.0 3383.0 3704.0 6534.0 70000343
cell 7 -1.19690263 -0.73631078 0.1 0.09817477 2283.0 3383.0 3704.0 6534.0 70000344
cell 7 -1.19690263 -0.63813601 0.1 0.09817477 2283.0 3383.0 3704.0 6534.0 70000345
cell 7 -1.19690263 -0.53996124 0.1 0.09817477 2283.0 3383.0 3704.0 6534.0 70000346
cell 7 -1.19690263 -0.44178647 0.1 0.09817477 2283.0 3383.0 3704.0 6534.0 70000347
cell 7 -1.19690263 -0.3436117 0.1 0.09817477 2283.0 3383.0 3704.0 6534.0 70000348
cell 7 -1.19690263 -0.24543693 0.1 0.09817477 2283.0 3383.0 3704.0 6534.0 70000349
cell 7 -1.19690263 -0.14726216 0.1 0.09817477 2283.0 3383.0 3704.0 6534.0 70000350
cell 7 -1.19690263 -0.04908739 0.1 0.09817477 2283.0 3383.0 3704.0 6534.0 70000351
cell 7 -1.19690263 0.04908739 0.1 0.09817477 2283.0 3383.0 3704.0 6534.0 70000352
cell 7 -1.19690263 0.14726216 0.1 0.09817477 2283.0 3383.0 3704.0 6534.0 70000353
cell 7 -1.19690263 0.24543693 0.1 0.09817477 2283.0 3383.0 3704.0 6534.0 70000354
cell 7 -1.19690263 0.3436117 0.1 0.09817477 2283.0 3383.0 3704.0 6534.0 70000355
cell 7 -1.19690263 0.44178647 0.1 0.09817477 2283.0 3383.0 3704.0 6534.0 70000356
cell 7 -1.19690263 0.53996124 0.1 0.09817477 2283.0 3383.0 3704.0 6534.0 70000357
cell 7 -1.19690263 0.63813601 0.1 0.09817477 2283.0 3383.0 3704.0 6534.0 70000358
cell 7 -1.19690263 0.73631078 0.1 0.09817477 2283.0 3383.0 3704.0 6534.0 70000359
cell 7 -1.19690263 0.83448555 0.1 0.09817477 2283.0 3383.0 3704.0 6534.0 70000360
cell 7 -1.19690263 0.93266032 0.1 0.09817477 2283.0 3383.0 3704.0 6534.0 70000361
cell 7 -1.19690263 1.03083509 0.1 0.09817477 2283.0 3383.0 3704.0 6534.0 70000362
cell 7 -1.19690263 1.12900986 0.1 0.09817477 2283.0 3383.0 3704.0 6534.0 70000363
cell 7 -1.19690263 1.22718463 0.1 0.09817477 2283.0 3383.0 3704.0 6534.0 70000364
cell 7 -1.19690263 1.3253594 0.1 0.09817477 2283.0 3383.0 3704.0 6534.0 70000365
cell 7 -1.19690263 1.42353417 0.1 0.09817477 2283.0 3383.0 3704.0 6534.0 70000366
cell 7 -1.19690263 1.52170894 0.1 0.09817477 2283.0 3383.0 3704.0 6534.0 70000367
cell 7 -1.19690263 1.61988371 0.1 0.09817477 2283.0 3383.0 3704.0 6534.0 70000368
cell 7 -1.19690263 1.71805848 0.1 0.09817477 2283.0 3383.0 3704.0 6534.0 70000369
cell 7 -1.19690263 1.81623325 0.1 0.09817477 2283.0 3383.0 3704.0 6534.0 70000370
cell 7 -1.19690263 1.91440802 0.1 0.09817477 2283.0 3383.0 3704.0 6534.0 70000371
cell 7 -1.19690263 2.01258279 0.1 0.09817477 2283.0 3383.0 3704.0 6534.0 70000372
cell 7 -1.19690263 2.11075756 0.1 0.09817477 2283.0 3383.0 3704.0 6534.0 70000373
cell 7 -1.19690263 2.20893233 0.1 0.09817477 2283.0 3383.0 3704.0 6534.0 70000374
cell 7 -1.19690263 2.3071071 0.1 0.09817477 2283.0 3383.0 3704.0 6534.0 70000375
cell 7 -1.19690263 2.40528188 0.1 0.09817477 2283.0 3383.0 3704.0 6534.0 70000376
cell 7 -1.19690263 2.50345665 0.1 0.09817477 2283.0 3383.0 3704.0 6534.0 70000377
cell 7 -1.19690263 2.60163142 0.1 0.09817477 2283.0 3383.0 3704.0 6534.0 70000378
cell 7 -1.19690263 2.69980619 0.1 0.09817477 2283.0 3383.0 3704.0 6534.0 70000379
cell 7 -1.19690263 2.79798096 0.1 0.09817477 2283.0 3383.0 3704.0 6534.0 70000380
cell 7 -1.19690263 2.89615573 0.1 0.09817477 2283.0 3383.0 3704.0 6534.0 70000381
cell 7 -1.19690263 2.9943305 0.1 0.09817477 2283.0 3383.0 3704.0 6534.0 70000382
cell 7 -1.19690263 3.09250527 0.1 0.09817477 2283.0 3383.0 3704.0 6534.0 70000383
cell 7 -1.09690263 -3.09250527 0.1 0.09817477 2283.0 3383.0 3704.0 6534.0 70000384
cell 7 -1.09690263 -2.9943305 0.1 0.09817477 2283.0 3383.0 3704.0 6534.0 70000385
cell 7 -1.09690263 -2.89615573 0.1 0.09817477 2283.0 3383.0 3704.0 6534.0 70000386
cell 7 -1.09690263 -2.79798096 0.1 0.09817477 2283.0 3383.0 3704.0 6534.0 70000387
cell 7 -1.09690263 -2.69980619 0.1 0.09817477 2283.0 3383.0 3704.0 6534.0 70000388
cell 7 -1.09690263 -2.60163142 0.1 0.09817477 2283.0 3383.0 3704.0 6534.0 70000389
cell 7 -1.09690263 -2.50345665 0.1 0.09817477 2283.0 3383.0 3704.0 6534.0 70000390
cell 7 -1.09690263 -2.40528188 0.1 0.09817477 2283.0 3383.0 3704.0 6534.0 70000391
cell 7 -1.09690263 -2.3071071 0.1 0.09817477 2283.0 3383.0 3704.0 6534.0 70000392
cell 7 -1.09690263 -2.20893233 0.1 0.09817477 2283.0 3383.0 3704.0 6534.0 70000393
cell 7 -1.09690263 -2.11075756 0.1 0.09817477 2283.0 3383.0 3704.0 6534.0 70000394
cell 7 -1.09690263 -2.01258279 0.1 0.09817477 2283.0 3383.0 3704.0 6534.0 70000395
cell 7 -1.09690263 -1.91440802 0.1 0.09817477 2283.0 3383.0 3704.0 6534.0 70000396
cell 7 -1.09690263 -1.81623325 0.1 0.09817477 2283.0 3383.0 3704.0 6534.0 70000397
cell 7 -1.09690263 -1.71805848 0.1 0.09817477 2283.0 3383.0 3704.0 6534.0 70000398
cell 7 -1.09690263 -1.61988371 0.1 0.09817477 2283.0 3383.0 3704.0 6534.0 70000399
cell 7 -1.09690263 -1.52170894 0.1 0.09817477 2283.0 3383.0 3704.0 6534.0 70000400
cell 7 -1.09690263 -1.42353417 0.1 0.09817477 2283.0 3383.0 3704.0 6534.0 70000401
cell 7 -1.09690263 -1.3253594 0.1 0.09817477 2283.0 3383.0 3704.0 6534.0 70000402
cell 7 -1.09690263 -1.22718463 0.1 0.09817477 2283.0 3383.0 3704.0 6534.0 70000403
cell 7 -1.09690263 -1.12900986 0.1 0.09817477 2283.0 3383.0 3704.0 6534.0 70000404
cell 7 -1.09690263 -1.03083509 0.1 0.09817477 2283.0 3383.0 3704.0 6534.0 70000405
cell 7 -1.09690263 -0.93266032 0.1 0.09817477 2283.0 3383.0 3704.0 6534.0 70000406
cell 7 -1.09690263 -0.83448555 0.1 0.09817477 2283.0 3383.0 3704.0 6534.0 70000407
cell 7 -1.09690263 -0.73631078 0.1 0.09817477 2283.0 3383.0 3704.0 6534.0 70000408
cell 7 -1.09690263 -0.63813601 0.1 0.09817477 2283.0 3383.0 3704.0 6534.0 70000409
cell 7 -1.09690263 -0.53996124 0.1 0.09817477 2283.0 3383.0 3704.0 6534.0 70000410
cell 7 -1.09690263 -0.44178647 0.1 0.09817477 2283.0 3383.0 3704.0 6534.0 70000411
cell 7 -1.09690263 -0.3436117 0.1 0.09817477 2283.0 3383.0 3704.0 6534.0 70000412
cell 7 -1.09690263 -0.24543693 0.1 0.09817477 2283.0 3383.0 3704.0 6534.0 70000413
cell 7 -1.09690263 -0.14726216 0.1 0.09817477 2283.0 3383.0 3704.0 6534.0 70000414
cell 7 -1.09690263 -0.04908739 0.1 0.09817477 2283.0 3383.0 3704.0 6534.0 70000415
cell 7 -1.09690263 0.04908739 0.1 0.09817477 2283.0 3383.0 3704.0 6534.0 70000416
cell 7 -1.09690263 0.14726216 0.1 0.09817477 2283.0 3383.0 3704.0 6534.0 70000417
cell 7 -1.09690263 0.24543693 0.1 0.09817477 2283.0 3383.0 3704.0 6534.0 70000418
cell 7 -1.09690263 0.3436117 0.1 0.09817477 2283.0 3383.0 3704.0 6534.0 70000419
cell 7 -1.09690263 0.44178647 0.1 0.09817477 2283.0 3383.0 3704.0 6534.0 70000420
cell 7 -1.09690263 0.53996124 0.1 0.09817477 2283.0 3383.0 3704.0 6534.0 70000421
cell 7 -1.09690263 0.63813601 0.1 0.09817477 2283.0 3383.0 3704.0 6534.0 70000422
cell 7 -1.09690263 0.73631078 0.1 0.09817477 2283.0 3383.0 3704.0 6534.0 70000423
cell 7 -1.09690263 0.83448555 0.1 0.09817477 2283.0 3383.0 3704.0 6534.0 70000424
cell 7 -1.09690263 0.93266032 0.1 0.09817477 2283.0 3383.0 3704.0 6534.0 70000425
cell 7 -1.09690263 1.03083509 0.1 0.09817477 2283.0 3383.0 3704.0 6534.0 70000426
cell 7 -1.09690263 1.12900986 0.1 0.09817477 2283.0 3383.0 3704.0 6534.0 70000427
cell 7 -1.09690263 1.22718463 0.1 0.09817477 2283.0 3383.0 3704.0 6534.0 70000428
cell 7 -1.09690263 1.3253594 0.1 0.09817477 2283.0 3383.0 3704.0 6534.0 70000429
cell 7 -1.09690263 1.42353417 0.1 0.09817477 2283.0 3383.0 3704.0 6534.0 70000430
cell 7 -1.09690263 1.52170894 0.1 0.09817477 2283.0 3383.0 3704.0 6534.0 70000431
cell 7 -1.09690263 1.61988371 0.1 0.09817477 2283.0 3383.0 3704.0 6534.0 70000432
cell 7 -1.09690263 1.71805848 0.1 0.09817477 2283.0 3383.0 3704.0 6534.0 70000433
cell 7 -1.09690263 1.81623325 0.1 0.09817477 2283.0 3383.0 3704.0 6534.0 70000434
cell 7 -1.09690263 1.91440802 0.1 0.09817477 2283.0 3383.0 3704.0 6534.0 70000435
cell 7 -1.09690263 2.01258279 0.1 0.09817477 2283.0 3383.0 3704.0 6534.0 70000436
cell 7 -1.09690263 2.11075756 0.1 0.09817477 2283.0 3383.0 3704.0 6534.0 70000437
cell 7 -1.09690263 2.20893233 0.1 0.09817477 2283.0 3383.0 3704.0 6534.0 70000438
cell 7 -1.09690263 2.3071071 0.1 0.09817477 2283.0 3383.0 3704.0 6534.0 70000439
cell 7 -1.09690263 2.40528188 0.1 0.09817477 2283.0 3383.0 3704.0 6534.0 70000440
cell 7 -1.09690263 2.50345665 0.1 0.09817477 2283.0 3383.0 3704.0 6534.0 70000441
cell 7 -1.09690263 2.60163142 0.1 0.09817477 2283.0 3383.0 3704.0 6534.0 70000442
cell 7 -1.09690263 2.69980619 0.1 0.09817477 2283.0 3383.0 3704.0 6534.0 70000443
cell 7 -1.09690263 2.79798096 0.1 0.09817477 2283.0 3383.0 3704.0 6534.0 70000444
cell 7 -1.09690263 2.89615573 0.1 0.09817477 2283.0 3383.0 3704.0 6534.0 70000445
cell 7 -1.09690263 2.9943305 0.1 0.09817477 2283.0 3383.0 3704.0 6534.0 70000446
cell 7 -1.09690263 3.09250527 0.1 0.09817477 2283.0 3383.0 3704.0 6534.0 70000447
cell 7 -0.99690263 -3.09250527 0.1 0.09817477 2283.0 3383.0 3704.0 6534.0 70000448
cell 7 -0.99690263 -2.9943305 0.1 0.09817477 2283.0 3383.0 3704.0 6534.0 70000449
cell 7 -0.99690263 -2.89615573 0.1 0.09817477 2283.0 3383.0 3704.0 6534.0 70000450
cell 7 -0.99690263 -2.79798096 0.1 0.09817477 2283.0 3383.0 3704.0 6534.0 70000451
cell 7 -0.99690263 -2.69980619 0.1 0.09817477 2283.0 3383.0 3704.0 6534.0 70000452
cell 7 -0.99690263 -2.60163142 0.1 0.09817477 2283.0 3383.0 3704.0 6534.0 70000453
cell 7 -0.99690263 -2.50345665 0.1 0.09817477 2283.0 3383.0 3704.0 6534.0 70000454
cell 7 -0.99690263 -2.40528188 0.1 0.09817477 2283.0 3383.0 3704.0 6534.0 70000455
cell 7 -0.99690263 -2.3071071 0.1 0.09817477 2283.0 3383.0 3704.0 6534.0 70000456
cell 7 -0.99690263 -2.20893233 0.1 0.09817477 2283.0 3383.0 3704.0 6534.0 70000457
cell 7 -0.99690263 -2.11075756 0.1 0.09817477 2283.0 3383.0 3704.0 6534.0 70000458
cell 7 -0.99690263 -2.01258279 0.1 0.09817477 2283.0 3383.0 3704.0 6534.0 70000459
cell 7 -0.99690263 -1.91440802 0.1 0.09817477 2283.0 3383.0 3704.0 6534.0 70000460
cell 7 -0.99690263 -1.81623325 0.1 0.09817477 2283.0 3383.0 3704.0 6534.0 70000461
cell 7 -0.99690263 -1.71805848 0.1 0.09817477 2283.0 3383.0 3704.0 6534.0 70000462
cell 7 -0.99690263 -1.61988371 0.1 0.09817477 2283.0 3383.0 3704.0 6534.0 70000463
cell 7 -0.99690263 -1.52170894 0.1 0.09817477 2283.0 3383.0 3704.0 6534.0 70000464
cell 7 -0.99690263 -1.42353417 0.1 0.09817477 2283.0 3383.0 3704.0 6534.0 70000465
cell 7 -0.99690263 -1.3253594 0.1 0.09817477 2283.0 3383.0 3704.0 6534.0 70000466
cell 7 -0.99690263 -1.22718463 0.1 0.09817477 2283.0 3383.0 3704.0 6534.0 70000467
cell 7 -0.99690263 -1.12900986 0.1 0.09817477 2283.0 3383.0 3704.0 6534.0 70000468
cell 7 -0.99690263 -1.03083509 0.1 0.09817477 2283.0 3383.0 3704.0 6534.0 70000469
cell 7 -0.99690263 -0.93266032 0.1 0.09817477 2283.0 3383.0 3704.0 6534.0 70000470
cell 7 -0.99690263 -0.83448555 0.1 0.09817477 2283.0 3383.0 3704.0 6534.0 70000471
cell 7 -0.99690263 -0.73631078 0.1 0.09817477 2283.0 3383.0 3704.0 6534.0 70000472
cell 7 -0.99690263 -0.63813601 0.1 0.09817477 2283.0 3383.0 3704.0 6534.0 70000473
cell 7 -0.99690263 -0.53996124 0.1 0.09817477 2283.0 3383.0 3704.0 6534.0 70000474
cell 7 -0.99690263 -0.44178647 0.1 0.09817477 2283.0 3383.0 3704.0 6534.0 70000475
cell 7 -0.99690263 -0.3436117 0.1 0.09817477 2283.0 3383.0 3704.0 6534.0 70000476
cell 7 -0.99690263 -0.24543693 0.1 0.09817477 2283.0 3383.0 3704.0 6534.0 70000477
cell 7 -0.99690263 -0.14726216 0.1 0.09817477 2283.0 3383.0 3704.0 6534.0 70000478
cell 7 -0.99690263 -0.04908739 0.1 0.09817477 2283.0 3383.0 3704.0 6534.0 70000479
cell 7 -0.99690263 0.04908739 0.1 0.09817477 2283.0 3383.0 3704.0 6534.0 70000480
cell 7 -0.99690263 0.14726216 0.1 0.09817477 2283.0 3383.0 3704.0 6534.0 70000481
cell 7 -0.99690263 0.24543693 0.1 0.09817477 2283.0 3383.0 3704.0 6534.0 70000482
cell 7 -0.99690263 0.3436117 0.1 0.09817477 2283.0 3383.0 3704.0 6534.0 70000483
cell 7 -0.99690263 0.44178647 0.1 0.09817477 2283.0 3383.0 3704.0 6534.0 70000484
cell 7 -0.99690263 0.53996124 0.1 0.09817477 2283.0 3383.0 3704.0 6534.0 70000485
cell 7 -0.99690263 0.63813601 0.1 0.09817477 2283.0 3383.0 3704.0 6534.0 70000486
cell 7 -0.99690263 0.73631078 0.1 0.09817477 2283.0 3383.0 3704.0 6534.0 70000487
cell 7 -0.99690263 0.83448555 0.1 0.09817477 2283.0 3383.0 3704.0 6534.0 70000488
cell 7 -0.99690263 0.93266032 0.1 0.09817477 2283.0 3383.0 3704.0 6534.0 70000489
cell 7 -0.99690263 1.03083509 0.1 0.09817477 2283.0 3383.0 3704.0 6534.0 70000490
cell 7 -0.99690263 1.12900986 0.1 0.09817477 2283.0 3383.0 3704.0 6534.0 70000491
cell 7 -0.99690263 1.22718463 0.1 0.09817477 2283.0 3383.0 3704.0 6534.0 70000492
cell 7 -0.99690263 1.3253594 0.1 0.09817477 2283.0 3383.0 3704.0 6534.0 70000493
cell 7 -0.99690263 1.42353417 0.1 0.09817477 2283.0 3383.0 3704.0 6534.0 70000494
cell 7 -0.99690263 1.52170894 0.1 0.09817477 2283.0 3383.0 3704.0 6534.0 70000495
cell 7 -0.99690263 1.61988371 0.1 0.09817477 2283.0 3383.0 3704.0 6534.0 70000496
cell 7 -0.99690263 1.71805848 0.1 0.09817477 2283.0 3383.0 3704.0 6534.0 70000497
cell 7 -0.99690263 1.81623325 0.1 0.09817477 2283.0 3383.0 3704.0 6534.0 70000498
cell 7 -0.99690263 1.91440802 0.1 0.09817477 2283.0 3383.0 3704.0 6534.0 70000499
cell 7 -0.99690263 2.01258279 0.1 0.09817477 2283.0 3383.0 3704.0 6534.0 70000500
cell 7 -0.99690263 2.11075756 0.1 0.09817477 2283.0 3383.0 3704.0 6534.0 70000501
cell 7 -0.99690263 2.20893233 0.1 0.09817477 2283.0 3383.0 3704.0 6534.0 70000502
cell 7 -0.99690263 2.3071071 0.1 0.09817477 2283.0 3383.0 3704.0 6534.0 70000503
cell 7 -0.99690263 2.40528188 0.1 0.09817477 2283.0 3383.0 3704.0 6534.0 70000504
cell 7 -0.99690263 2.50345665 0.1 0.09817477 2283.0 3383.0 3704.0 6534.0 70000505
cell 7 -0.99690263 2.60163142 0.1 0.09817477 2283.0 3383.0 3704.0 6534.0 70000506
cell 7 -0.99690263 2.69980619 0.1 0.09817477 2283.0 3383.0 3704.0 6534.0 70000507
cell 7 -0.99690263 2.79798096 0.1 0.09817477 2283.0 3383.0 3704.0 6534.0 70000508
cell 7 -0.99690263 2.89615573 0.1 0.09817477 2283.0 3383.0 3704.0 6534.0 70000509
cell 7 -0.99690263 2.9943305 0.1 0.09817477 2283.0 3383.0 3704.0 6534.0 70000510
cell 7 -0.99690263 3.09250527 0.1 0.09817477 2283.0 3383.0 3704.0 6534.0 70000511
cell 7 0.99690263 -3.09250527 0.1 0.09817477 2283.0 3383.0 3704.0 6534.0 70000512
cell 7 0.99690263 -2.9943305 0.1 0.09817477 2283.0 3383.0 3704.0 6534.0 70000513
cell 7 0.99690263 -2.89615573 0.1 0.09817477 2283.0 3383.0 3704.0 6534.0 70000514
cell 7 0.99690263 -2.79798096 0.1 0.09817477 2283.0 3383.0 3704.0 6534.0 70000515
cell 7 0.99690263 -2.69980619 0.1 0.09817477 2283.0 3383.0 3704.0 6534.0 70000516
cell 7 0.99690263 -2.60163142 0.1 0.09817477 2283.0 3383.0 3704.0 6534.0 70000517
cell 7 0.99690263 -2.50345665 0.1 0.09817477 2283.0 3383.0 3704.0 6534.0 70000518
cell 7 0.99690263 -2.40528188 0.1 0.09817477 2283.0 3383.0 3704.0 6534.0 70000519
cell 7 0.99690263 -2.3071071 0.1 0.09817477 2283.0 3383.0 3704.0 6534.0 70000520
cell 7 0.99690263 -2.20893233 0.1 0.09817477 2283.0 3383.0 3704.0 6534.0 70000521
cell 7 0.99690263 -2.11075756 0.1 0.09817477 2283.0 3383.0 3704.0 6534.0 70000522
cell 7 0.99690263 -2.01258279 0.1 0.09817477 2283.0 3383.0 3704.0 6534.0 70000523
cell 7 0.99690263 -1.91440802 0.1 0.09817477 2283.0 3383.0 3704.0 6534.0 70000524
cell 7 0.99690263 -1.81623325 0.1 0.09817477 2283.0 3383.0 3704.0 6534.0 70000525
cell 7 0.99690263 -1.71805848 0.1 0.09817477 2283.0 3383.0 3704.0 6534.0 70000526
cell 7 0.99690263 -1.61988371 0.1 0.09817477 2283.0 3383.0 3704.0 6534.0 70000527
cell 7 0.99690263 -1.52170894 0.1 0.09817477 2283.0 3383.0 3704.0 6534.0 70000528
cell 7 0.99690263 -1.42353417 0.1 0.09817477 2283.0 3383.0 3704.0 6534.0 70000529
cell 7 0.99690263 -1.3253594 0.1 0.09817477 2283.0 3383.0 3704.0 6534.0 70000530
cell 7 0.99690263 -1.22718463 0.1 0.09817477 2283.0 3383.0 3704.0 6534.0 70000531
cell 7 0.99690263 -1.12900986 0.1 0.09817477 2283.0 3383.0 3704.0 6534.0 70000532
cell 7 0.99690263 -1.03083509 0.1 0.09817477 2283.0 3383.0 3704.0 6534.0 70000533
cell 7 0.99690263 -0.93266032 0.1 0.09817477 2283.0 3383.0 3704.0 6534.0 70000534
cell 7 0.99690263 -0.83448555 0.1 0.09817477 2283.0 3383.0 3704.0 6534.0 70000535
cell 7 0.99690263 -0.73631078 0.1 0.09817477 2283.0 3383.0 3704.0 6534.0 70000536
cell 7 0.99690263 -0.63813601 0.1 0.09817477 2283.0 3383.0 3704.0 6534.0 70000537
cell 7 0.99690263 -0.53996124 0.1 0.09817477 2283.0 3383.0 3704.0 6534.0 70000538
cell 7 0.99690263 -0.44178647 0.1 0.09817477 2283.0 3383.0 3704.0 6534.0 70000539
cell 7 0.99690263 -0.3436117 0.1 0.09817477 2283.0 3383.0 3704.0 6534.0 70000540
cell 7 0.99690263 -0.24543693 0.1 0.09817477 2283.0 3383.0 3704.0 6534.0 70000541
cell 7 0.99690263 -0.14726216 0.1 0.09817477 2283.0 3383.0 3704.0 6534.0 70000542
cell 7 0.99690263 -0.04908739 0.1 0.09817477 2283.0 3383.0 3704.0 6534.0 70000543
cell 7 0.99690263 0.04908739 0.1 0.09817477 2283.0 3383.0 3704.0 6534.0 70000544
cell 7 0.99690263 0.14726216 0.1 0.09817477 2283.0 3383.0 3704.0 6534.0 70000545
cell 7 0.99690263 0.24543693 0.1 0.09817477 2283.0 3383.0 3704.0 6534.0 70000546
cell 7 0.99690263 0.3436117 0.1 0.09817477 2283.0 3383.0 3704.0 6534.0 70000547
cell 7 0.99690263 0.44178647 0.1 0.09817477 2283.0 3383.0 3704.0 6534.0 70000548
cell 7 0.99690263 0.53996124 0.1 0.09817477 2283.0 3383.0 3704.0 6534.0 70000549
cell 7 0.99690263 0.63813601 0.1 0.09817477 2283.0 3383.0 3704.0 6534.0 70000550
cell 7 0.99690263 0.73631078 0.1 0.09817477 2283.0 3383.0 3704.0 6534.0 70000551
cell 7 0.99690263 0.83448555 0.1 0.09817477 2283.0 3383.0 3704.0 6534.0 70000552
cell 7 0.99690263 0.93266032 0.1 0.09817477 2283.0 3383.0 3704.0 6534.0 70000553
cell 7 0.99690263 1.03083509 0.1 0.09817477 2283.0 3383.0 3704.0 6534.0 70000554
cell 7 0.99690263 1.12900986 0.1 0.09817477 2283.0 3383.0 3704.0 6534.0 70000555
cell 7 0.99690263 1.22718463 0.1 0.09817477 2283.0 3383.0 3704.0 6534.0 70000556
cell 7 0.99690263 1.3253594 0.1 0.09817477 2283.0 3383.0 3704.0 6534.0 70000557
cell 7 0.99690263 1.42353417 0.1 0.09817477 2283.0 3383.0 3704.0 6534.0 70000558
cell 7 0.99690263 1.52170894 0.1 0.09817477 2283.0 3383.0 3704.0 6534.0 70000559
cell 7 0.99690263 1.61988371 0.1 0.09817477 2283.0 3383.0 3704.0 6534.0 70000560
cell 7 0.99690263 1.71805848 0.1 0.09817477 2283.0 3383.0 3704.0 6534.0 70000561
cell 7 0.99690263 1.81623325 0.1 0.09817477 2283.0 3383.0 3704.0 6534.0 70000562
cell 7 0.99690263 1.91440802 0.1 0.09817477 2283.0 3383.0 3704.0 6534.0 70000563
cell 7 0.99690263 2.01258279 0.1 0.09817477 2283.0 3383.0 3704.0 6534.0 70000564
cell 7 0.99690263 2.11075756 0.1 0.09817477 2283.0 3383.0 3704.0 6534.0 70000565
cell 7 0.99690263 2.20893233 0.1 0.09817477 2283.0 3383.0 3704.0 6534.0 70000566
cell 7 0.99690263 2.3071071 0.1 0.09817477 2283.0 3383.0 3704.0 6534.0 70000567
cell 7 0.99690263 2.40528188 0.1 0.09817477 2283.0 3383.0 3704.0 6534.0 70000568
cell 7 0.99690263 2.50345665 0.1 0.09817477 2283.0 3383.0 3704.0 6534.0 70000569
cell 7 0.99690263 2.60163142 0.1 0.09817477 2283.0 3383.0 3704.0 6534.0 70000570
cell 7 0.99690263 2.69980619 0.1 0.09817477 2283.0 3383.0 3704.0 6534.0 70000571
cell 7 0.99690263 2.79798096 0.1 0.09817477 2283.0 3383.0 3704.0 6534.0 70000572
cell 7 0.99690263 2.89615573 0.1 0.09817477 2283.0 3383.0 3704.0 6534.0 70000573
cell 7 0.99690263 2.9943305 0.1 0.09817477 2283.0 3383.0 3704.0 6534.0 70000574
cell 7 0.99690263 3.09250527 0.1 0.09817477 2283.0 3383.0 3704.0 6534.0 70000575
cell 7 1.09690263 -3.09250527 0.1 0.09817477 2283.0 3383.0 3704.0 6534.0 70000576
cell 7 1.09690263 -2.9943305 0.1 0.09817477 2283.0 3383.0 3704.0 6534.0 70000577
cell 7 1.09690263 -2.89615573 0.1 0.09817477 2283.0 3383.0 3704.0 6534.0 70000578
cell 7 1.09690263 -2.79798096 0.1 0.09817477 2283.0 3383.0 3704.0 6534.0 70000579
cell 7 1.09690263 -2.69980619 0.1 0.09817477 2283.0 3383.0 3704.0 6534.0 70000580
cell 7 1.09690263 -2.60163142 0.1 0.09817477 2283.0 3383.0 3704.0 6534.0 70000581
cell 7 1.09690263 -2.50345665 0.1 0.09817477 2283.0 3383.0 3704.0 6534.0 70000582
cell 7 1.09690263 -2.40528188 0.1 0.09817477 2283.0 3383.0 3704.0 6534.0 70000583
cell 7 1.09690263 -2.3071071 0.1 0.09817477 2283.0 3383.0 3704.0 6534.0 70000584
cell 7 1.09690263 -2.20893233 0.1 0.09817477 2283.0 3383.0 3704.0 6534.0 70000585
cell 7 1.09690263 -2.11075756 0.1 0.09817477 2283.0 3383.0 3704.0 6534.0 70000586
cell 7 1.09690263 -2.01258279 0.1 0.09817477 2283.0 3383.0 3704.0 6534.0 70000587
cell 7 1.09690263 -1.91440802 0.1 0.09817477 2283.0 3383.0 3704.0 6534.0 70000588
cell 7 1.09690263 -1.81623325 0.1 0.09817477 2283.0 3383.0 3704.0 6534.0 70000589
cell 7 1.09690263 -1.71805848 0.1 0.09817477 2283.0 3383.0 3704.0 6534.0 70000590
cell 7 1.09690263 -1.61988371 0.1 0.09817477 2283.0 3383.0 3704.0 6534.0 70000591
cell 7 1.09690263 -1.52170894 0.1 0.09817477 2283.0 3383.0 3704.0 6534.0 70000592
cell 7 1.09690263 -1.42353417 0.1 0.09817477 2283.0 3383.0 3704.0 6534.0 70000593
cell 7 1.09690263 -1.3253594 0.1 0.09817477 2283.0 3383.0 3704.0 6534.0 70000594
cell 7 1.09690263 -1.22718463 0.1 0.09817477 2283.0 3383.0 3704.0 6534.0 70000595
cell 7 1.09690263 -1.12900986 0.1 0.09817477 2283.0 3383.0 3704.0 6534.0 70000596
cell 7 1.09690263 -1.03083509 0.1 0.09817477 2283.0 3383.0 3704.0 6534.0 70000597
cell 7 1.09690263 -0.93266032 0.1 0.09817477 2283.0 3383.0 3704.0 6534.0 70000598
cell 7 1.09690263 -0.83448555 0.1 0.09817477 2283.0 3383.0 3704.0 6534.0 70000599
cell 7 1.09690263 -0.73631078 0.1 0.09817477 2283.0 3383.0 3704.0 6534.0 70000600
cell 7 1.09690263 -0.63813601 0.1 0.09817477 2283.0 3383.0 3704.0 6534.0 70000601
cell 7 1.09690263 -0.53996124 0.1 0.09817477 2283.0 3383.0 3704.0 6534.0 70000602
cell 7 1.09690263 -0.44178647 0.1 0.09817477 2283.0 3383.0 3704.0 6534.0 70000603
cell 7 1.09690263 -0.3436117 0.1 0.09817477 2283.0 3383.0 3704.0 6534.0 70000604
cell 7 1.09690263 -0.24543693 0.1 0.09817477 2283.0 3383.0 3704.0 6534.0 70000605
cell 7 1.09690263 -0.14726216 0.1 0.09817477 2283.0 3383.0 3704.0 6534.0 70000606
cell 7 1.09690263 -0.04908739 0.1 0.09817477 2283.0 3383.0 3704.0 6534.0 70000607
cell 7 1.09690263 0.04908739 0.1 0.09817477 2283.0 3383.0 3704.0 6534.0 70000608
cell 7 1.09690263 0.14726216 0.1 0.09817477 2283.0 3383.0 3704.0 6534.0 70000609
cell 7 1.09690263 0.24543693 0.1 0.09817477 2283.0 3383.0 3704.0 6534.0 70000610
cell 7 1.09690263 0.3436117 0.1 0.09817477 2283.0 3383.0 3704.0 6534.0 70000611
cell 7 1.09690263 0.44178647 0.1 0.09817477 2283.0 3383.0 3704.0 6534.0 70000612
cell 7 1.09690263 0.53996124 0.1 0.09817477 2283.0 3383.0 3704.0 6534.0 70000613
cell 7 1.09690263 0.63813601 0.1 0.09817477 2283.0 3383.0 3704.0 6534.0 70000614
cell 7 1.09690263 0.73631078 0.1 0.09817477 2283.0 3383.0 3704.0 6534.0 70000615
cell 7 1.09690263 0.83448555 0.1 0.09817477 2283.0 3383.0 3704.0 6534.0 70000616
cell 7 1.09690263 0.93266032 0.1 0.09817477 2283.0 3383.0 3704.0 6534.0 70000617
cell 7 1.09690263 1.03083509 0.1 0.09817477 2283.0 3383.0 3704.0 6534.0 70000618
cell 7 1.09690263 1.12900986 0.1 0.09817477 2283.0 3383.0 3704.0 6534.0 70000619
cell 7 1.09690263 1.22718463 0.1 0.09817477 2283.0 3383.0 3704.0 6534.0 70000620
cell 7 1.09690263 1.3253594 0.1 0.09817477 2283.0 3383.0 3704.0 6534.0 70000621
cell 7 1.09690263 1.42353417 0.1 0.09817477 2283.0 3383.0 3704.0 6534.0 70000622
cell 7 1.09690263 1.52170894 0.1 0.09817477 2283.0 3383.0 3704.0 6534.0 70000623
cell 7 1.09690263 1.61988371 0.1 0.09817477 2283.0 3383.0 3704.0 6534.0 70000624
cell 7 1.09690263 1.71805848 0.1 0.09817477 2283.0 3383.0 3704.0 6534.0 70000625
cell 7 1.09690263 1.81623325 0.1 0.09817477 2283.0 3383.0 3704.0 6534.0 70000626
cell 7 1.09690263 1.91440802 0.1 0.09817477 2283.0 3383.0 3704.0 6534.0 70000627
cell 7 1.09690263 2.01258279 0.1 0.09817477 2283.0 3383.0 3704.0 6534.0 70000628
cell 7 1.09690263 2.11075756 0.1 0.09817477 2283.0 3383.0 3704.0 6534.0 70000629
cell 7 1.09690263 2.20893233 0.1 0.09817477 2283.0 3383.0 3704.0 6534.0 70000630
cell 7 1.09690263 2.3071071 0.1 0.09817477 2283.0 3383.0 3704.0 6534.0 70000631
cell 7 1.09690263 2.40528188 0.1 0.09817477 2283.0 3383.0 3704.0 6534.0 70000632
cell 7 1.09690263 2.50345665 0.1 0.09817477 2283.0 3383.0 3704.0 6534.0 70000633
cell 7 1.09690263 2.60163142 0.1 0.09817477 2283.0 3383.0 3704.0 6534.0 70000634
cell 7 1.09690263 2.69980619 0.1 0.09817477 2283.0 3383.0 3704.0 6534.0 70000635
cell 7 1.09690263 2.79798096 0.1 0.09817477 2283.0 3383.0 3704.0 6534.0 70000636
cell 7 1.09690263 2.89615573 0.1 0.09817477 2283.0 3383.0 3704.0 6534.0 70000637
cell 7 1.09690263 2.9943305 0.1 0.09817477 2283.0 3383.0 3704.0 6534.0 70000638
cell 7 1.09690263 3.09250527 0.1 0.09817477 2283.0 3383.0 3704.0 6534.0 70000639
cell 7 1.19690263 -3.09250527 0.1 0.09817477 2283.0 3383.0 3704.0 6534.0 70000640
cell 7 1.19690263 -2.9943305 0.1 0.09817477 2283.0 3383.0 3704.0 6534.0 70000641
cell 7 1.19690263 -2.89615573 0.1 0.09817477 2283.0 3383.0 3704.0 6534.0 70000642
cell 7 1.19690263 -2.79798096 0.1 0.09817477 2283.0 3383.0 3704.0 6534.0 70000643
cell 7 1.19690263 -2.69980619 0.1 0.09817477 2283.0 3383.0 3704.0 6534.0 70000644
cell 7 1.19690263 -2.60163142 0.1 0.09817477 2283.0 3383.0 3704.0 6534.0 70000645
cell 7 1.19690263 -2.50345665 0.1 0.09817477 2283.0 3383.0 3704.0 6534.0 70000646
cell 7 1.19690263 -2.40528188 0.1 0.09817477 2283.0 3383.0 3704.0 6534.0 70000647
cell 7 1.19690263 -2.3071071 0.1 0.09817477 2283.0 3383.0 3704.0 6534.0 70000648
cell 7 1.19690263 -2.20893233 0.1 0.09817477 2283.0 3383.0 3704.0 6534.0 70000649
cell 7 1.19690263 -2.11075756 0.1 0.09817477 2283.0 3383.0 3704.0 6534.0 70000650
cell 7 1.19690263 -2.01258279 0.1 0.09817477 2283.0 3383.0 3704.0 6534.0 70000651
cell 7 1.19690263 -1.91440802 0.1 0.09817477 2283.0 3383.0 3704.0 6534.0 70000652
cell 7 1.19690263 -1.81623325 0.1 0.09817477 2283.0 3383.0 3704.0 6534.0 70000653
cell 7 1.19690263 -1.71805848 0.1 0.09817477 2283.0 3383.0 3704.0 6534.0 70000654
cell 7 1.19690263 -1.61988371 0.1 0.09817477 2283.0 3383.0 3704.0 6534.0 70000655
cell 7 1.19690263 -1.52170894 0.1 0.09817477 2283.0 3383.0 3704.0 6534.0 70000656
cell 7 1.19690263 -1.42353417 0.1 0.09817477 2283.0 3383.0 3704.0 6534.0 70000657
cell 7 1.19690263 -1.3253594 0.1 0.09817477 2283.0 3383.0 3704.0 6534.0 70000658
cell 7 1.19690263 -1.22718463 0.1 0.09817477 2283.0 3383.0 3704.0 6534.0 70000659
cell 7 1.19690263 -1.12900986 0.1 0.09817477 2283.0 3383.0 3704.0 6534.0 70000660
cell 7 1.19690263 -1.03083509 0.1 0.09817477 2283.0 3383.0 3704.0 6534.0 70000661
cell 7 1.19690263 -0.93266032 0.1 0.09817477 2283.0 3383.0 3704.0 6534.0 70000662
cell 7 1.19690263 -0.83448555 0.1 0.09817477 2283.0 3383.0 3704.0 6534.0 70000663
cell 7 1.19690263 -0.73631078 0.1 0.09817477 2283.0 3383.0 3704.0 6534.0 70000664
cell 7 1.19690263 -0.63813601 0.1 0.09817477 2283.0 3383.0 3704.0 6534.0 70000665
cell 7 1.19690263 -0.53996124 0.1 0.09817477 2283.0 3383.0 3704.0 6534.0 70000666
cell 7 1.19690263 -0.44178647 0.1 0.09817477 2283.0 3383.0 3704.0 6534.0 70000667
cell 7 1.19690263 -0.3436117 0.1 0.09817477 2283.0 3383.0 3704.0 6534.0 70000668
cell 7 1.19690263 -0.24543693 0.1 0.09817477 2283.0 3383.0 3704.0 6534.0 70000669
cell 7 1.19690263 -0.14726216 0.1 0.09817477 2283.0 3383.0 3704.0 6534.0 70000670
cell 7 1.19690263 -0.04908739 0.1 0.09817477 2283.0 3383.0 3704.0 6534.0 70000671
cell 7 1.19690263 0.04908739 0.1 0.09817477 2283.0 3383.0 3704.0 6534.0 70000672
cell 7 1.19690263 0.14726216 0.1 0.09817477 2283.0 3383.0 3704.0 6534.0 70000673
cell 7 1.19690263 0.24543693 0.1 0.09817477 2283.0 3383.0 3704.0 6534.0 70000674
cell 7 1.19690263 0.3436117 0.1 0.09817477 2283.0 3383.0 3704.0 6534.0 70000675
cell 7 1.19690263 0.44178647 0.1 0.09817477 2283.0 3383.0 3704.0 6534.0 70000676
cell 7 1.19690263 0.53996124 0.1 0.09817477 2283.0 3383.0 3704.0 6534.0 70000677
cell 7 1.19690263 0.63813601 0.1 0.09817477 2283.0 3383.0 3704.0 6534.0 70000678
cell 7 1.19690263 0.73631078 0.1 0.09817477 2283.0 3383.0 3704.0 6534.0 70000679
cell 7 1.19690263 0.83448555 0.1 0.09817477 2283.0 3383.0 3704.0 6534.0 70000680
cell 7 1.19690263 0.93266032 0.1 0.09817477 2283.0 3383.0 3704.0 6534.0 70000681
cell 7 1.19690263 1.03083509 0.1 0.09817477 2283.0 3383.0 3704.0 6534.0 70000682
cell 7 1.19690263 1.12900986 0.1 0.09817477 2283.0 3383.0 3704.0 6534.0 70000683
cell 7 1.19690263 1.22718463 0.1 0.09817477 2283.0 3383.0 3704.0 6534.0 70000684
cell 7 1.19690263 1.3253594 0.1 0.09817477 2283.0 3383.0 3704.0 6534.0 70000685
cell 7 1.19690263 1.42353417 0.1 0.09817477 2283.0 3383.0 3704.0 6534.0 70000686
cell 7 1.19690263 1.52170894 0.1 0.09817477 2283.0 3383.0 3704.0 6534.0 70000687
cell 7 1.19690263 1.61988371 0.1 0.09817477 2283.0 3383.0 3704.0 6534.0 70000688
cell 7 1.19690263 1.71805848 0.1 0.09817477 2283.0 3383.0 3704.0 6534.0 70000689
cell 7 1.19690263 1.81623325 0.1 0.09817477 2283.0 3383.0 3704.0 6534.0 70000690
cell 7 1.19690263 1.91440802 0.1 0.09817477 2283.0 3383.0 3704.0 6534.0 70000691
cell 7 1.19690263 2.01258279 0.1 0.09817477 2283.0 3383.0 3704.0 6534.0 70000692
cell 7 1.19690263 2.11075756 0.1 0.09817477 2283.0 3383.0 3704.0 6534.0 70000693
cell 7 1.19690263 2.20893233 0.1 0.09817477 2283.0 3383.0 3704.0 6534.0 70000694
cell 7 1.19690263 2.3071071 0.1 0.09817477 2283.0 3383.0 3704.0 6534.0 70000695
cell 7 1.19690263 2.40528188 0.1 0.09817477 2283.0 3383.0 3704.0 6534.0 70000696
cell 7 1.19690263 2.50345665 0.1 0.09817477 2283.0 3383.0 3704.0 6534.0 70000697
cell 7 1.19690263 2.60163142 0.1 0.09817477 2283.0 3383.0 3704.0 6534.0 70000698
cell 7 1.19690263 2.69980619 0.1 0.09817477 2283.0 3383.0 3704.0 6534.0 70000699
cell 7 1.19690263 2.79798096 0.1 0.09817477 2283.0 3383.0 3704.0 6534.0 70000700
cell 7 1.19690263 2.89615573 0.1 0.09817477 2283.0 3383.0 3704.0 6534.0 70000701
cell 7 1.19690263 2.9943305 0.1 0.09817477 2283.0 3383.0 3704.0 6534.0 70000702
cell 7 1.19690263 3.09250527 0.1 0.09817477 2283.0 3383.0 3704.0 6534.0 70000703
cell 7 1.29690263 -3.09250527 0.1 0.09817477 2283.0 3383.0 3704.0 6534.0 70000704
cell 7 1.29690263 -2.9943305 0.1 0.09817477 2283.0 3383.0 3704.0 6534.0 70000705
cell 7 1.29690263 -2.89615573 0.1 0.09817477 2283.0 3383.0 3704.0 6534.0 70000706
cell 7 1.29690263 -2.79798096 0.1 0.09817477 2283.0 3383.0 3704.0 6534.0 70000707
cell 7 1.29690263 -2.69980619 0.1 0.09817477 2283.0 3383.0 3704.0 6534.0 70000708
cell 7 1.29690263 -2.60163142 0.1 0.09817477 2283.0 3383.0 3704.0 6534.0 70000709
cell 7 1.29690263 -2.50345665 0.1 0.09817477 2283.0 3383.0 3704.0 6534.0 70000710
cell 7 1.29690263 -2.40528188 0.1 0.09817477 2283.0 3383.0 3704.0 6534.0 70000711
cell 7 1.29690263 -2.3071071 0.1 0.09817477 2283.0 3383.0 3704.0 6534.0 70000712
cell 7 1.29690263 -2.20893233 0.1 0.09817477 2283.0 3383.0 3704.0 6534.0 70000713
cell 7 1.29690263 -2.11075756 0.1 0.09817477 2283.0 3383.0 3704.0 6534.0 70000714
cell 7 1.29690263 -2.01258279 0.1 0.09817477 2283.0 3383.0 3704.0 6534.0 70000715
cell 7 1.29690263 -1.91440802 0.1 0.09817477 2283.0 3383.0 3704.0 6534.0 70000716
cell 7 1.29690263 -1.81623325 0.1 0.09817477 2283.0 3383.0 3704.0 6534.0 70000717
cell 7 1.29690263 -1.71805848 0.1 0.09817477 2283.0 3383.0 3704.0 6534.0 70000718
cell 7 1.29690263 -1.61988371 0.1 0.09817477 2283.0 3383.0 3704.0 6534.0 70000719
cell 7 1.29690263 -1.52170894 0.1 0.09817477 2283.0 3383.0 3704.0 6534.0 70000720
cell 7 1.29690263 -1.42353417 0.1 0.09817477 2283.0 3383.0 3704.0 6534.0 70000721
cell 7 1.29690263 -1.3253594 0.1 0.09817477 2283.0 3383.0 3704.0 6534.0 70000722
cell 7 1.29690263 -1.22718463 0.1 0.09817477 2283.0 3383.0 3704.0 6534.0 70000723
cell 7 1.29690263 -1.12900986 0.1 0.09817477 2283.0 3383.0 3704.0 6534.0 70000724
cell 7 1.29690263 -1.03083509 0.1 0.09817477 2283.0 3383.0 3704.0 6534.0 70000725
cell 7 1.29690263 -0.93266032 0.1 0.09817477 2283.0 3383.0 3704.0 6534.0 70000726
cell 7 1.29690263 -0.83448555 0.1 0.09817477 2283.0 3383.0 3704.0 6534.0 70000727
cell 7 1.29690263 -0.73631078 0.1 0.09817477 2283.0 3383.0 3704.0 6534.0 70000728
cell 7 1.29690263 -0.63813601 0.1 0.09817477 2283.0 3383.0 3704.0 6534.0 70000729
cell 7 1.29690263 -0.53996124 0.1 0.09817477 2283.0 3383.0 3704.0 6534.0 70000730
cell 7 1.29690263 -0.44178647 0.1 0.09817477 2283.0 3383.0 3704.0 6534.0 70000731
cell 7 1.29690263 -0.3436117 0.1 0.09817477 2283.0 3383.0 3704.0 6534.0 70000732
cell 7 1.29690263 -0.24543693 0.1 0.09817477 2283.0 3383.0 3704.0 6534.0 70000733
cell 7 1.29690263 -0.14726216 0.1 0.09817477 2283.0 3383.0 3704.0 6534.0 70000734
cell 7 1.29690263 -0.04908739 0.1 0.09817477 2283.0 3383.0 3704.0 6534.0 70000735
cell 7 1.29690263 0.04908739 0.1 0.09817477 2283.0 3383.0 3704.0 6534.0 70000736
cell 7 1.29690263 0.14726216 0.1 0.09817477 2283.0 3383.0 3704.0 6534.0 70000737
cell 7 1.29690263 0.24543693 0.1 0.09817477 2283.0 3383.0 3704.0 6534.0 70000738
cell 7 1.29690263 0.3436117 0.1 0.09817477 2283.0 3383.0 3704.0 6534.0 70000739
cell 7 1.29690263 0.44178647 0.1 0.09817477 2283.0 3383.0 3704.0 6534.0 70000740
cell 7 1.29690263 0.53996124 0.1 0.09817477 2283.0 3383.0 3704.0 6534.0 70000741
cell 7 1.29690263 0.63813601 0.1 0.09817477 2283.0 3383.0 3704.0 6534.0 70000742
cell 7 1.29690263 0.73631078 0.1 0.09817477 2283.0 3383.0 3704.0 6534.0 70000743
cell 7 1.29690263 0.83448555 0.1 0.09817477 2283.0 3383.0 3704.0 6534.0 70000744
cell 7 1.29690263 0.93266032 0.1 0.09817477 2283.0 3383.0 3704.0 6534.0 70000745
cell 7 1.29690263 1.03083509 0.1 0.09817477 2283.0 3383.0 3704.0 6534.0 70000746
cell 7 1.29690263 1.12900986 0.1 0.09817477 2283.0 3383.0 3704.0 6534.0 70000747
cell 7 1.29690263 1.22718463 0.1 0.09817477 2283.0 3383.0 3704.0 6534.0 70000748
cell 7 1.29690263 1.3253594 0.1 0.09817477 2283.0 3383.0 3704.0 6534.0 70000749
cell 7 1.29690263 1.42353417 0.1 0.09817477 2283.0 3383.0 3704.0 6534.0 70000750
cell 7 1.29690263 1.52170894 0.1 0.09817477 2283.0 3383.0 3704.0 6534.0 70000751
cell 7 1.29690263 1.61988371 0.1 0.09817477 2283.0 3383.0 3704.0 6534.0 70000752
cell 7 1.29690263 1.71805848 0.1 0.09817477 2283.0 3383.0 3704.0 6534.0 70000753
cell 7 1.29690263 1.81623325 0.1 0.09817477 2283.0 3383.0 3704.0 6534.0 70000754
cell 7 1.29690263 1.91440802 0.1 0.09817477 2283.0 3383.0 3704.0 6534.0 70000755
cell 7 1.29690263 2.01258279 0.1 0.09817477 2283.0 3383.0 3704.0 6534.0 70000756
cell 7 1.29690263 2.11075756 0.1 0.09817477 2283.0 3383.0 3704.0 6534.0 70000757
cell 7 1.29690263 2.20893233 0.1 0.09817477 2283.0 3383.0 3704.0 6534.0 70000758
cell 7 1.29690263 2.3071071 0.1 0.09817477 2283.0 3383.0 3704.0 6534.0 70000759
cell 7 1.29690263 2.40528188 0.1 0.09817477 2283.0 3383.0 3704.0 6534.0 70000760
cell 7 1.29690263 2.50345665 0.1 0.09817477 2283.0 3383.0 3704.0 6534.0 70000761
cell 7 1.29690263 2.60163142 0.1 0.09817477 2283.0 3383.0 3704.0 6534.0 70000762
cell 7 1.29690263 2.69980619 0.1 0.09817477 2283.0 3383.0 3704.0 6534.0 70000763
cell 7 1.29690263 2.79798096 0.1 0.09817477 2283.0 3383.0 3704.0 6534.0 70000764
cell 7 1.29690263 2.89615573 0.1 0.09817477 2283.0 3383.0 3704.0 6534.0 70000765
cell 7 1.29690263 2.9943305 0.1 0.09817477 2283.0 3383.0 3704.0 6534.0 70000766
cell 7 1.29690263 3.09250527 0.1 0.09817477 2283.0 3383.0 3704.0 6534.0 70000767
cell 7 1.39690263 -3.09250527 0.1 0.09817477 2283.0 3383.0 3704.0 6534.0 70000768
cell 7 1.39690263 -2.9943305 0.1 0.09817477 2283.0 3383.0 3704.0 6534.0 70000769
cell 7 1.39690263 -2.89615573 0.1 0.09817477 2283.0 3383.0 3704.0 6534.0 70000770
cell 7 1.39690263 -2.79798096 0.1 0.09817477 2283.0 3383.0 3704.0 6534.0 70000771
cell 7 1.39690263 -2.69980619 0.1 0.09817477 2283.0 3383.0 3704.0 6534.0 70000772
cell 7 1.39690263 -2.60163142 0.1 0.09817477 2283.0 3383.0 3704.0 6534.0 70000773
cell 7 1.39690263 -2.50345665 0.1 0.09817477 2283.0 3383.0 3704.0 6534.0 70000774
cell 7 1.39690263 -2.40528188 0.1 0.09817477 2283.0 3383.0 3704.0 6534.0 70000775
cell 7 1.39690263 -2.3071071 0.1 0.09817477 2283.0 3383.0 3704.0 6534.0 70000776
cell 7 1.39690263 -2.20893233 0.1 0.09817477 2283.0 3383.0 3704.0 6534.0 70000777
cell 7 1.39690263 -2.11075756 0.1 0.09817477 2283.0 3383.0 3704.0 6534.0 70000778
cell 7 1.39690263 -2.01258279 0.1 0.09817477 2283.0 3383.0 3704.0 6534.0 70000779
cell 7 1.39690263 -1.91440802 0.1 0.09817477 2283.0 3383.0 3704.0 6534.0 70000780
cell 7 1.39690263 -1.81623325 0.1 0.09817477 2283.0 3383.0 3704.0 6534.0 70000781
cell 7 1.39690263 -1.71805848 0.1 0.09817477 2283.0 3383.0 3704.0 6534.0 70000782
cell 7 1.39690263 -1.61988371 0.1 0.09817477 2283.0 3383.0 3704.0 6534.0 70000783
cell 7 1.39690263 -1.52170894 0.1 0.09817477 2283.0 3383.0 3704.0 6534.0 70000784
cell 7 1.39690263 -1.42353417 0.1 0.09817477 2283.0 3383.0 3704.0 6534.0 70000785
cell 7 1.39690263 -1.3253594 0.1 0.09817477 2283.0 3383.0 3704.0 6534.0 70000786
cell 7 1.39690263 -1.22718463 0.1 0.09817477 2283.0 3383.0 3704.0 6534.0 70000787
cell 7 1.39690263 -1.12900986 0.1 0.09817477 2283.0 3383.0 3704.0 6534.0 70000788
cell 7 1.39690263 -1.03083509 0.1 0.09817477 2283.0 3383.0 3704.0 6534.0 70000789
cell 7 1.39690263 -0.93266032 0.1 0.09817477 2283.0 3383.0 3704.0 6534.0 70000790
cell 7 1.39690263 -0.83448555 0.1 0.09817477 2283.0 3383.0 3704.0 6534.0 70000791
cell 7 1.39690263 -0.73631078 0.1 0.09817477 2283.0 3383.0 3704.0 6534.0 70000792
cell 7 1.39690263 -0.63813601 0.1 0.09817477 2283.0 3383.0 3704.0 6534.0 70000793
cell 7 1.39690263 -0.53996124 0.1 0.09817477 2283.0 3383.0 3704.0 6534.0 70000794
cell 7 1.39690263 -0.44178647 0.1 0.09817477 2283.0 3383.0 3704.0 6534.0 70000795
cell 7 1.39690263 -0.3436117 0.1 0.09817477 2283.0 3383.0 3704.0 6534.0 70000796
cell 7 1.39690263 -0.24543693 0.1 0.09817477 2283.0 3383.0 3704.0 6534.0 70000797
cell 7 1.39690263 -0.14726216 0.1 0.09817477 2283.0 3383.0 3704.0 6534.0 70000798
cell 7 1.39690263 -0.04908739 0.1 0.09817477 2283.0 3383.0 3704.0 6534.0 70000799
cell 7 1.39690263 0.04908739 0.1 0.09817477 2283.0 3383.0 3704.0 6534.0 70000800
cell 7 1.39690263 0.14726216 0.1 0.09817477 2283.0 3383.0 3704.0 6534.0 70000801
cell 7 1.39690263 0.24543693 0.1 0.09817477 2283.0 3383.0 3704.0 6534.0 70000802
cell 7 1.39690263 0.3436117 0.1 0.09817477 2283.0 3383.0 3704.0 6534.0 70000803
cell 7 1.39690263 0.44178647 0.1 0.09817477 2283.0 3383.0 3704.0 6534.0 70000804
cell 7 1.39690263 0.53996124 0.1 0.09817477 2283.0 3383.0 3704.0 6534.0 70000805
cell 7 1.39690263 0.63813601 0.1 0.09817477 2283.0 3383.0 3704.0 6534.0 70000806
cell 7 1.39690263 0.73631078 0.1 0.09817477 2283.0 3383.0 3704.0 6534.0 70000807
cell 7 1.39690263 0.83448555 0.1 0.09817477 2283.0 3383.0 3704.0 6534.0 70000808
cell 7 1.39690263 0.93266032 0.1 0.09817477 2283.0 3383.0 3704.0 6534.0 70000809
cell 7 1.39690263 1.03083509 0.1 0.09817477 2283.0 3383.0 3704.0 6534.0 70000810
cell 7 1.39690263 1.12900986 0.1 0.09817477 2283.0 3383.0 3704.0 6534.0 70000811
cell 7 1.39690263 1.22718463 0.1 0.09817477 2283.0 3383.0 3704.0 6534.0 70000812
cell 7 1.39690263 1.3253594 0.1 0.09817477 2283.0 3383.0 3704.0 6534.0 70000813
cell 7 1.39690263 1.42353417 0.1 0.09817477 2283.0 3383.0 3704.0 6534.0 70000814
cell 7 1.39690263 1.52170894 0.1 0.09817477 2283.0 3383.0 3704.0 6534.0 70000815
cell 7 1.39690263 1.61988371 0.1 0.09817477 2283.0 3383.0 3704.0 6534.0 70000816
cell 7 1.39690263 1.71805848 0.1 0.09817477 2283.0 3383.0 3704.0 6534.0 70000817
cell 7 1.39690263 1.81623325 0.1 0.09817477 2283.0 3383.0 3704.0 6534.0 70000818
cell 7 1.39690263 1.91440802 0.1 0.09817477 2283.0 3383.0 3704.0 6534.0 70000819
cell 7 1.39690263 2.01258279 0.1 0.09817477 2283.0 3383.0 3704.0 6534.0 70000820
cell 7 1.39690263 2.11075756 0.1 0.09817477 2283.0 3383.0 3704.0 6534.0 70000821
cell 7 1.39690263 2.20893233 0.1 0.09817477 2283.0 3383.0 3704.0 6534.0 70000822
cell 7 1.39690263 2.3071071 0.1 0.09817477 2283.0 3383.0 3704.0 6534.0 70000823
cell 7 1.39690263 2.40528188 0.1 0.09817477 2283.0 3383.0 3704.0 6534.0 70000824
cell 7 1.39690263 2.50345665 0.1 0.09817477 2283.0 3383.0 3704.0 6534.0 70000825
cell 7 1.39690263 2.60163142 0.1 0.09817477 2283.0 3383.0 3704.0 6534.0 70000826
cell 7 1.39690263 2.69980619 0.1 0.09817477 2283.0 3383.0 3704.0 6534.0 70000827
cell 7 1.39690263 2.79798096 0.1 0.09817477 2283.0 3383.0 3704.0 6534.0 70000828
cell 7 1.39690263 2.89615573 0.1 0.09817477 2283.0 3383.0 3704.0 6534.0 70000829
cell 7 1.39690263 2.9943305 0.1 0.09817477 2283.0 3383.0 3704.0 6534.0 70000830
cell 7 1.39690263 3.09250527 0.1 0.09817477 2283.0 3383.0 3704.0 6534.0 70000831
cell 7 1.49690263 -3.09250527 0.1 0.09817477 2283.0 3383.0 3704.0 6534.0 70000832
cell 7 1.49690263 -2.9943305 0.1 0.09817477 2283.0 3383.0 3704.0 6534.0 70000833
cell 7 1.49690263 -2.89615573 0.1 0.09817477 2283.0 3383.0 3704.0 6534.0 70000834
cell 7 1.49690263 -2.79798096 0.1 0.09817477 2283.0 3383.0 3704.0 6534.0 70000835
cell 7 1.49690263 -2.69980619 0.1 0.09817477 2283.0 3383.0 3704.0 6534.0 70000836
cell 7 1.49690263 -2.60163142 0.1 0.09817477 2283.0 3383.0 3704.0 6534.0 70000837
cell 7 1.49690263 -2.50345665 0.1 0.09817477 2283.0 3383.0 3704.0 6534.0 70000838
cell 7 1.49690263 -2.40528188 0.1 0.09817477 2283.0 3383.0 3704.0 6534.0 70000839
cell 7 1.49690263 -2.3071071 0.1 0.09817477 2283.0 3383.0 3704.0 6534.0 70000840
cell 7 1.49690263 -2.20893233 0.1 0.09817477 2283.0 3383.0 3704.0 6534.0 70000841
cell 7 1.49690263 -2.11075756 0.1 0.09817477 2283.0 3383.0 3704.0 6534.0 70000842
cell 7 1.49690263 -2.01258279 0.1 0.09817477 2283.0 3383.0 3704.0 6534.0 70000843
cell 7 1.49690263 -1.91440802 0.1 0.09817477 2283.0 3383.0 3704.0 6534.0 70000844
cell 7 1.49690263 -1.81623325 0.1 0.09817477 2283.0 3383.0 3704.0 6534.0 70000845
cell 7 1.49690263 -1.71805848 0.1 0.09817477 2283.0 3383.0 3704.0 6534.0 70000846
cell 7 1.49690263 -1.61988371 0.1 0.09817477 2283.0 3383.0 3704.0 6534.0 70000847
cell 7 1.49690263 -1.52170894 0.1 0.09817477 2283.0 3383.0 3704.0 6534.0 70000848
cell 7 1.49690263 -1.42353417 0.1 0.09817477 2283.0 3383.0 3704.0 6534.0 70000849
cell 7 1.49690263 -1.3253594 0.1 0.09817477 2283.0 3383.0 3704.0 6534.0 70000850
cell 7 1.49690263 -1.22718463 0.1 0.09817477 2283.0 3383.0 3704.0 6534.0 70000851
cell 7 1.49690263 -1.12900986 0.1 0.09817477 2283.0 3383.0 3704.0 6534.0 70000852
cell 7 1.49690263 -1.03083509 0.1 0.09817477 2283.0 3383.0 3704.0 6534.0 70000853
cell 7 1.49690263 -0.93266032 0.1 0.09817477 2283.0 3383.0 3704.0 6534.0 70000854
cell 7 1.49690263 -0.83448555 0.1 0.09817477 2283.0 3383.0 3704.0 6534.0 70000855
cell 7 1.49690263 -0.73631078 0.1 0.09817477 2283.0 3383.0 3704.0 6534.0 70000856
cell 7 1.49690263 -0.63813601 0.1 0.09817477 2283.0 3383.0 3704.0 6534.0 70000857
cell 7 1.49690263 -0.53996124 0.1 0.09817477 2283.0 3383.0 3704.0 6534.0 70000858
cell 7 1.49690263 -0.44178647 0.1 0.09817477 2283.0 3383.0 3704.0 6534.0 70000859
cell 7 1.49690263 -0.3436117 0.1 0.09817477 2283.0 3383.0 3704.0 6534.0 70000860
cell 7 1.49690263 -0.24543693 0.1 0.09817477 2283.0 3383.0 3704.0 6534.0 70000861
cell 7 1.49690263 -0.14726216 0.1 0.09817477 2283.0 3383.0 3704.0 6534.0 70000862
cell 7 1.49690263 -0.04908739 0.1 0.09817477 2283.0 3383.0 3704.0 6534.0 70000863
cell 7 1.49690263 0.04908739 0.1 0.09817477 2283.0 3383.0 3704.0 6534.0 70000864
cell 7 1.49690263 0.14726216 0.1 0.09817477 2283.0 3383.0 3704.0 6534.0 70000865
cell 7 1.49690263 0.24543693 0.1 0.09817477 2283.0 3383.0 3704.0 6534.0 70000866
cell 7 1.49690263 0.3436117 0.1 0.09817477 2283.0 3383.0 3704.0 6534.0 70000867
cell 7 1.49690263 0.44178647 0.1 0.09817477 2283.0 3383.0 3704.0 6534.0 70000868
cell 7 1.49690263 0.53996124 0.1 0.09817477 2283.0 3383.0 3704.0 6534.0 70000869
cell 7 1.49690263 0.63813601 0.1 0.09817477 2283.0 3383.0 3704.0 6534.0 70000870
cell 7 1.49690263 0.73631078 0.1 0.09817477 2283.0 3383.0 3704.0 6534.0 70000871
cell 7 1.49690263 0.83448555 0.1 0.09817477 2283.0 3383.0 3704.0 6534.0 70000872
cell 7 1.49690263 0.93266032 0.1 0.09817477 2283.0 3383.0 3704.0 6534.0 70000873
cell 7 1.49690263 1.03083509 0.1 0.09817477 2283.0 3383.0 3704.0 6534.0 70000874
cell 7 1.49690263 1.12900986 0.1 0.09817477 2283.0 3383.0 3704.0 6534.0 70000875
cell 7 1.49690263 1.22718463 0.1 0.09817477 2283.0 3383.0 3704.0 6534.0 70000876
cell 7 1.49690263 1.3253594 0.1 0.09817477 2283.0 3383.0 3704.0 6534.0 70000877
cell 7 1.49690263 1.42353417 0.1 0.09817477 2283.0 3383.0 3704.0 6534.0 70000878
cell 7 1.49690263 1.52170894 0.1 0.09817477 2283.0 3383.0 3704.0 6534.0 70000879
cell 7 1.49690263 1.61988371 0.1 0.09817477 2283.0 3383.0 3704.0 6534.0 70000880
cell 7 1.49690263 1.71805848 0.1 0.09817477 2283.0 3383.0 3704.0 6534.0 70000881
cell 7 1.49690263 1.81623325 0.1 0.09817477 2283.0 3383.0 3704.0 6534.0 70000882
cell 7 1.49690263 1.91440802 0.1 0.09817477 2283.0 3383.0 3704.0 6534.0 70000883
cell 7 1.49690263 2.01258279 0.1 0.09817477 2283.0 3383.0 3704.0 6534.0 70000884
cell 7 1.49690263 2.11075756 0.1 0.09817477 2283.0 3383.0 3704.0 6534.0 70000885
cell 7 1.49690263 2.20893233 0.1 0.09817477 2283.0 3383.0 3704.0 6534.0 70000886
cell 7 1.49690263 2.3071071 0.1 0.09817477 2283.0 3383.0 3704.0 6534.0 70000887
cell 7 1.49690263 2.40528188 0.1 0.09817477 2283.0 3383.0 3704.0 6534.0 70000888
cell 7 1.49690263 2.50345665 0.1 0.09817477 2283.0 3383.0 3704.0 6534.0 70000889
cell 7 1.49690263 2.60163142 0.1 0.09817477 2283.0 3383.0 3704.0 6534.0 70000890
cell 7 1.49690263 2.69980619 0.1 0.09817477 2283.0 3383.0 3704.0 6534.0 70000891
cell 7 1.49690263 2.79798096 0.1 0.09817477 2283.0 3383.0 3704.0 6534.0 70000892
cell 7 1.49690263 2.89615573 0.1 0.09817477 2283.0 3383.0 3704.0 6534.0 70000893
cell 7 1.49690263 2.9943305 0.1 0.09817477 2283.0 3383.0 3704.0 6534.0 70000894
cell 7 1.49690263 3.09250527 0.1 0.09817477 2283.0 3383.0 3704.0 6534.0 70000895
cell 7 1.59690263 -3.09250527 0.1 0.09817477 2283.0 3383.0 3704.0 6534.0 70000896
cell 7 1.59690263 -2.9943305 0.1 0.09817477 2283.0 3383.0 3704.0 6534.0 70000897
cell 7 1.59690263 -2.89615573 0.1 0.09817477 2283.0 3383.0 3704.0 6534.0 70000898
cell 7 1.59690263 -2.79798096 0.1 0.09817477 2283.0 3383.0 3704.0 6534.0 70000899
cell 7 1.59690263 -2.69980619 0.1 0.09817477 2283.0 3383.0 3704.0 6534.0 70000900
cell 7 1.59690263 -2.60163142 0.1 0.09817477 2283.0 3383.0 3704.0 6534.0 70000901
cell 7 1.59690263 -2.50345665 0.1 0.09817477 2283.0 3383.0 3704.0 6534.0 70000902
cell 7 1.59690263 -2.40528188 0.1 0.09817477 2283.0 3383.0 3704.0 6534.0 70000903
cell 7 1.59690263 -2.3071071 0.1 0.09817477 2283.0 3383.0 3704.0 6534.0 70000904
cell 7 1.59690263 -2.20893233 0.1 0.09817477 2283.0 3383.0 3704.0 6534.0 70000905
cell 7 1.59690263 -2.11075756 0.1 0.09817477 2283.0 3383.0 3704.0 6534.0 70000906
cell 7 1.59690263 -2.01258279 0.1 0.09817477 2283.0 3383.0 3704.0 6534.0 70000907
cell 7 1.59690263 -1.91440802 0.1 0.09817477 2283.0 3383.0 3704.0 6534.0 70000908
cell 7 1.59690263 -1.81623325 0.1 0.09817477 2283.0 3383.0 3704.0 6534.0 70000909
cell 7 1.59690263 -1.71805848 0.1 0.09817477 2283.0 3383.0 3704.0 6534.0 70000910
cell 7 1.59690263 -1.61988371 0.1 0.09817477 2283.0 3383.0 3704.0 6534.0 70000911
cell 7 1.59690263 -1.52170894 0.1 0.09817477 2283.0 3383.0 3704.0 6534.0 70000912
cell 7 1.59690263 -1.42353417 0.1 0.09817477 2283.0 3383.0 3704.0 6534.0 70000913
cell 7 1.59690263 -1.3253594 0.1 0.09817477 2283.0 3383.0 3704.0 6534.0 70000914
cell 7 1.59690263 -1.22718463 0.1 0.09817477 2283.0 3383.0 3704.0 6534.0 70000915
cell 7 1.59690263 -1.12900986 0.1 0.09817477 2283.0 3383.0 3704.0 6534.0 70000916
cell 7 1.59690263 -1.03083509 0.1 0.09817477 2283.0 3383.0 3704.0 6534.0 70000917
cell 7 1.59690263 -0.93266032 0.1 0.09817477 2283.0 3383.0 3704.0 6534.0 70000918
cell 7 1.59690263 -0.83448555 0.1 0.09817477 2283.0 3383.0 3704.0 6534.0 70000919
cell 7 1.59690263 -0.73631078 0.1 0.09817477 2283.0 3383.0 3704.0 6534.0 70000920
cell 7 1.59690263 -0.63813601 0.1 0.09817477 2283.0 3383.0 3704.0 6534.0 70000921
cell 7 1.59690263 -0.53996124 0.1 0.09817477 2283.0 3383.0 3704.0 6534.0 70000922
cell 7 1.59690263 -0.44178647 0.1 0.09817477 2283.0 3383.0 3704.0 6534.0 70000923
cell 7 1.59690263 -0.3436117 0.1 0.09817477 2283.0 3383.0 3704.0 6534.0 70000924
cell 7 1.59690263 -0.24543693 0.1 0.09817477 2283.0 3383.0 3704.0 6534.0 70000925
cell 7 1.59690263 -0.14726216 0.1 0.09817477 2283.0 3383.0 3704.0 6534.0 70000926
cell 7 1.59690263 -0.04908739 0.1 0.09817477 2283.0 3383.0 3704.0 6534.0 70000927
cell 7 1.59690263 0.04908739 0.1 0.09817477 2283.0 3383.0 3704.0 6534.0 70000928
cell 7 1.59690263 0.14726216 0.1 0.09817477 2283.0 3383.0 3704.0 6534.0 70000929
cell 7 1.59690263 0.24543693 0.1 0.09817477 2283.0 3383.0 3704.0 6534.0 70000930
cell 7 1.59690263 0.3436117 0.1 0.09817477 2283.0 3383.0 3704.0 6534.0 70000931
cell 7 1.59690263 0.44178647 0.1 0.09817477 2283.0 3383.0 3704.0 6534.0 70000932
cell 7 1.59690263 0.53996124 0.1 0.09817477 2283.0 3383.0 3704.0 6534.0 70000933
cell 7 1.59690263 0.63813601 0.1 0.09817477 2283.0 3383.0 3704.0 6534.0 70000934
cell 7 1.59690263 0.73631078 0.1 0.09817477 2283.0 3383.0 3704.0 6534.0 70000935
cell 7 1.59690263 0.83448555 0.1 0.09817477 2283.0 3383.0 3704.0 6534.0 70000936
cell 7 1.59690263 0.93266032 0.1 0.09817477 2283.0 3383.0 3704.0 6534.0 70000937
cell 7 1.59690263 1.03083509 0.1 0.09817477 2283.0 3383.0 3704.0 6534.0 70000938
cell 7 1.59690263 1.12900986 0.1 0.09817477 2283.0 3383.0 3704.0 6534.0 70000939
cell 7 1.59690263 1.22718463 0.1 0.09817477 2283.0 3383.0 3704.0 6534.0 70000940
cell 7 1.59690263 1.3253594 0.1 0.09817477 2283.0 3383.0 3704.0 6534.0 70000941
cell 7 1.59690263 1.42353417 0.1 0.09817477 2283.0 3383.0 3704.0 6534.0 70000942
cell 7 1.59690263 1.52170894 0.1 0.09817477 2283.0 3383.0 3704.0 6534.0 70000943
cell 7 1.59690263 1.61988371 0.1 0.09817477 2283.0 3383.0 3704.0 6534.0 70000944
cell 7 1.59690263 1.71805848 0.1 0.09817477 2283.0 3383.0 3704.0 6534.0 70000945
cell 7 1.59690263 1.81623325 0.1 0.09817477 2283.0 3383.0 3704.0 6534.0 70000946
cell 7 1.59690263 1.91440802 0.1 0.09817477 2283.0 3383.0 3704.0 6534.0 70000947
cell 7 1.59690263 2.01258279 0.1 0.09817477 2283.0 3383.0 3704.0 6534.0 70000948
cell 7 1.59690263 2.11075756 0.1 0.09817477 2283.0 3383.0 3704.0 6534.0 70000949
cell 7 1.59690263 2.20893233 0.1 0.09817477 2283.0 3383.0 3704.0 6534.0 70000950
cell 7 1.59690263 2.3071071 0.1 0.09817477 2283.0 3383.0 3704.0 6534.0 70000951
cell 7 1.59690263 2.40528188 0.1 0.09817477 2283.0 3383.0 3704.0 6534.0 70000952
cell 7 1.59690263 2.50345665 0.1 0.09817477 2283.0 3383.0 3704.0 6534.0 70000953
cell 7 1.59690263 2.60163142 0.1 0.09817477 2283.0 3383.0 3704.0 6534.0 70000954
cell 7 1.59690263 2.69980619 0.1 0.09817477 2283.0 3383.0 3704.0 6534.0 70000955
cell 7 1.59690263 2.79798096 0.1 0.09817477 2283.0 3383.0 3704.0 6534.0 70000956
cell 7 1.59690263 2.89615573 0.1 0.09817477 2283.0 3383.0 3704.0 6534.0 70000957
cell 7 1.59690263 2.9943305 0.1 0.09817477 2283.0 3383.0 3704.0 6534.0 70000958
cell 7 1.59690263 3.09250527 0.1 0.09817477 2283.0 3383.0 3704.0 6534.0 70000959
cell 7 1.69690263 -3.09250527 0.1 0.09817477 2283.0 3383.0 3704.0 6534.0 70000960
cell 7 1.69690263 -2.9943305 0.1 0.09817477 2283.0 3383.0 3704.0 6534.0 70000961
cell 7 1.69690263 -2.89615573 0.1 0.09817477 2283.0 3383.0 3704.0 6534.0 70000962
cell 7 1.69690263 -2.79798096 0.1 0.09817477 2283.0 3383.0 3704.0 6534.0 70000963
cell 7 1.69690263 -2.69980619 0.1 0.09817477 2283.0 3383.0 3704.0 6534.0 70000964
cell 7 1.69690263 -2.60163142 0.1 0.09817477 2283.0 3383.0 3704.0 6534.0 70000965
cell 7 1.69690263 -2.50345665 0.1 0.09817477 2283.0 3383.0 3704.0 6534.0 70000966
cell 7 1.69690263 -2.40528188 0.1 0.09817477 2283.0 3383.0 3704.0 6534.0 70000967
cell 7 1.69690263 -2.3071071 0.1 0.09817477 2283.0 3383.0 3704.0 6534.0 70000968
cell 7 1.69690263 -2.20893233 0.1 0.09817477 2283.0 3383.0 3704.0 6534.0 70000969
cell 7 1.69690263 -2.11075756 0.1 0.09817477 2283.0 3383.0 3704.0 6534.0 70000970
cell 7 1.69690263 -2.01258279 0.1 0.09817477 2283.0 3383.0 3704.0 6534.0 70000971
cell 7 1.69690263 -1.91440802 0.1 0.09817477 2283.0 3383.0 3704.0 6534.0 70000972
cell 7 1.69690263 -1.81623325 0.1 0.09817477 2283.0 3383.0 3704.0 6534.0 70000973
cell 7 1.69690263 -1.71805848 0.1 0.09817477 2283.0 3383.0 3704.0 6534.0 70000974
cell 7 1.69690263 -1.61988371 0.1 0.09817477 2283.0 3383.0 3704.0 6534.0 70000975
cell 7 1.69690263 -1.52170894 0.1 0.09817477 2283.0 3383.0 3704.0 6534.0 70000976
cell 7 1.69690263 -1.42353417 0.1 0.09817477 2283.0 3383.0 3704.0 6534.0 70000977
cell 7 1.69690263 -1.3253594 0.1 0.09817477 2283.0 3383.0 3704.0 6534.0 70000978
cell 7 1.69690263 -1.22718463 0.1 0.09817477 2283.0 3383.0 3704.0 6534.0 70000979
cell 7 1.69690263 -1.12900986 0.1 0.09817477 2283.0 3383.0 3704.0 6534.0 70000980
cell 7 1.69690263 -1.03083509 0.1 0.09817477 2283.0 3383.0 3704.0 6534.0 70000981
cell 7 1.69690263 -0.93266032 0.1 0.09817477 2283.0 3383.0 3704.0 6534.0 70000982
cell 7 1.69690263 -0.83448555 0.1 0.09817477 2283.0 3383.0 3704.0 6534.0 70000983
cell 7 1.69690263 -0.73631078 0.1 0.09817477 2283.0 3383.0 3704.0 6534.0 70000984
cell 7 1.69690263 -0.63813601 0.1 0.09817477 2283.0 3383.0 3704.0 6534.0 70000985
cell 7 1.69690263 -0.53996124 0.1 0.09817477 2283.0 3383.0 3704.0 6534.0 70000986
cell 7 1.69690263 -0.44178647 0.1 0.09817477 2283.0 3383.0 3704.0 6534.0 70000987
cell 7 1.69690263 -0.3436117 0.1 0.09817477 2283.0 3383.0 3704.0 6534.0 70000988
cell 7 1.69690263 -0.24543693 0.1 0.09817477 2283.0 3383.0 3704.0 6534.0 70000989
cell 7 1.69690263 -0.14726216 0.1 0.09817477 2283.0 3383.0 3704.0 6534.0 70000990
cell 7 1.69690263 -0.04908739 0.1 0.09817477 2283.0 3383.0 3704.0 6534.0 70000991
cell 7 1.69690263 0.04908739 0.1 0.09817477 2283.0 3383.0 3704.0 6534.0 70000992
cell 7 1.69690263 0.14726216 0.1 0.09817477 2283.0 3383.0 3704.0 6534.0 70000993
cell 7 1.69690263 0.24543693 0.1 0.09817477 2283.0 3383.0 3704.0 6534.0 70000994
cell 7 1.69690263 0.3436117 0.1 0.09817477 2283.0 3383.0 3704.0 6534.0 70000995
cell 7 1.69690263 0.44178647 0.1 0.09817477 2283.0 3383.0 3704.0 6534.0 70000996
cell 7 1.69690263 0.53996124 0.1 0.09817477 2283.0 3383.0 3704.0 6534.0 70000997
cell 7 1.69690263 0.63813601 0.1 0.09817477 2283.0 3383.0 3704.0 6534.0 70000998
cell 7 1.69690263 0.73631078 0.1 0.09817477 2283.0 3383.0 3704.0 6534.0 70000999
cell 7 1.69690263 0.83448555 0.1 0.09817477 2283.0 3383.0 3704.0 6534.0 70001000
cell 7 1.69690263 0.93266032 0.1 0.09817477 2283.0 3383.0 3704.0 6534.0 70001001
cell 7 1.69690263 1.03083509 0.1 0.09817477 2283.0 3383.0 3704.0 6534.0 70001002
cell 7 1.69690263 1.12900986 0.1 0.09817477 2283.0 3383.0 3704.0 6534.0 70001003
cell 7 1.69690263 1.22718463 0.1 0.09817477 2283.0 3383.0 3704.0 6534.0 70001004
cell 7 1.69690263 1.3253594 0.1 0.09817477 2283.0 3383.0 3704.0 6534.0 70001005
cell 7 1.69690263 1.42353417 0.1 0.09817477 2283.0 3383.0 3704.0 6534.0 70001006
cell 7 1.69690263 1.52170894 0.1 0.09817477 2283.0 3383.0 3704.0 6534.0 70001007
cell 7 1.69690263 1.61988371 0.1 0.09817477 2283.0 3383.0 3704.0 6534.0 70001008
cell 7 1.69690263 1.71805848 0.1 0.09817477 2283.0 3383.0 3704.0 6534.0 70001009
cell 7 1.69690263 1.81623325 0.1 0.09817477 2283.0 3383.0 3704.0 6534.0 70001010
cell 7 1.69690263 1.91440802 0.1 0.09817477 2283.0 3383.0 3704.0 6534.0 70001011
cell 7 1.69690263 2.01258279 0.1 0.09817477 2283.0 3383.0 3704.0 6534.0 70001012
cell 7 1.69690263 2.11075756 0.1 0.09817477 2283.0 3383.0 3704.0 6534.0 70001013
cell 7 1.69690263 2.20893233 0.1 0.09817477 2283.0 3383.0 3704.0 6534.0 70001014
cell 7 1.69690263 2.3071071 0.1 0.09817477 2283.0 3383.0 3704.0 6534.0 70001015
cell 7 1.69690263 2.40528188 0.1 0.09817477 2283.0 3383.0 3704.0 6534.0 70001016
cell 7 1.69690263 2.50345665 0.1 0.09817477 2283.0 3383.0 3704.0 6534.0 70001017
cell 7 1.69690263 2.60163142 0.1 0.09817477 2283.0 3383.0 3704.0 6534.0 70001018
cell 7 1.69690263 2.69980619 0.1 0.09817477 2283.0 3383.0 3704.0 6534.0 70001019
cell 7 1.69690263 2.79798096 0.1 0.09817477 2283.0 3383.0 3704.0 6534.0 70001020
cell 7 1.69690263 2.89615573 0.1 0.09817477 2283.0 3383.0 3704.0 6534.0 70001021
cell 7 1.69690263 2.9943305 0.1 0.09817477 2283.0 3383.0 3704.0 6534.0 70001022
cell 7 1.69690263 3.09250527 0.1 0.09817477 2283.0 3383.0 3704.0 6534.0 70001023
