# sample segmentation eta phi delta_eta delta_phi rmin rmax zmin zmax
config 5 0 0.0 0.80431192 3383.0 3883.0 0 3024.0
eta_bins -0.8 -0.7 -0.6 -0.5 -0.4 -0.3 -0.2 -0.1 0.0 0.1 0.2 0.3 0.4 0.5 0.6 0.7 0.8
phi_bins -3.1416 -3.0434 -2.9452 -2.8471 -2.7489 -2.6507 -2.5525 -2.4544 -2.3562 -2.258 -2.1598 -2.0617 -1.9635 -1.8653 -1.7671 -1.669 -1.5708 -1.4726 -1.3744 -1.2763 -1.1781 -1.0799 -0.9817 -0.8836 -0.7854 -0.6872 -0.589 -0.4909 -0.3927 -0.2945 -0.1963 -0.0982 0.0 0.0982 0.1963 0.2945 0.3927 0.4909 0.589 0.6872 0.7854 0.8836 0.9817 1.0799 1.1781 1.2763 1.3744 1.4726 1.5708 1.669 1.7671 1.8653 1.9635 2.0617 2.1598 2.258 2.3562 2.4544 2.5525 2.6507 2.7489 2.8471 2.9452 3.0434 3.1416
cell 5 -0.75 -3.09250527 0.1 0.09817477 3383.0 3883.0 0 3024.0 50000000
cell 5 -0.75 -2.9943305 0.1 0.09817477 3383.0 3883.0 0 3024.0 50000001
cell 5 -0.75 -2.89615573 0.1 0.09817477 3383.0 3883.0 0 3024.0 50000002
cell 5 -0.75 -2.79798096 0.1 0.09817477 3383.0 3883.0 0 3024.0 50000003
cell 5 -0.75 -2.69980619 0.1 0.09817477 3383.0 3883.0 0 3024.0 50000004
cell 5 -0.75 -2.60163142 0.1 0.09817477 3383.0 3883.0 0 3024.0 50000005
cell 5 -0.75 -2.50345665 0.1 0.09817477 3383.0 3883.0 0 3024.0 50000006
cell 5 -0.75 -2.40528188 0.1 0.09817477 3383.0 3883.0 0 3024.0 50000007
cell 5 -0.75 -2.3071071 0.1 0.09817477 3383.0 3883.0 0 3024.0 50000008
cell 5 -0.75 -2.20893233 0.1 0.09817477 3383.0 3883.0 0 3024.0 50000009
cell 5 -0.75 -2.11075756 0.1 0.09817477 3383.0 3883.0 0 3024.0 50000010
cell 5 -0.75 -2.01258279 0.1 0.09817477 3383.0 3883.0 0 3024.0 50000011
cell 5 -0.75 -1.91440802 0.1 0.09817477 3383.0 3883.0 0 3024.0 50000012
cell 5 -0.75 -1.81623325 0.1 0.09817477 3383.0 3883.0 0 3024.0 50000013
cell 5 -0.75 -1.71805848 0.1 0.09817477 3383.0 3883.0 0 3024.0 50000014
cell 5 -0.75 -1.61988371 0.1 0.09817477 3383.0 3883.0 0 3024.0 50000015
cell 5 -0.75 -1.52170894 0.1 0.09817477 3383.0 3883.0 0 3024.0 50000016
cell 5 -0.75 -1.42353417 0.1 0.09817477 3383.0 3883.0 0 3024.0 50000017
cell 5 -0.75 -1.3253594 0.1 0.09817477 3383.0 3883.0 0 3024.0 50000018
cell 5 -0.75 -1.22718463 0.1 0.09817477 3383.0 3883.0 0 3024.0 50000019
cell 5 -0.75 -1.12900986 0.1 0.09817477 3383.0 3883.0 0 3024.0 50000020
cell 5 -0.75 -1.03083509 0.1 0.09817477 3383.0 3883.0 0 3024.0 50000021
cell 5 -0.75 -0.93266032 0.1 0.09817477 3383.0 3883.0 0 3024.0 50000022
cell 5 -0.75 -0.83448555 0.1 0.09817477 3383.0 3883.0 0 3024.0 50000023
cell 5 -0.75 -0.73631078 0.1 0.09817477 3383.0 3883.0 0 3024.0 50000024
cell 5 -0.75 -0.63813601 0.1 0.09817477 3383.0 3883.0 0 3024.0 50000025
cell 5 -0.75 -0.53996124 0.1 0.09817477 3383.0 3883.0 0 3024.0 50000026
cell 5 -0.75 -0.44178647 0.1 0.09817477 3383.0 3883.0 0 3024.0 50000027
cell 5 -0.75 -0.3436117 0.1 0.09817477 3383.0 3883.0 0 3024.0 50000028
cell 5 -0.75 -0.24543693 0.1 0.09817477 3383.0 3883.0 0 3024.0 50000029
cell 5 -0.75 -0.14726216 0.1 0.09817477 3383.0 3883.0 0 3024.0 50000030
cell 5 -0.75 -0.04908739 0.1 0.09817477 3383.0 3883.0 0 3024.0 50000031
cell 5 -0.75 0.04908739 0.1 0.09817477 3383.0 3883.0 0 3024.0 50000032
cell 5 -0.75 0.14726216 0.1 0.09817477 3383.0 3883.0 0 3024.0 50000033
cell 5 -0.75 0.24543693 0.1 0.09817477 3383.0 3883.0 0 3024.0 50000034
cell 5 -0.75 0.3436117 0.1 0.09817477 3383.0 3883.0 0 3024.0 50000035
cell 5 -0.75 0.44178647 0.1 0.09817477 3383.0 3883.0 0 3024.0 50000036
cell 5 -0.75 0.53996124 0.1 0.09817477 3383.0 3883.0 0 3024.0 50000037
cell 5 -0.75 0.63813601 0.1 0.09817477 3383.0 3883.0 0 3024.0 50000038
cell 5 -0.75 0.73631078 0.1 0.09817477 3383.0 3883.0 0 3024.0 50000039
cell 5 -0.75 0.83448555 0.1 0.09817477 3383.0 3883.0 0 3024.0 50000040
cell 5 -0.75 0.93266032 0.1 0.09817477 3383.0 3883.0 0 3024.0 50000041
cell 5 -0.75 1.03083509 0.1 0.09817477 3383.0 3883.0 0 3024.0 50000042
cell 5 -0.75 1.12900986 0.1 0.09817477 3383.0 3883.0 0 3024.0 50000043
cell 5 -0.75 1.22718463 0.1 0.09817477 3383.0 3883.0 0 3024.0 50000044
cell 5 -0.75 1.3253594 0.1 0.09817477 3383.0 3883.0 0 3024.0 50000045
cell 5 -0.75 1.42353417 0.1 0.09817477 3383.0 3883.0 0 3024.0 50000046
cell 5 -0.75 1.52170894 0.1 0.09817477 3383.0 3883.0 0 3024.0 50000047
cell 5 -0.75 1.61988371 0.1 0.09817477 3383.0 3883.0 0 3024.0 50000048
cell 5 -0.75 1.71805848 0.1 0.09817477 3383.0 3883.0 0 3024.0 50000049
cell 5 -0.75 1.81623325 0.1 0.09817477 3383.0 3883.0 0 3024.0 50000050
cell 5 -0.75 1.91440802 0.1 0.09817477 3383.0 3883.0 0 3024.0 50000051
cell 5 -0.75 2.01258279 0.1 0.09817477 3383.0 3883.0 0 3024.0 50000052
cell 5 -0.75 2.11075756 0.1 0.09817477 3383.0 3883.0 0 3024.0 50000053
cell 5 -0.75 2.20893233 0.1 0.09817477 3383.0 3883.0 0 3024.0 50000054
cell 5 -0.75 2.3071071 0.1 0.09817477 3383.0 3883.0 0 3024.0 50000055
cell 5 -0.75 2.40528188 0.1 0.09817477 3383.0 3883.0 0 3024.0 50000056
cell 5 -0.75 2.50345665 0.1 0.09817477 3383.0 3883.0 0 3024.0 50000057
cell 5 -0.75 2.60163142 0.1 0.09817477 3383.0 3883.0 0 3024.0 50000058
cell 5 -0.75 2.69980619 0.1 0.09817477 3383.0 3883.0 0 3024.0 50000059
cell 5 -0.75 2.79798096 0.1 0.09817477 3383.0 3883.0 0 3024.0 50000060
cell 5 -0.75 2.89615573 0.1 0.09817477 3383.0 3883.0 0 3024.0 50000061
cell 5 -0.75 2.9943305 0.1 0.09817477 3383.0 3883.0 0 3024.0 50000062
cell 5 -0.75 3.09250527 0.1 0.09817477 3383.0 3883.0 0 3024.0 50000063
cell 5 -0.65 -3.09250527 0.1 0.09817477 3383.0 3883.0 0 3024.0 50000064
cell 5 -0.65 -2.9943305 0.1 0.09817477 3383.0 3883.0 0 3024.0 50000065
cell 5 -0.65 -2.89615573 0.1 0.09817477 3383.0 3883.0 0 3024.0 50000066
cell 5 -0.65 -2.79798096 0.1 0.09817477 3383.0 3883.0 0 3024.0 50000067
cell 5 -0.65 -2.69980619 0.1 0.09817477 3383.0 3883.0 0 3024.0 50000068
cell 5 -0.65 -2.60163142 0.1 0.09817477 3383.0 3883.0 0 3024.0 50000069
cell 5 -0.65 -2.50345665 0.1 0.09817477 3383.0 3883.0 0 3024.0 50000070
cell 5 -0.65 -2.40528188 0.1 0.09817477 3383.0 3883.0 0 3024.0 50000071
cell 5 -0.65 -2.3071071 0.1 0.09817477 3383.0 3883.0 0 3024.0 50000072
cell 5 -0.65 -2.20893233 0.1 0.09817477 3383.0 3883.0 0 3024.0 50000073
cell 5 -0.65 -2.11075756 0.1 0.09817477 3383.0 3883.0 0 3024.0 50000074
cell 5 -0.65 -2.01258279 0.1 0.09817477 3383.0 3883.0 0 3024.0 50000075
cell 5 -0.65 -1.91440802 0.1 0.09817477 3383.0 3883.0 0 3024.0 50000076
cell 5 -0.65 -1.81623325 0.1 0.09817477 3383.0 3883.0 0 3024.0 50000077
cell 5 -0.65 -1.71805848 0.1 0.09817477 3383.0 3883.0 0 3024.0 50000078
cell 5 -0.65 -1.61988371 0.1 0.09817477 3383.0 3883.0 0 3024.0 50000079
cell 5 -0.65 -1.52170894 0.1 0.09817477 3383.0 3883.0 0 3024.0 50000080
cell 5 -0.65 -1.42353417 0.1 0.09817477 3383.0 3883.0 0 3024.0 50000081
cell 5 -0.65 -1.3253594 0.1 0.09817477 3383.0 3883.0 0 3024.0 50000082
cell 5 -0.65 -1.22718463 0.1 0.09817477 3383.0 3883.0 0 3024.0 50000083
cell 5 -0.65 -1.12900986 0.1 0.09817477 3383.0 3883.0 0 3024.0 50000084
cell 5 -0.65 -1.03083509 0.1 0.09817477 3383.0 3883.0 0 3024.0 50000085
cell 5 -0.65 -0.93266032 0.1 0.09817477 3383.0 3883.0 0 3024.0 50000086
cell 5 -0.65 -0.83448555 0.1 0.09817477 3383.0 3883.0 0 3024.0 50000087
cell 5 -0.65 -0.73631078 0.1 0.09817477 3383.0 3883.0 0 3024.0 50000088
cell 5 -0.65 -0.63813601 0.1 0.09817477 3383.0 3883.0 0 3024.0 50000089
cell 5 -0.65 -0.53996124 0.1 0.09817477 3383.0 3883.0 0 3024.0 50000090
cell 5 -0.65 -0.44178647 0.1 0.09817477 3383.0 3883.0 0 3024.0 50000091
cell 5 -0.65 -0.3436117 0.1 0.09817477 3383.0 3883.0 0 3024.0 50000092
cell 5 -0.65 -0.24543693 0.1 0.09817477 3383.0 3883.0 0 3024.0 50000093
cell 5 -0.65 -0.14726216 0.1 0.09817477 3383.0 3883.0 0 3024.0 50000094
cell 5 -0.65 -0.04908739 0.1 0.09817477 3383.0 3883.0 0 3024.0 50000095
cell 5 -0.65 0.04908739 0.1 0.09817477 3383.0 3883.0 0 3024.0 50000096
cell 5 -0.65 0.14726216 0.1 0.09817477 3383.0 3883.0 0 3024.0 50000097
cell 5 -0.65 0.24543693 0.1 0.09817477 3383.0 3883.0 0 3024.0 50000098
cell 5 -0.65 0.3436117 0.1 0.09817477 3383.0 3883.0 0 3024.0 50000099
cell 5 -0.65 0.44178647 0.1 0.09817477 3383.0 3883.0 0 3024.0 50000100
cell 5 -0.65 0.53996124 0.1 0.09817477 3383.0 3883.0 0 3024.0 50000101
cell 5 -0.65 0.63813601 0.1 0.09817477 3383.0 3883.0 0 3024.0 50000102
cell 5 -0.65 0.73631078 0.1 0.09817477 3383.0 3883.0 0 3024.0 50000103
cell 5 -0.65 0.83448555 0.1 0.09817477 3383.0 3883.0 0 3024.0 50000104
cell 5 -0.65 0.93266032 0.1 0.09817477 3383.0 3883.0 0 3024.0 50000105
cell 5 -0.65 1.03083509 0.1 0.09817477 3383.0 3883.0 0 3024.0 50000106
cell 5 -0.65 1.12900986 0.1 0.09817477 3383.0 3883.0 0 3024.0 50000107
cell 5 -0.65 1.22718463 0.1 0.09817477 3383.0 3883.0 0 3024.0 50000108
cell 5 -0.65 1.3253594 0.1 0.09817477 3383.0 3883.0 0 3024.0 50000109
cell 5 -0.65 1.42353417 0.1 0.09817477 3383.0 3883.0 0 3024.0 50000110
cell 5 -0.65 1.52170894 0.1 0.09817477 3383.0 3883.0 0 3024.0 50000111
cell 5 -0.65 1.61988371 0.1 0.09817477 3383.0 3883.0 0 3024.0 50000112
cell 5 -0.65 1.71805848 0.1 0.09817477 3383.0 3883.0 0 3024.0 50000113
cell 5 -0.65 1.81623325 0.1 0.09817477 3383.0 3883.0 0 3024.0 50000114
cell 5 -0.65 1.91440802 0.1 0.09817477 3383.0 3883.0 0 3024.0 50000115
cell 5 -0.65 2.01258279 0.1 0.09817477 3383.0 3883.0 0 3024.0 50000116
cell 5 -0.65 2.11075756 0.1 0.09817477 3383.0 3883.0 0 3024.0 50000117
cell 5 -0.65 2.20893233 0.1 0.09817477 3383.0 3883.0 0 3024.0 50000118
cell 5 -0.65 2.3071071 0.1 0.09817477 3383.0 3883.0 0 3024.0 50000119
cell 5 -0.65 2.40528188 0.1 0.09817477 3383.0 3883.0 0 3024.0 50000120
cell 5 -0.65 2.50345665 0.1 0.09817477 3383.0 3883.0 0 3024.0 50000121
cell 5 -0.65 2.60163142 0.1 0.09817477 3383.0 3883.0 0 3024.0 50000122
cell 5 -0.65 2.69980619 0.1 0.09817477 3383.0 3883.0 0 3024.0 50000123
cell 5 -0.65 2.79798096 0.1 0.09817477 3383.0 3883.0 0 3024.0 50000124
cell 5 -0.65 2.89615573 0.1 0.09817477 3383.0 3883.0 0 3024.0 50000125
cell 5 -0.65 2.9943305 0.1 0.09817477 3383.0 3883.0 0 3024.0 50000126
cell 5 -0.65 3.09250527 0.1 0.09817477 3383.0 3883.0 0 3024.0 50000127
cell 5 -0.55 -3.09250527 0.1 0.09817477 3383.0 3883.0 0 3024.0 50000128
cell 5 -0.55 -2.9943305 0.1 0.09817477 3383.0 3883.0 0 3024.0 50000129
cell 5 -0.55 -2.89615573 0.1 0.09817477 3383.0 3883.0 0 3024.0 50000130
cell 5 -0.55 -2.79798096 0.1 0.09817477 3383.0 3883.0 0 3024.0 50000131
cell 5 -0.55 -2.69980619 0.1 0.09817477 3383.0 3883.0 0 3024.0 50000132
cell 5 -0.55 -2.60163142 0.1 0.09817477 3383.0 3883.0 0 3024.0 50000133
cell 5 -0.55 -2.50345665 0.1 0.09817477 3383.0 3883.0 0 3024.0 50000134
cell 5 -0.55 -2.40528188 0.1 0.09817477 3383.0 3883.0 0 3024.0 50000135
cell 5 -0.55 -2.3071071 0.1 0.09817477 3383.0 3883.0 0 3024.0 50000136
cell 5 -0.55 -2.20893233 0.1 0.09817477 3383.0 3883.0 0 3024.0 50000137
cell 5 -0.55 -2.11075756 0.1 0.09817477 3383.0 3883.0 0 3024.0 50000138
cell 5 -0.55 -2.01258279 0.1 0.09817477 3383.0 3883.0 0 3024.0 50000139
cell 5 -0.55 -1.91440802 0.1 0.09817477 3383.0 3883.0 0 3024.0 50000140
cell 5 -0.55 -1.81623325 0.1 0.09817477 3383.0 3883.0 0 3024.0 50000141
cell 5 -0.55 -1.71805848 0.1 0.09817477 3383.0 3883.0 0 3024.0 50000142
cell 5 -0.55 -1.61988371 0.1 0.09817477 3383.0 3883.0 0 3024.0 50000143
cell 5 -0.55 -1.52170894 0.1 0.09817477 3383.0 3883.0 0 3024.0 50000144
cell 5 -0.55 -1.42353417 0.1 0.09817477 3383.0 3883.0 0 3024.0 50000145
cell 5 -0.55 -1.3253594 0.1 0.09817477 3383.0 3883.0 0 3024.0 50000146
cell 5 -0.55 -1.22718463 0.1 0.09817477 3383.0 3883.0 0 3024.0 50000147
cell 5 -0.55 -1.12900986 0.1 0.09817477 3383.0 3883.0 0 3024.0 50000148
cell 5 -0.55 -1.03083509 0.1 0.09817477 3383.0 3883.0 0 3024.0 50000149
cell 5 -0.55 -0.93266032 0.1 0.09817477 3383.0 3883.0 0 3024.0 50000150
cell 5 -0.55 -0.83448555 0.1 0.09817477 3383.0 3883.0 0 3024.0 50000151
cell 5 -0.55 -0.73631078 0.1 0.09817477 3383.0 3883.0 0 3024.0 50000152
cell 5 -0.55 -0.63813601 0.1 0.09817477 3383.0 3883.0 0 3024.0 50000153
cell 5 -0.55 -0.53996124 0.1 0.09817477 3383.0 3883.0 0 3024.0 50000154
cell 5 -0.55 -0.44178647 0.1 0.09817477 3383.0 3883.0 0 3024.0 50000155
cell 5 -0.55 -0.3436117 0.1 0.09817477 3383.0 3883.0 0 3024.0 50000156
cell 5 -0.55 -0.24543693 0.1 0.09817477 3383.0 3883.0 0 3024.0 50000157
cell 5 -0.55 -0.14726216 0.1 0.09817477 3383.0 3883.0 0 3024.0 50000158
cell 5 -0.55 -0.04908739 0.1 0.09817477 3383.0 3883.0 0 3024.0 50000159
cell 5 -0.55 0.04908739 0.1 0.09817477 3383.0 3883.0 0 3024.0 50000160
cell 5 -0.55 0.14726216 0.1 0.09817477 3383.0 3883.0 0 3024.0 50000161
cell 5 -0.55 0.24543693 0.1 0.09817477 3383.0 3883.0 0 3024.0 50000162
cell 5 -0.55 0.3436117 0.1 0.09817477 3383.0 3883.0 0 3024.0 50000163
cell 5 -0.55 0.44178647 0.1 0.09817477 3383.0 3883.0 0 3024.0 50000164
cell 5 -0.55 0.53996124 0.1 0.09817477 3383.0 3883.0 0 3024.0 50000165
cell 5 -0.55 0.63813601 0.1 0.09817477 3383.0 3883.0 0 3024.0 50000166
cell 5 -0.55 0.73631078 0.1 0.09817477 3383.0 3883.0 0 3024.0 50000167
cell 5 -0.55 0.83448555 0.1 0.09817477 3383.0 3883.0 0 3024.0 50000168
cell 5 -0.55 0.93266032 0.1 0.09817477 3383.0 3883.0 0 3024.0 50000169
cell 5 -0.55 1.03083509 0.1 0.09817477 3383.0 3883.0 0 3024.0 50000170
cell 5 -0.55 1.12900986 0.1 0.09817477 3383.0 3883.0 0 3024.0 50000171
cell 5 -0.55 1.22718463 0.1 0.09817477 3383.0 3883.0 0 3024.0 50000172
cell 5 -0.55 1.3253594 0.1 0.09817477 3383.0 3883.0 0 3024.0 50000173
cell 5 -0.55 1.42353417 0.1 0.09817477 3383.0 3883.0 0 3024.0 50000174
cell 5 -0.55 1.52170894 0.1 0.09817477 3383.0 3883.0 0 3024.0 50000175
cell 5 -0.55 1.61988371 0.1 0.09817477 3383.0 3883.0 0 3024.0 50000176
cell 5 -0.55 1.71805848 0.1 0.09817477 3383.0 3883.0 0 3024.0 50000177
cell 5 -0.55 1.81623325 0.1 0.09817477 3383.0 3883.0 0 3024.0 50000178
cell 5 -0.55 1.91440802 0.1 0.09817477 3383.0 3883.0 0 3024.0 50000179
cell 5 -0.55 2.01258279 0.1 0.09817477 3383.0 3883.0 0 3024.0 50000180
cell 5 -0.55 2.11075756 0.1 0.09817477 3383.0 3883.0 0 3024.0 50000181
cell 5 -0.55 2.20893233 0.1 0.09817477 3383.0 3883.0 0 3024.0 50000182
cell 5 -0.55 2.3071071 0.1 0.09817477 3383.0 3883.0 0 3024.0 50000183
cell 5 -0.55 2.40528188 0.1 0.09817477 3383.0 3883.0 0 3024.0 50000184
cell 5 -0.55 2.50345665 0.1 0.09817477 3383.0 3883.0 0 3024.0 50000185
cell 5 -0.55 2.60163142 0.1 0.09817477 3383.0 3883.0 0 3024.0 50000186
cell 5 -0.55 2.69980619 0.1 0.09817477 3383.0 3883.0 0 3024.0 50000187
cell 5 -0.55 2.79798096 0.1 0.09817477 3383.0 3883.0 0 3024.0 50000188
cell 5 -0.55 2.89615573 0.1 0.09817477 3383.0 3883.0 0 3024.0 50000189
cell 5 -0.55 2.9943305 0.1 0.09817477 3383.0 3883.0 0 3024.0 50000190
cell 5 -0.55 3.09250527 0.1 0.09817477 3383.0 3883.0 0 3024.0 50000191
cell 5 -0.45 -3.09250527 0.1 0.09817477 3383.0 3883.0 0 3024.0 50000192
cell 5 -0.45 -2.9943305 0.1 0.09817477 3383.0 3883.0 0 3024.0 50000193
cell 5 -0.45 -2.89615573 0.1 0.09817477 3383.0 3883.0 0 3024.0 50000194
cell 5 -0.45 -2.79798096 0.1 0.09817477 3383.0 3883.0 0 3024.0 50000195
cell 5 -0.45 -2.69980619 0.1 0.09817477 3383.0 3883.0 0 3024.0 50000196
cell 5 -0.45 -2.60163142 0.1 0.09817477 3383.0 3883.0 0 3024.0 50000197
cell 5 -0.45 -2.50345665 0.1 0.09817477 3383.0 3883.0 0 3024.0 50000198
cell 5 -0.45 -2.40528188 0.1 0.09817477 3383.0 3883.0 0 3024.0 50000199
cell 5 -0.45 -2.3071071 0.1 0.09817477 3383.0 3883.0 0 3024.0 50000200
cell 5 -0.45 -2.20893233 0.1 0.09817477 3383.0 3883.0 0 3024.0 50000201
cell 5 -0.45 -2.11075756 0.1 0.09817477 3383.0 3883.0 0 3024.0 50000202
cell 5 -0.45 -2.01258279 0.1 0.09817477 3383.0 3883.0 0 3024.0 50000203
cell 5 -0.45 -1.91440802 0.1 0.09817477 3383.0 3883.0 0 3024.0 50000204
cell 5 -0.45 -1.81623325 0.1 0.09817477 3383.0 3883.0 0 3024.0 50000205
cell 5 -0.45 -1.71805848 0.1 0.09817477 3383.0 3883.0 0 3024.0 50000206
cell 5 -0.45 -1.61988371 0.1 0.09817477 3383.0 3883.0 0 3024.0 50000207
cell 5 -0.45 -1.52170894 0.1 0.09817477 3383.0 3883.0 0 3024.0 50000208
cell 5 -0.45 -1.42353417 0.1 0.09817477 3383.0 3883.0 0 3024.0 50000209
cell 5 -0.45 -1.3253594 0.1 0.09817477 3383.0 3883.0 0 3024.0 50000210
cell 5 -0.45 -1.22718463 0.1 0.09817477 3383.0 3883.0 0 3024.0 50000211
cell 5 -0.45 -1.12900986 0.1 0.09817477 3383.0 3883.0 0 3024.0 50000212
cell 5 -0.45 -1.03083509 0.1 0.09817477 3383.0 3883.0 0 3024.0 50000213
cell 5 -0.45 -0.93266032 0.1 0.09817477 3383.0 3883.0 0 3024.0 50000214
cell 5 -0.45 -0.83448555 0.1 0.09817477 3383.0 3883.0 0 3024.0 50000215
cell 5 -0.45 -0.73631078 0.1 0.09817477 3383.0 3883.0 0 3024.0 50000216
cell 5 -0.45 -0.63813601 0.1 0.09817477 3383.0 3883.0 0 3024.0 50000217
cell 5 -0.45 -0.53996124 0.1 0.09817477 3383.0 3883.0 0 3024.0 50000218
cell 5 -0.45 -0.44178647 0.1 0.09817477 3383.0 3883.0 0 3024.0 50000219
cell 5 -0.45 -0.3436117 0.1 0.09817477 3383.0 3883.0 0 3024.0 50000220
cell 5 -0.45 -0.24543693 0.1 0.09817477 3383.0 3883.0 0 3024.0 50000221
cell 5 -0.45 -0.14726216 0.1 0.09817477 3383.0 3883.0 0 3024.0 50000222
cell 5 -0.45 -0.04908739 0.1 0.09817477 3383.0 3883.0 0 3024.0 50000223
cell 5 -0.45 0.04908739 0.1 0.09817477 3383.0 3883.0 0 3024.0 50000224
cell 5 -0.45 0.14726216 0.1 0.09817477 3383.0 3883.0 0 3024.0 50000225
cell 5 -0.45 0.24543693 0.1 0.09817477 3383.0 3883.0 0 3024.0 50000226
cell 5 -0.45 0.3436117 0.1 0.09817477 3383.0 3883.0 0 3024.0 50000227
cell 5 -0.45 0.44178647 0.1 0.09817477 3383.0 3883.0 0 3024.0 50000228
cell 5 -0.45 0.53996124 0.1 0.09817477 3383.0 3883.0 0 3024.0 50000229
cell 5 -0.45 0.63813601 0.1 0.09817477 3383.0 3883.0 0 3024.0 50000230
cell 5 -0.45 0.73631078 0.1 0.09817477 3383.0 3883.0 0 3024.0 50000231
cell 5 -0.45 0.83448555 0.1 0.09817477 3383.0 3883.0 0 3024.0 50000232
cell 5 -0.45 0.93266032 0.1 0.09817477 3383.0 3883.0 0 3024.0 50000233
cell 5 -0.45 1.03083509 0.1 0.09817477 3383.0 3883.0 0 3024.0 50000234
cell 5 -0.45 1.12900986 0.1 0.09817477 3383.0 3883.0 0 3024.0 50000235
cell 5 -0.45 1.22718463 0.1 0.09817477 3383.0 3883.0 0 3024.0 50000236
cell 5 -0.45 1.3253594 0.1 0.09817477 3383.0 3883.0 0 3024.0 50000237
cell 5 -0.45 1.42353417 0.1 0.09817477 3383.0 3883.0 0 3024.0 50000238
cell 5 -0.45 1.52170894 0.1 0.09817477 3383.0 3883.0 0 3024.0 50000239
cell 5 -0.45 1.61988371 0.1 0.09817477 3383.0 3883.0 0 3024.0 50000240
cell 5 -0.45 1.71805848 0.1 0.09817477 3383.0 3883.0 0 3024.0 50000241
cell 5 -0.45 1.81623325 0.1 0.09817477 3383.0 3883.0 0 3024.0 50000242
cell 5 -0.45 1.91440802 0.1 0.09817477 3383.0 3883.0 0 3024.0 50000243
cell 5 -0.45 2.01258279 0.1 0.09817477 3383.0 3883.0 0 3024.0 50000244
cell 5 -0.45 2.11075756 0.1 0.09817477 3383.0 3883.0 0 3024.0 50000245
cell 5 -0.45 2.20893233 0.1 0.09817477 3383.0 3883.0 0 3024.0 50000246
cell 5 -0.45 2.3071071 0.1 0.09817477 3383.0 3883.0 0 3024.0 50000247
cell 5 -0.45 2.40528188 0.1 0.09817477 3383.0 3883.0 0 3024.0 50000248
cell 5 -0.45 2.50345665 0.1 0.09817477 3383.0 3883.0 0 3024.0 50000249
cell 5 -0.45 2.60163142 0.1 0.09817477 3383.0 3883.0 0 3024.0 50000250
cell 5 -0.45 2.69980619 0.1 0.09817477 3383.0 3883.0 0 3024.0 50000251
cell 5 -0.45 2.79798096 0.1 0.09817477 3383.0 3883.0 0 3024.0 50000252
cell 5 -0.45 2.89615573 0.1 0.09817477 3383.0 3883.0 0 3024.0 50000253
cell 5 -0.45 2.9943305 0.1 0.09817477 3383.0 3883.0 0 3024.0 50000254
cell 5 -0.45 3.09250527 0.1 0.09817477 3383.0 3883.0 0 3024.0 50000255
cell 5 -0.35 -3.09250527 0.1 0.09817477 3383.0 3883.0 0 3024.0 50000256
cell 5 -0.35 -2.9943305 0.1 0.09817477 3383.0 3883.0 0 3024.0 50000257
cell 5 -0.35 -2.89615573 0.1 0.09817477 3383.0 3883.0 0 3024.0 50000258
cell 5 -0.35 -2.79798096 0.1 0.09817477 3383.0 3883.0 0 3024.0 50000259
cell 5 -0.35 -2.69980619 0.1 0.09817477 3383.0 3883.0 0 3024.0 50000260
cell 5 -0.35 -2.60163142 0.1 0.09817477 3383.0 3883.0 0 3024.0 50000261
cell 5 -0.35 -2.50345665 0.1 0.09817477 3383.0 3883.0 0 3024.0 50000262
cell 5 -0.35 -2.40528188 0.1 0.09817477 3383.0 3883.0 0 3024.0 50000263
cell 5 -0.35 -2.3071071 0.1 0.09817477 3383.0 3883.0 0 3024.0 50000264
cell 5 -0.35 -2.20893233 0.1 0.09817477 3383.0 3883.0 0 3024.0 50000265
cell 5 -0.35 -2.11075756 0.1 0.09817477 3383.0 3883.0 0 3024.0 50000266
cell 5 -0.35 -2.01258279 0.1 0.09817477 3383.0 3883.0 0 3024.0 50000267
cell 5 -0.35 -1.91440802 0.1 0.09817477 3383.0 3883.0 0 3024.0 50000268
cell 5 -0.35 -1.81623325 0.1 0.09817477 3383.0 3883.0 0 3024.0 50000269
cell 5 -0.35 -1.71805848 0.1 0.09817477 3383.0 3883.0 0 3024.0 50000270
cell 5 -0.35 -1.61988371 0.1 0.09817477 3383.0 3883.0 0 3024.0 50000271
cell 5 -0.35 -1.52170894 0.1 0.09817477 3383.0 3883.0 0 3024.0 50000272
cell 5 -0.35 -1.42353417 0.1 0.09817477 3383.0 3883.0 0 3024.0 50000273
cell 5 -0.35 -1.3253594 0.1 0.09817477 3383.0 3883.0 0 3024.0 50000274
cell 5 -0.35 -1.22718463 0.1 0.09817477 3383.0 3883.0 0 3024.0 50000275
cell 5 -0.35 -1.12900986 0.1 0.09817477 3383.0 3883.0 0 3024.0 50000276
cell 5 -0.35 -1.03083509 0.1 0.09817477 3383.0 3883.0 0 3024.0 50000277
cell 5 -0.35 -0.93266032 0.1 0.09817477 3383.0 3883.0 0 3024.0 50000278
cell 5 -0.35 -0.83448555 0.1 0.09817477 3383.0 3883.0 0 3024.0 50000279
cell 5 -0.35 -0.73631078 0.1 0.09817477 3383.0 3883.0 0 3024.0 50000280
cell 5 -0.35 -0.63813601 0.1 0.09817477 3383.0 3883.0 0 3024.0 50000281
cell 5 -0.35 -0.53996124 0.1 0.09817477 3383.0 3883.0 0 3024.0 50000282
cell 5 -0.35 -0.44178647 0.1 0.09817477 3383.0 3883.0 0 3024.0 50000283
cell 5 -0.35 -0.3436117 0.1 0.09817477 3383.0 3883.0 0 3024.0 50000284
cell 5 -0.35 -0.24543693 0.1 0.09817477 3383.0 3883.0 0 3024.0 50000285
cell 5 -0.35 -0.14726216 0.1 0.09817477 3383.0 3883.0 0 3024.0 50000286
cell 5 -0.35 -0.04908739 0.1 0.09817477 3383.0 3883.0 0 3024.0 50000287
cell 5 -0.35 0.04908739 0.1 0.09817477 3383.0 3883.0 0 3024.0 50000288
cell 5 -0.35 0.14726216 0.1 0.09817477 3383.0 3883.0 0 3024.0 50000289
cell 5 -0.35 0.24543693 0.1 0.09817477 3383.0 3883.0 0 3024.0 50000290
cell 5 -0.35 0.3436117 0.1 0.09817477 3383.0 3883.0 0 3024.0 50000291
cell 5 -0.35 0.44178647 0.1 0.09817477 3383.0 3883.0 0 3024.0 50000292
cell 5 -0.35 0.53996124 0.1 0.09817477 3383.0 3883.0 0 3024.0 50000293
cell 5 -0.35 0.63813601 0.1 0.09817477 3383.0 3883.0 0 3024.0 50000294
cell 5 -0.35 0.73631078 0.1 0.09817477 3383.0 3883.0 0 3024.0 50000295
cell 5 -0.35 0.83448555 0.1 0.09817477 3383.0 3883.0 0 3024.0 50000296
cell 5 -0.35 0.93266032 0.1 0.09817477 3383.0 3883.0 0 3024.0 50000297
cell 5 -0.35 1.03083509 0.1 0.09817477 3383.0 3883.0 0 3024.0 50000298
cell 5 -0.35 1.12900986 0.1 0.09817477 3383.0 3883.0 0 3024.0 50000299
cell 5 -0.35 1.22718463 0.1 0.09817477 3383.0 3883.0 0 3024.0 50000300
cell 5 -0.35 1.3253594 0.1 0.09817477 3383.0 3883.0 0 3024.0 50000301
cell 5 -0.35 1.42353417 0.1 0.09817477 3383.0 3883.0 0 3024.0 50000302
cell 5 -0.35 1.52170894 0.1 0.09817477 3383.0 3883.0 0 3024.0 50000303
cell 5 -0.35 1.61988371 0.1 0.09817477 3383.0 3883.0 0 3024.0 50000304
cell 5 -0.35 1.71805848 0.1 0.09817477 3383.0 3883.0 0 3024.0 50000305
cell 5 -0.35 1.81623325 0.1 0.09817477 3383.0 3883.0 0 3024.0 50000306
cell 5 -0.35 1.91440802 0.1 0.09817477 3383.0 3883.0 0 3024.0 50000307
cell 5 -0.35 2.01258279 0.1 0.09817477 3383.0 3883.0 0 3024.0 50000308
cell 5 -0.35 2.11075756 0.1 0.09817477 3383.0 3883.0 0 3024.0 50000309
cell 5 -0.35 2.20893233 0.1 0.09817477 3383.0 3883.0 0 3024.0 50000310
cell 5 -0.35 2.3071071 0.1 0.09817477 3383.0 3883.0 0 3024.0 50000311
cell 5 -0.35 2.40528188 0.1 0.09817477 3383.0 3883.0 0 3024.0 50000312
cell 5 -0.35 2.50345665 0.1 0.09817477 3383.0 3883.0 0 3024.0 50000313
cell 5 -0.35 2.60163142 0.1 0.09817477 3383.0 3883.0 0 3024.0 50000314
cell 5 -0.35 2.69980619 0.1 0.09817477 3383.0 3883.0 0 3024.0 50000315
cell 5 -0.35 2.79798096 0.1 0.09817477 3383.0 3883.0 0 3024.0 50000316
cell 5 -0.35 2.89615573 0.1 0.09817477 3383.0 3883.0 0 3024.0 50000317
cell 5 -0.35 2.9943305 0.1 0.09817477 3383.0 3883.0 0 3024.0 50000318
cell 5 -0.35 3.09250527 0.1 0.09817477 3383.0 3883.0 0 3024.0 50000319
cell 5 -0.25 -3.09250527 0.1 0.09817477 3383.0 3883.0 0 3024.0 50000320
cell 5 -0.25 -2.9943305 0.1 0.09817477 3383.0 3883.0 0 3024.0 50000321
cell 5 -0.25 -2.89615573 0.1 0.09817477 3383.0 3883.0 0 3024.0 50000322
cell 5 -0.25 -2.79798096 0.1 0.09817477 3383.0 3883.0 0 3024.0 50000323
cell 5 -0.25 -2.69980619 0.1 0.09817477 3383.0 3883.0 0 3024.0 50000324
cell 5 -0.25 -2.60163142 0.1 0.09817477 3383.0 3883.0 0 3024.0 50000325
cell 5 -0.25 -2.50345665 0.1 0.09817477 3383.0 3883.0 0 3024.0 50000326
cell 5 -0.25 -2.40528188 0.1 0.09817477 3383.0 3883.0 0 3024.0 50000327
cell 5 -0.25 -2.3071071 0.1 0.09817477 3383.0 3883.0 0 3024.0 50000328
cell 5 -0.25 -2.20893233 0.1 0.09817477 3383.0 3883.0 0 3024.0 50000329
cell 5 -0.25 -2.11075756 0.1 0.09817477 3383.0 3883.0 0 3024.0 50000330
cell 5 -0.25 -2.01258279 0.1 0.09817477 3383.0 3883.0 0 3024.0 50000331
cell 5 -0.25 -1.91440802 0.1 0.09817477 3383.0 3883.0 0 3024.0 50000332
cell 5 -0.25 -1.81623325 0.1 0.09817477 3383.0 3883.0 0 3024.0 50000333
cell 5 -0.25 -1.71805848 0.1 0.09817477 3383.0 3883.0 0 3024.0 50000334
cell 5 -0.25 -1.61988371 0.1 0.09817477 3383.0 3883.0 0 3024.0 50000335
cell 5 -0.25 -1.52170894 0.1 0.09817477 3383.0 3883.0 0 3024.0 50000336
cell 5 -0.25 -1.42353417 0.1 0.09817477 3383.0 3883.0 0 3024.0 50000337
cell 5 -0.25 -1.3253594 0.1 0.09817477 3383.0 3883.0 0 3024.0 50000338
cell 5 -0.25 -1.22718463 0.1 0.09817477 3383.0 3883.0 0 3024.0 50000339
cell 5 -0.25 -1.12900986 0.1 0.09817477 3383.0 3883.0 0 3024.0 50000340
cell 5 -0.25 -1.03083509 0.1 0.09817477 3383.0 3883.0 0 3024.0 50000341
cell 5 -0.25 -0.93266032 0.1 0.09817477 3383.0 3883.0 0 3024.0 50000342
cell 5 -0.25 -0.83448555 0.1 0.09817477 3383.0 3883.0 0 3024.0 50000343
cell 5 -0.25 -0.73631078 0.1 0.09817477 3383.0 3883.0 0 3024.0 50000344
cell 5 -0.25 -0.63813601 0.1 0.09817477 3383.0 3883.0 0 3024.0 50000345
cell 5 -0.25 -0.53996124 0.1 0.09817477 3383.0 3883.0 0 3024.0 50000346
cell 5 -0.25 -0.44178647 0.1 0.09817477 3383.0 3883.0 0 3024.0 50000347
cell 5 -0.25 -0.3436117 0.1 0.09817477 3383.0 3883.0 0 3024.0 50000348
cell 5 -0.25 -0.24543693 0.1 0.09817477 3383.0 3883.0 0 3024.0 50000349
cell 5 -0.25 -0.14726216 0.1 0.09817477 3383.0 3883.0 0 3024.0 50000350
cell 5 -0.25 -0.04908739 0.1 0.09817477 3383.0 3883.0 0 3024.0 50000351
cell 5 -0.25 0.04908739 0.1 0.09817477 3383.0 3883.0 0 3024.0 50000352
cell 5 -0.25 0.14726216 0.1 0.09817477 3383.0 3883.0 0 3024.0 50000353
cell 5 -0.25 0.24543693 0.1 0.09817477 3383.0 3883.0 0 3024.0 50000354
cell 5 -0.25 0.3436117 0.1 0.09817477 3383.0 3883.0 0 3024.0 50000355
cell 5 -0.25 0.44178647 0.1 0.09817477 3383.0 3883.0 0 3024.0 50000356
cell 5 -0.25 0.53996124 0.1 0.09817477 3383.0 3883.0 0 3024.0 50000357
cell 5 -0.25 0.63813601 0.1 0.09817477 3383.0 3883.0 0 3024.0 50000358
cell 5 -0.25 0.73631078 0.1 0.09817477 3383.0 3883.0 0 3024.0 50000359
cell 5 -0.25 0.83448555 0.1 0.09817477 3383.0 3883.0 0 3024.0 50000360
cell 5 -0.25 0.93266032 0.1 0.09817477 3383.0 3883.0 0 3024.0 50000361
cell 5 -0.25 1.03083509 0.1 0.09817477 3383.0 3883.0 0 3024.0 50000362
cell 5 -0.25 1.12900986 0.1 0.09817477 3383.0 3883.0 0 3024.0 50000363
cell 5 -0.25 1.22718463 0.1 0.09817477 3383.0 3883.0 0 3024.0 50000364
cell 5 -0.25 1.3253594 0.1 0.09817477 3383.0 3883.0 0 3024.0 50000365
cell 5 -0.25 1.42353417 0.1 0.09817477 3383.0 3883.0 0 3024.0 50000366
cell 5 -0.25 1.52170894 0.1 0.09817477 3383.0 3883.0 0 3024.0 50000367
cell 5 -0.25 1.61988371 0.1 0.09817477 3383.0 3883.0 0 3024.0 50000368
cell 5 -0.25 1.71805848 0.1 0.09817477 3383.0 3883.0 0 3024.0 50000369
cell 5 -0.25 1.81623325 0.1 0.09817477 3383.0 3883.0 0 3024.0 50000370
cell 5 -0.25 1.91440802 0.1 0.09817477 3383.0 3883.0 0 3024.0 50000371
cell 5 -0.25 2.01258279 0.1 0.09817477 3383.0 3883.0 0 3024.0 50000372
cell 5 -0.25 2.11075756 0.1 0.09817477 3383.0 3883.0 0 3024.0 50000373
cell 5 -0.25 2.20893233 0.1 0.09817477 3383.0 3883.0 0 3024.0 50000374
cell 5 -0.25 2.3071071 0.1 0.09817477 3383.0 3883.0 0 3024.0 50000375
cell 5 -0.25 2.40528188 0.1 0.09817477 3383.0 3883.0 0 3024.0 50000376
cell 5 -0.25 2.50345665 0.1 0.09817477 3383.0 3883.0 0 3024.0 50000377
cell 5 -0.25 2.60163142 0.1 0.09817477 3383.0 3883.0 0 3024.0 50000378
cell 5 -0.25 2.69980619 0.1 0.09817477 3383.0 3883.0 0 3024.0 50000379
cell 5 -0.25 2.79798096 0.1 0.09817477 3383.0 3883.0 0 3024.0 50000380
cell 5 -0.25 2.89615573 0.1 0.09817477 3383.0 3883.0 0 3024.0 50000381
cell 5 -0.25 2.9943305 0.1 0.09817477 3383.0 3883.0 0 3024.0 50000382
cell 5 -0.25 3.09250527 0.1 0.09817477 3383.0 3883.0 0 3024.0 50000383
cell 5 -0.15 -3.09250527 0.1 0.09817477 3383.0 3883.0 0 3024.0 50000384
cell 5 -0.15 -2.9943305 0.1 0.09817477 3383.0 3883.0 0 3024.0 50000385
cell 5 -0.15 -2.89615573 0.1 0.09817477 3383.0 3883.0 0 3024.0 50000386
cell 5 -0.15 -2.79798096 0.1 0.09817477 3383.0 3883.0 0 3024.0 50000387
cell 5 -0.15 -2.69980619 0.1 0.09817477 3383.0 3883.0 0 3024.0 50000388
cell 5 -0.15 -2.60163142 0.1 0.09817477 3383.0 3883.0 0 3024.0 50000389
cell 5 -0.15 -2.50345665 0.1 0.09817477 3383.0 3883.0 0 3024.0 50000390
cell 5 -0.15 -2.40528188 0.1 0.09817477 3383.0 3883.0 0 3024.0 50000391
cell 5 -0.15 -2.3071071 0.1 0.09817477 3383.0 3883.0 0 3024.0 50000392
cell 5 -0.15 -2.20893233 0.1 0.09817477 3383.0 3883.0 0 3024.0 50000393
cell 5 -0.15 -2.11075756 0.1 0.09817477 3383.0 3883.0 0 3024.0 50000394
cell 5 -0.15 -2.01258279 0.1 0.09817477 3383.0 3883.0 0 3024.0 50000395
cell 5 -0.15 -1.91440802 0.1 0.09817477 3383.0 3883.0 0 3024.0 50000396
cell 5 -0.15 -1.81623325 0.1 0.09817477 3383.0 3883.0 0 3024.0 50000397
cell 5 -0.15 -1.71805848 0.1 0.09817477 3383.0 3883.0 0 3024.0 50000398
cell 5 -0.15 -1.61988371 0.1 0.09817477 3383.0 3883.0 0 3024.0 50000399
cell 5 -0.15 -1.52170894 0.1 0.09817477 3383.0 3883.0 0 3024.0 50000400
cell 5 -0.15 -1.42353417 0.1 0.09817477 3383.0 3883.0 0 3024.0 50000401
cell 5 -0.15 -1.3253594 0.1 0.09817477 3383.0 3883.0 0 3024.0 50000402
cell 5 -0.15 -1.22718463 0.1 0.09817477 3383.0 3883.0 0 3024.0 50000403
cell 5 -0.15 -1.12900986 0.1 0.09817477 3383.0 3883.0 0 3024.0 50000404
cell 5 -0.15 -1.03083509 0.1 0.09817477 3383.0 3883.0 0 3024.0 50000405
cell 5 -0.15 -0.93266032 0.1 0.09817477 3383.0 3883.0 0 3024.0 50000406
cell 5 -0.15 -0.83448555 0.1 0.09817477 3383.0 3883.0 0 3024.0 50000407
cell 5 -0.15 -0.73631078 0.1 0.09817477 3383.0 3883.0 0 3024.0 50000408
cell 5 -0.15 -0.63813601 0.1 0.09817477 3383.0 3883.0 0 3024.0 50000409
cell 5 -0.15 -0.53996124 0.1 0.09817477 3383.0 3883.0 0 3024.0 50000410
cell 5 -0.15 -0.44178647 0.1 0.09817477 3383.0 3883.0 0 3024.0 50000411
cell 5 -0.15 -0.3436117 0.1 0.09817477 3383.0 3883.0 0 3024.0 50000412
cell 5 -0.15 -0.24543693 0.1 0.09817477 3383.0 3883.0 0 3024.0 50000413
cell 5 -0.15 -0.14726216 0.1 0.09817477 3383.0 3883.0 0 3024.0 50000414
cell 5 -0.15 -0.04908739 0.1 0.09817477 3383.0 3883.0 0 3024.0 50000415
cell 5 -0.15 0.04908739 0.1 0.09817477 3383.0 3883.0 0 3024.0 50000416
cell 5 -0.15 0.14726216 0.1 0.09817477 3383.0 3883.0 0 3024.0 50000417
cell 5 -0.15 0.24543693 0.1 0.09817477 3383.0 3883.0 0 3024.0 50000418
cell 5 -0.15 0.3436117 0.1 0.09817477 3383.0 3883.0 0 3024.0 50000419
cell 5 -0.15 0.44178647 0.1 0.09817477 3383.0 3883.0 0 3024.0 50000420
cell 5 -0.15 0.53996124 0.1 0.09817477 3383.0 3883.0 0 3024.0 50000421
cell 5 -0.15 0.63813601 0.1 0.09817477 3383.0 3883.0 0 3024.0 50000422
cell 5 -0.15 0.73631078 0.1 0.09817477 3383.0 3883.0 0 3024.0 50000423
cell 5 -0.15 0.83448555 0.1 0.09817477 3383.0 3883.0 0 3024.0 50000424
cell 5 -0.15 0.93266032 0.1 0.09817477 3383.0 3883.0 0 3024.0 50000425
cell 5 -0.15 1.03083509 0.1 0.09817477 3383.0 3883.0 0 3024.0 50000426
cell 5 -0.15 1.12900986 0.1 0.09817477 3383.0 3883.0 0 3024.0 50000427
cell 5 -0.15 1.22718463 0.1 0.09817477 3383.0 3883.0 0 3024.0 50000428
cell 5 -0.15 1.3253594 0.1 0.09817477 3383.0 3883.0 0 3024.0 50000429
cell 5 -0.15 1.42353417 0.1 0.09817477 3383.0 3883.0 0 3024.0 50000430
cell 5 -0.15 1.52170894 0.1 0.09817477 3383.0 3883.0 0 3024.0 50000431
cell 5 -0.15 1.61988371 0.1 0.09817477 3383.0 3883.0 0 3024.0 50000432
cell 5 -0.15 1.71805848 0.1 0.09817477 3383.0 3883.0 0 3024.0 50000433
cell 5 -0.15 1.81623325 0.1 0.09817477 3383.0 3883.0 0 3024.0 50000434
cell 5 -0.15 1.91440802 0.1 0.09817477 3383.0 3883.0 0 3024.0 50000435
cell 5 -0.15 2.01258279 0.1 0.09817477 3383.0 3883.0 0 3024.0 50000436
cell 5 -0.15 2.11075756 0.1 0.09817477 3383.0 3883.0 0 3024.0 50000437
cell 5 -0.15 2.20893233 0.1 0.09817477 3383.0 3883.0 0 3024.0 50000438
cell 5 -0.15 2.3071071 0.1 0.09817477 3383.0 3883.0 0 3024.0 50000439
cell 5 -0.15 2.40528188 0.1 0.09817477 3383.0 3883.0 0 3024.0 50000440
cell 5 -0.15 2.50345665 0.1 0.09817477 3383.0 3883.0 0 3024.0 50000441
cell 5 -0.15 2.60163142 0.1 0.09817477 3383.0 3883.0 0 3024.0 50000442
cell 5 -0.15 2.69980619 0.1 0.09817477 3383.0 3883.0 0 3024.0 50000443
cell 5 -0.15 2.79798096 0.1 0.09817477 3383.0 3883.0 0 3024.0 50000444
cell 5 -0.15 2.89615573 0.1 0.09817477 3383.0 3883.0 0 3024.0 50000445
cell 5 -0.15 2.9943305 0.1 0.09817477 3383.0 3883.0 0 3024.0 50000446
cell 5 -0.15 3.09250527 0.1 0.09817477 3383.0 3883.0 0 3024.0 50000447
cell 5 -0.05 -3.09250527 0.1 0.09817477 3383.0 3883.0 0 3024.0 50000448
cell 5 -0.05 -2.9943305 0.1 0.09817477 3383.0 3883.0 0 3024.0 50000449
cell 5 -0.05 -2.89615573 0.1 0.09817477 3383.0 3883.0 0 3024.0 50000450
cell 5 -0.05 -2.79798096 0.1 0.09817477 3383.0 3883.0 0 3024.0 50000451
cell 5 -0.05 -2.69980619 0.1 0.09817477 3383.0 3883.0 0 3024.0 50000452
cell 5 -0.05 -2.60163142 0.1 0.09817477 3383.0 3883.0 0 3024.0 50000453
cell 5 -0.05 -2.50345665 0.1 0.09817477 3383.0 3883.0 0 3024.0 50000454
cell 5 -0.05 -2.40528188 0.1 0.09817477 3383.0 3883.0 0 3024.0 50000455
cell 5 -0.05 -2.3071071 0.1 0.09817477 3383.0 3883.0 0 3024.0 50000456
cell 5 -0.05 -2.20893233 0.1 0.09817477 3383.0 3883.0 0 3024.0 50000457
cell 5 -0.05 -2.11075756 0.1 0.09817477 3383.0 3883.0 0 3024.0 50000458
cell 5 -0.05 -2.01258279 0.1 0.09817477 3383.0 3883.0 0 3024.0 50000459
cell 5 -0.05 -1.91440802 0.1 0.09817477 3383.0 3883.0 0 3024.0 50000460
cell 5 -0.05 -1.81623325 0.1 0.09817477 3383.0 3883.0 0 3024.0 50000461
cell 5 -0.05 -1.71805848 0.1 0.09817477 3383.0 3883.0 0 3024.0 50000462
cell 5 -0.05 -1.61988371 0.1 0.09817477 3383.0 3883.0 0 3024.0 50000463
cell 5 -0.05 -1.52170894 0.1 0.09817477 3383.0 3883.0 0 3024.0 50000464
cell 5 -0.05 -1.42353417 0.1 0.09817477 3383.0 3883.0 0 3024.0 50000465
cell 5 -0.05 -1.3253594 0.1 0.09817477 3383.0 3883.0 0 3024.0 50000466
cell 5 -0.05 -1.22718463 0.1 0.09817477 3383.0 3883.0 0 3024.0 50000467
cell 5 -0.05 -1.12900986 0.1 0.09817477 3383.0 3883.0 0 3024.0 50000468
cell 5 -0.05 -1.03083509 0.1 0.09817477 3383.0 3883.0 0 3024.0 50000469
cell 5 -0.05 -0.93266032 0.1 0.09817477 3383.0 3883.0 0 3024.0 50000470
cell 5 -0.05 -0.83448555 0.1 0.09817477 3383.0 3883.0 0 3024.0 50000471
cell 5 -0.05 -0.73631078 0.1 0.09817477 3383.0 3883.0 0 3024.0 50000472
cell 5 -0.05 -0.63813601 0.1 0.09817477 3383.0 3883.0 0 3024.0 50000473
cell 5 -0.05 -0.53996124 0.1 0.09817477 3383.0 3883.0 0 3024.0 50000474
cell 5 -0.05 -0.44178647 0.1 0.09817477 3383.0 3883.0 0 3024.0 50000475
cell 5 -0.05 -0.3436117 0.1 0.09817477 3383.0 3883.0 0 3024.0 50000476
cell 5 -0.05 -0.24543693 0.1 0.09817477 3383.0 3883.0 0 3024.0 50000477
cell 5 -0.05 -0.14726216 0.1 0.09817477 3383.0 3883.0 0 3024.0 50000478
cell 5 -0.05 -0.04908739 0.1 0.09817477 3383.0 3883.0 0 3024.0 50000479
cell 5 -0.05 0.04908739 0.1 0.09817477 3383.0 3883.0 0 3024.0 50000480
cell 5 -0.05 0.14726216 0.1 0.09817477 3383.0 3883.0 0 3024.0 50000481
cell 5 -0.05 0.24543693 0.1 0.09817477 3383.0 3883.0 0 3024.0 50000482
cell 5 -0.05 0.3436117 0.1 0.09817477 3383.0 3883.0 0 3024.0 50000483
cell 5 -0.05 0.44178647 0.1 0.09817477 3383.0 3883.0 0 3024.0 50000484
cell 5 -0.05 0.53996124 0.1 0.09817477 3383.0 3883.0 0 3024.0 50000485
cell 5 -0.05 0.63813601 0.1 0.09817477 3383.0 3883.0 0 3024.0 50000486
cell 5 -0.05 0.73631078 0.1 0.09817477 3383.0 3883.0 0 3024.0 50000487
cell 5 -0.05 0.83448555 0.1 0.09817477 3383.0 3883.0 0 3024.0 50000488
cell 5 -0.05 0.93266032 0.1 0.09817477 3383.0 3883.0 0 3024.0 50000489
cell 5 -0.05 1.03083509 0.1 0.09817477 3383.0 3883.0 0 3024.0 50000490
cell 5 -0.05 1.12900986 0.1 0.09817477 3383.0 3883.0 0 3024.0 50000491
cell 5 -0.05 1.22718463 0.1 0.09817477 3383.0 3883.0 0 3024.0 50000492
cell 5 -0.05 1.3253594 0.1 0.09817477 3383.0 3883.0 0 3024.0 50000493
cell 5 -0.05 1.42353417 0.1 0.09817477 3383.0 3883.0 0 3024.0 50000494
cell 5 -0.05 1.52170894 0.1 0.09817477 3383.0 3883.0 0 3024.0 50000495
cell 5 -0.05 1.61988371 0.1 0.09817477 3383.0 3883.0 0 3024.0 50000496
cell 5 -0.05 1.71805848 0.1 0.09817477 3383.0 3883.0 0 3024.0 50000497
cell 5 -0.05 1.81623325 0.1 0.09817477 3383.0 3883.0 0 3024.0 50000498
cell 5 -0.05 1.91440802 0.1 0.09817477 3383.0 3883.0 0 3024.0 50000499
cell 5 -0.05 2.01258279 0.1 0.09817477 3383.0 3883.0 0 3024.0 50000500
cell 5 -0.05 2.11075756 0.1 0.09817477 3383.0 3883.0 0 3024.0 50000501
cell 5 -0.05 2.20893233 0.1 0.09817477 3383.0 3883.0 0 3024.0 50000502
cell 5 -0.05 2.3071071 0.1 0.09817477 3383.0 3883.0 0 3024.0 50000503
cell 5 -0.05 2.40528188 0.1 0.09817477 3383.0 3883.0 0 3024.0 50000504
cell 5 -0.05 2.50345665 0.1 0.09817477 3383.0 3883.0 0 3024.0 50000505
cell 5 -0.05 2.60163142 0.1 0.09817477 3383.0 3883.0 0 3024.0 50000506
cell 5 -0.05 2.69980619 0.1 0.09817477 3383.0 3883.0 0 3024.0 50000507
cell 5 -0.05 2.79798096 0.1 0.09817477 3383.0 3883.0 0 3024.0 50000508
cell 5 -0.05 2.89615573 0.1 0.09817477 3383.0 3883.0 0 3024.0 50000509
cell 5 -0.05 2.9943305 0.1 0.09817477 3383.0 3883.0 0 3024.0 50000510
cell 5 -0.05 3.09250527 0.1 0.09817477 3383.0 3883.0 0 3024.0 50000511
cell 5 0.05 -3.09250527 0.1 0.09817477 3383.0 3883.0 0 3024.0 50000512
cell 5 0.05 -2.9943305 0.1 0.09817477 3383.0 3883.0 0 3024.0 50000513
cell 5 0.05 -2.89615573 0.1 0.09817477 3383.0 3883.0 0 3024.0 50000514
cell 5 0.05 -2.79798096 0.1 0.09817477 3383.0 3883.0 0 3024.0 50000515
cell 5 0.05 -2.69980619 0.1 0.09817477 3383.0 3883.0 0 3024.0 50000516
cell 5 0.05 -2.60163142 0.1 0.09817477 3383.0 3883.0 0 3024.0 50000517
cell 5 0.05 -2.50345665 0.1 0.09817477 3383.0 3883.0 0 3024.0 50000518
cell 5 0.05 -2.40528188 0.1 0.09817477 3383.0 3883.0 0 3024.0 50000519
cell 5 0.05 -2.3071071 0.1 0.09817477 3383.0 3883.0 0 3024.0 50000520
cell 5 0.05 -2.20893233 0.1 0.09817477 3383.0 3883.0 0 3024.0 50000521
cell 5 0.05 -2.11075756 0.1 0.09817477 3383.0 3883.0 0 3024.0 50000522
cell 5 0.05 -2.01258279 0.1 0.09817477 3383.0 3883.0 0 3024.0 50000523
cell 5 0.05 -1.91440802 0.1 0.09817477 3383.0 3883.0 0 3024.0 50000524
cell 5 0.05 -1.81623325 0.1 0.09817477 3383.0 3883.0 0 3024.0 50000525
cell 5 0.05 -1.71805848 0.1 0.09817477 3383.0 3883.0 0 3024.0 50000526
cell 5 0.05 -1.61988371 0.1 0.09817477 3383.0 3883.0 0 3024.0 50000527
cell 5 0.05 -1.52170894 0.1 0.09817477 3383.0 3883.0 0 3024.0 50000528
cell 5 0.05 -1.42353417 0.1 0.09817477 3383.0 3883.0 0 3024.0 50000529
cell 5 0.05 -1.3253594 0.1 0.09817477 3383.0 3883.0 0 3024.0 50000530
cell 5 0.05 -1.22718463 0.1 0.09817477 3383.0 3883.0 0 3024.0 50000531
cell 5 0.05 -1.12900986 0.1 0.09817477 3383.0 3883.0 0 3024.0 50000532
cell 5 0.05 -1.03083509 0.1 0.09817477 3383.0 3883.0 0 3024.0 50000533
cell 5 0.05 -0.93266032 0.1 0.09817477 3383.0 3883.0 0 3024.0 50000534
cell 5 0.05 -0.83448555 0.1 0.09817477 3383.0 3883.0 0 3024.0 50000535
cell 5 0.05 -0.73631078 0.1 0.09817477 3383.0 3883.0 0 3024.0 50000536
cell 5 0.05 -0.63813601 0.1 0.09817477 3383.0 3883.0 0 3024.0 50000537
cell 5 0.05 -0.53996124 0.1 0.09817477 3383.0 3883.0 0 3024.0 50000538
cell 5 0.05 -0.44178647 0.1 0.09817477 3383.0 3883.0 0 3024.0 50000539
cell 5 0.05 -0.3436117 0.1 0.09817477 3383.0 3883.0 0 3024.0 50000540
cell 5 0.05 -0.24543693 0.1 0.09817477 3383.0 3883.0 0 3024.0 50000541
cell 5 0.05 -0.14726216 0.1 0.09817477 3383.0 3883.0 0 3024.0 50000542
cell 5 0.05 -0.04908739 0.1 0.09817477 3383.0 3883.0 0 3024.0 50000543
cell 5 0.05 0.04908739 0.1 0.09817477 3383.0 3883.0 0 3024.0 50000544
cell 5 0.05 0.14726216 0.1 0.09817477 3383.0 3883.0 0 3024.0 50000545
cell 5 0.05 0.24543693 0.1 0.09817477 3383.0 3883.0 0 3024.0 50000546
cell 5 0.05 0.3436117 0.1 0.09817477 3383.0 3883.0 0 3024.0 50000547
cell 5 0.05 0.44178647 0.1 0.09817477 3383.0 3883.0 0 3024.0 50000548
cell 5 0.05 0.53996124 0.1 0.09817477 3383.0 3883.0 0 3024.0 50000549
cell 5 0.05 0.63813601 0.1 0.09817477 3383.0 3883.0 0 3024.0 50000550
cell 5 0.05 0.73631078 0.1 0.09817477 3383.0 3883.0 0 3024.0 50000551
cell 5 0.05 0.83448555 0.1 0.09817477 3383.0 3883.0 0 3024.0 50000552
cell 5 0.05 0.93266032 0.1 0.09817477 3383.0 3883.0 0 3024.0 50000553
cell 5 0.05 1.03083509 0.1 0.09817477 3383.0 3883.0 0 3024.0 50000554
cell 5 0.05 1.12900986 0.1 0.09817477 3383.0 3883.0 0 3024.0 50000555
cell 5 0.05 1.22718463 0.1 0.09817477 3383.0 3883.0 0 3024.0 50000556
cell 5 0.05 1.3253594 0.1 0.09817477 3383.0 3883.0 0 3024.0 50000557
cell 5 0.05 1.42353417 0.1 0.09817477 3383.0 3883.0 0 3024.0 50000558
cell 5 0.05 1.52170894 0.1 0.09817477 3383.0 3883.0 0 3024.0 50000559
cell 5 0.05 1.61988371 0.1 0.09817477 3383.0 3883.0 0 3024.0 50000560
cell 5 0.05 1.71805848 0.1 0.09817477 3383.0 3883.0 0 3024.0 50000561
cell 5 0.05 1.81623325 0.1 0.09817477 3383.0 3883.0 0 3024.0 50000562
cell 5 0.05 1.91440802 0.1 0.09817477 3383.0 3883.0 0 3024.0 50000563
cell 5 0.05 2.01258279 0.1 0.09817477 3383.0 3883.0 0 3024.0 50000564
cell 5 0.05 2.11075756 0.1 0.09817477 3383.0 3883.0 0 3024.0 50000565
cell 5 0.05 2.20893233 0.1 0.09817477 3383.0 3883.0 0 3024.0 50000566
cell 5 0.05 2.3071071 0.1 0.09817477 3383.0 3883.0 0 3024.0 50000567
cell 5 0.05 2.40528188 0.1 0.09817477 3383.0 3883.0 0 3024.0 50000568
cell 5 0.05 2.50345665 0.1 0.09817477 3383.0 3883.0 0 3024.0 50000569
cell 5 0.05 2.60163142 0.1 0.09817477 3383.0 3883.0 0 3024.0 50000570
cell 5 0.05 2.69980619 0.1 0.09817477 3383.0 3883.0 0 3024.0 50000571
cell 5 0.05 2.79798096 0.1 0.09817477 3383.0 3883.0 0 3024.0 50000572
cell 5 0.05 2.89615573 0.1 0.09817477 3383.0 3883.0 0 3024.0 50000573
cell 5 0.05 2.9943305 0.1 0.09817477 3383.0 3883.0 0 3024.0 50000574
cell 5 0.05 3.09250527 0.1 0.09817477 3383.0 3883.0 0 3024.0 50000575
cell 5 0.15 -3.09250527 0.1 0.09817477 3383.0 3883.0 0 3024.0 50000576
cell 5 0.15 -2.9943305 0.1 0.09817477 3383.0 3883.0 0 3024.0 50000577
cell 5 0.15 -2.89615573 0.1 0.09817477 3383.0 3883.0 0 3024.0 50000578
cell 5 0.15 -2.79798096 0.1 0.09817477 3383.0 3883.0 0 3024.0 50000579
cell 5 0.15 -2.69980619 0.1 0.09817477 3383.0 3883.0 0 3024.0 50000580
cell 5 0.15 -2.60163142 0.1 0.09817477 3383.0 3883.0 0 3024.0 50000581
cell 5 0.15 -2.50345665 0.1 0.09817477 3383.0 3883.0 0 3024.0 50000582
cell 5 0.15 -2.40528188 0.1 0.09817477 3383.0 3883.0 0 3024.0 50000583
cell 5 0.15 -2.3071071 0.1 0.09817477 3383.0 3883.0 0 3024.0 50000584
cell 5 0.15 -2.20893233 0.1 0.09817477 3383.0 3883.0 0 3024.0 50000585
cell 5 0.15 -2.11075756 0.1 0.09817477 3383.0 3883.0 0 3024.0 50000586
cell 5 0.15 -2.01258279 0.1 0.09817477 3383.0 3883.0 0 3024.0 50000587
cell 5 0.15 -1.91440802 0.1 0.09817477 3383.0 3883.0 0 3024.0 50000588
cell 5 0.15 -1.81623325 0.1 0.09817477 3383.0 3883.0 0 3024.0 50000589
cell 5 0.15 -1.71805848 0.1 0.09817477 3383.0 3883.0 0 3024.0 50000590
cell 5 0.15 -1.61988371 0.1 0.09817477 3383.0 3883.0 0 3024.0 50000591
cell 5 0.15 -1.52170894 0.1 0.09817477 3383.0 3883.0 0 3024.0 50000592
cell 5 0.15 -1.42353417 0.1 0.09817477 3383.0 3883.0 0 3024.0 50000593
cell 5 0.15 -1.3253594 0.1 0.09817477 3383.0 3883.0 0 3024.0 50000594
cell 5 0.15 -1.22718463 0.1 0.09817477 3383.0 3883.0 0 3024.0 50000595
cell 5 0.15 -1.12900986 0.1 0.09817477 3383.0 3883.0 0 3024.0 50000596
cell 5 0.15 -1.03083509 0.1 0.09817477 3383.0 3883.0 0 3024.0 50000597
cell 5 0.15 -0.93266032 0.1 0.09817477 3383.0 3883.0 0 3024.0 50000598
cell 5 0.15 -0.83448555 0.1 0.09817477 3383.0 3883.0 0 3024.0 50000599
cell 5 0.15 -0.73631078 0.1 0.09817477 3383.0 3883.0 0 3024.0 50000600
cell 5 0.15 -0.63813601 0.1 0.09817477 3383.0 3883.0 0 3024.0 50000601
cell 5 0.15 -0.53996124 0.1 0.09817477 3383.0 3883.0 0 3024.0 50000602
cell 5 0.15 -0.44178647 0.1 0.09817477 3383.0 3883.0 0 3024.0 50000603
cell 5 0.15 -0.3436117 0.1 0.09817477 3383.0 3883.0 0 3024.0 50000604
cell 5 0.15 -0.24543693 0.1 0.09817477 3383.0 3883.0 0 3024.0 50000605
cell 5 0.15 -0.14726216 0.1 0.09817477 3383.0 3883.0 0 3024.0 50000606
cell 5 0.15 -0.04908739 0.1 0.09817477 3383.0 3883.0 0 3024.0 50000607
cell 5 0.15 0.04908739 0.1 0.09817477 3383.0 3883.0 0 3024.0 50000608
cell 5 0.15 0.14726216 0.1 0.09817477 3383.0 3883.0 0 3024.0 50000609
cell 5 0.15 0.24543693 0.1 0.09817477 3383.0 3883.0 0 3024.0 50000610
cell 5 0.15 0.3436117 0.1 0.09817477 3383.0 3883.0 0 3024.0 50000611
cell 5 0.15 0.44178647 0.1 0.09817477 3383.0 3883.0 0 3024.0 50000612
cell 5 0.15 0.53996124 0.1 0.09817477 3383.0 3883.0 0 3024.0 50000613
cell 5 0.15 0.63813601 0.1 0.09817477 3383.0 3883.0 0 3024.0 50000614
cell 5 0.15 0.73631078 0.1 0.09817477 3383.0 3883.0 0 3024.0 50000615
cell 5 0.15 0.83448555 0.1 0.09817477 3383.0 3883.0 0 3024.0 50000616
cell 5 0.15 0.93266032 0.1 0.09817477 3383.0 3883.0 0 3024.0 50000617
cell 5 0.15 1.03083509 0.1 0.09817477 3383.0 3883.0 0 3024.0 50000618
cell 5 0.15 1.12900986 0.1 0.09817477 3383.0 3883.0 0 3024.0 50000619
cell 5 0.15 1.22718463 0.1 0.09817477 3383.0 3883.0 0 3024.0 50000620
cell 5 0.15 1.3253594 0.1 0.09817477 3383.0 3883.0 0 3024.0 50000621
cell 5 0.15 1.42353417 0.1 0.09817477 3383.0 3883.0 0 3024.0 50000622
cell 5 0.15 1.52170894 0.1 0.09817477 3383.0 3883.0 0 3024.0 50000623
cell 5 0.15 1.61988371 0.1 0.09817477 3383.0 3883.0 0 3024.0 50000624
cell 5 0.15 1.71805848 0.1 0.09817477 3383.0 3883.0 0 3024.0 50000625
cell 5 0.15 1.81623325 0.1 0.09817477 3383.0 3883.0 0 3024.0 50000626
cell 5 0.15 1.91440802 0.1 0.09817477 3383.0 3883.0 0 3024.0 50000627
cell 5 0.15 2.01258279 0.1 0.09817477 3383.0 3883.0 0 3024.0 50000628
cell 5 0.15 2.11075756 0.1 0.09817477 3383.0 3883.0 0 3024.0 50000629
cell 5 0.15 2.20893233 0.1 0.09817477 3383.0 3883.0 0 3024.0 50000630
cell 5 0.15 2.3071071 0.1 0.09817477 3383.0 3883.0 0 3024.0 50000631
cell 5 0.15 2.40528188 0.1 0.09817477 3383.0 3883.0 0 3024.0 50000632
cell 5 0.15 2.50345665 0.1 0.09817477 3383.0 3883.0 0 3024.0 50000633
cell 5 0.15 2.60163142 0.1 0.09817477 3383.0 3883.0 0 3024.0 50000634
cell 5 0.15 2.69980619 0.1 0.09817477 3383.0 3883.0 0 3024.0 50000635
cell 5 0.15 2.79798096 0.1 0.09817477 3383.0 3883.0 0 3024.0 50000636
cell 5 0.15 2.89615573 0.1 0.09817477 3383.0 3883.0 0 3024.0 50000637
cell 5 0.15 2.9943305 0.1 0.09817477 3383.0 3883.0 0 3024.0 50000638
cell 5 0.15 3.09250527 0.1 0.09817477 3383.0 3883.0 0 3024.0 50000639
cell 5 0.25 -3.09250527 0.1 0.09817477 3383.0 3883.0 0 3024.0 50000640
cell 5 0.25 -2.9943305 0.1 0.09817477 3383.0 3883.0 0 3024.0 50000641
cell 5 0.25 -2.89615573 0.1 0.09817477 3383.0 3883.0 0 3024.0 50000642
cell 5 0.25 -2.79798096 0.1 0.09817477 3383.0 3883.0 0 3024.0 50000643
cell 5 0.25 -2.69980619 0.1 0.09817477 3383.0 3883.0 0 3024.0 50000644
cell 5 0.25 -2.60163142 0.1 0.09817477 3383.0 3883.0 0 3024.0 50000645
cell 5 0.25 -2.50345665 0.1 0.09817477 3383.0 3883.0 0 3024.0 50000646
cell 5 0.25 -2.40528188 0.1 0.09817477 3383.0 3883.0 0 3024.0 50000647
cell 5 0.25 -2.3071071 0.1 0.09817477 3383.0 3883.0 0 3024.0 50000648
cell 5 0.25 -2.20893233 0.1 0.09817477 3383.0 3883.0 0 3024.0 50000649
cell 5 0.25 -2.11075756 0.1 0.09817477 3383.0 3883.0 0 3024.0 50000650
cell 5 0.25 -2.01258279 0.1 0.09817477 3383.0 3883.0 0 3024.0 50000651
cell 5 0.25 -1.91440802 0.1 0.09817477 3383.0 3883.0 0 3024.0 50000652
cell 5 0.25 -1.81623325 0.1 0.09817477 3383.0 3883.0 0 3024.0 50000653
cell 5 0.25 -1.71805848 0.1 0.09817477 3383.0 3883.0 0 3024.0 50000654
cell 5 0.25 -1.61988371 0.1 0.09817477 3383.0 3883.0 0 3024.0 50000655
cell 5 0.25 -1.52170894 0.1 0.09817477 3383.0 3883.0 0 3024.0 50000656
cell 5 0.25 -1.42353417 0.1 0.09817477 3383.0 3883.0 0 3024.0 50000657
cell 5 0.25 -1.3253594 0.1 0.09817477 3383.0 3883.0 0 3024.0 50000658
cell 5 0.25 -1.22718463 0.1 0.09817477 3383.0 3883.0 0 3024.0 50000659
cell 5 0.25 -1.12900986 0.1 0.09817477 3383.0 3883.0 0 3024.0 50000660
cell 5 0.25 -1.03083509 0.1 0.09817477 3383.0 3883.0 0 3024.0 50000661
cell 5 0.25 -0.93266032 0.1 0.09817477 3383.0 3883.0 0 3024.0 50000662
cell 5 0.25 -0.83448555 0.1 0.09817477 3383.0 3883.0 0 3024.0 50000663
cell 5 0.25 -0.73631078 0.1 0.09817477 3383.0 3883.0 0 3024.0 50000664
cell 5 0.25 -0.63813601 0.1 0.09817477 3383.0 3883.0 0 3024.0 50000665
cell 5 0.25 -0.53996124 0.1 0.09817477 3383.0 3883.0 0 3024.0 50000666
cell 5 0.25 -0.44178647 0.1 0.09817477 3383.0 3883.0 0 3024.0 50000667
cell 5 0.25 -0.3436117 0.1 0.09817477 3383.0 3883.0 0 3024.0 50000668
cell 5 0.25 -0.24543693 0.1 0.09817477 3383.0 3883.0 0 3024.0 50000669
cell 5 0.25 -0.14726216 0.1 0.09817477 3383.0 3883.0 0 3024.0 50000670
cell 5 0.25 -0.04908739 0.1 0.09817477 3383.0 3883.0 0 3024.0 50000671
cell 5 0.25 0.04908739 0.1 0.09817477 3383.0 3883.0 0 3024.0 50000672
cell 5 0.25 0.14726216 0.1 0.09817477 3383.0 3883.0 0 3024.0 50000673
cell 5 0.25 0.24543693 0.1 0.09817477 3383.0 3883.0 0 3024.0 50000674
cell 5 0.25 0.3436117 0.1 0.09817477 3383.0 3883.0 0 3024.0 50000675
cell 5 0.25 0.44178647 0.1 0.09817477 3383.0 3883.0 0 3024.0 50000676
cell 5 0.25 0.53996124 0.1 0.09817477 3383.0 3883.0 0 3024.0 50000677
cell 5 0.25 0.63813601 0.1 0.09817477 3383.0 3883.0 0 3024.0 50000678
cell 5 0.25 0.73631078 0.1 0.09817477 3383.0 3883.0 0 3024.0 50000679
cell 5 0.25 0.83448555 0.1 0.09817477 3383.0 3883.0 0 3024.0 50000680
cell 5 0.25 0.93266032 0.1 0.09817477 3383.0 3883.0 0 3024.0 50000681
cell 5 0.25 1.03083509 0.1 0.09817477 3383.0 3883.0 0 3024.0 50000682
cell 5 0.25 1.12900986 0.1 0.09817477 3383.0 3883.0 0 3024.0 50000683
cell 5 0.25 1.22718463 0.1 0.09817477 3383.0 3883.0 0 3024.0 50000684
cell 5 0.25 1.3253594 0.1 0.09817477 3383.0 3883.0 0 3024.0 50000685
cell 5 0.25 1.42353417 0.1 0.09817477 3383.0 3883.0 0 3024.0 50000686
cell 5 0.25 1.52170894 0.1 0.09817477 3383.0 3883.0 0 3024.0 50000687
cell 5 0.25 1.61988371 0.1 0.09817477 3383.0 3883.0 0 3024.0 50000688
cell 5 0.25 1.71805848 0.1 0.09817477 3383.0 3883.0 0 3024.0 50000689
cell 5 0.25 1.81623325 0.1 0.09817477 3383.0 3883.0 0 3024.0 50000690
cell 5 0.25 1.91440802 0.1 0.09817477 3383.0 3883.0 0 3024.0 50000691
cell 5 0.25 2.01258279 0.1 0.09817477 3383.0 3883.0 0 3024.0 50000692
cell 5 0.25 2.11075756 0.1 0.09817477 3383.0 3883.0 0 3024.0 50000693
cell 5 0.25 2.20893233 0.1 0.09817477 3383.0 3883.0 0 3024.0 50000694
cell 5 0.25 2.3071071 0.1 0.09817477 3383.0 3883.0 0 3024.0 50000695
cell 5 0.25 2.40528188 0.1 0.09817477 3383.0 3883.0 0 3024.0 50000696
cell 5 0.25 2.50345665 0.1 0.09817477 3383.0 3883.0 0 3024.0 50000697
cell 5 0.25 2.60163142 0.1 0.09817477 3383.0 3883.0 0 3024.0 50000698
cell 5 0.25 2.69980619 0.1 0.09817477 3383.0 3883.0 0 3024.0 50000699
cell 5 0.25 2.79798096 0.1 0.09817477 3383.0 3883.0 0 3024.0 50000700
cell 5 0.25 2.89615573 0.1 0.09817477 3383.0 3883.0 0 3024.0 50000701
cell 5 0.25 2.9943305 0.1 0.09817477 3383.0 3883.0 0 3024.0 50000702
cell 5 0.25 3.09250527 0.1 0.09817477 3383.0 3883.0 0 3024.0 50000703
cell 5 0.35 -3.09250527 0.1 0.09817477 3383.0 3883.0 0 3024.0 50000704
cell 5 0.35 -2.9943305 0.1 0.09817477 3383.0 3883.0 0 3024.0 50000705
cell 5 0.35 -2.89615573 0.1 0.09817477 3383.0 3883.0 0 3024.0 50000706
cell 5 0.35 -2.79798096 0.1 0.09817477 3383.0 3883.0 0 3024.0 50000707
cell 5 0.35 -2.69980619 0.1 0.09817477 3383.0 3883.0 0 3024.0 50000708
cell 5 0.35 -2.60163142 0.1 0.09817477 3383.0 3883.0 0 3024.0 50000709
cell 5 0.35 -2.50345665 0.1 0.09817477 3383.0 3883.0 0 3024.0 50000710
cell 5 0.35 -2.40528188 0.1 0.09817477 3383.0 3883.0 0 3024.0 50000711
cell 5 0.35 -2.3071071 0.1 0.09817477 3383.0 3883.0 0 3024.0 50000712
cell 5 0.35 -2.20893233 0.1 0.09817477 3383.0 3883.0 0 3024.0 50000713
cell 5 0.35 -2.11075756 0.1 0.09817477 3383.0 3883.0 0 3024.0 50000714
cell 5 0.35 -2.01258279 0.1 0.09817477 3383.0 3883.0 0 3024.0 50000715
cell 5 0.35 -1.91440802 0.1 0.09817477 3383.0 3883.0 0 3024.0 50000716
cell 5 0.35 -1.81623325 0.1 0.09817477 3383.0 3883.0 0 3024.0 50000717
cell 5 0.35 -1.71805848 0.1 0.09817477 3383.0 3883.0 0 3024.0 50000718
cell 5 0.35 -1.61988371 0.1 0.09817477 3383.0 3883.0 0 3024.0 50000719
cell 5 0.35 -1.52170894 0.1 0.09817477 3383.0 3883.0 0 3024.0 50000720
cell 5 0.35 -1.42353417 0.1 0.09817477 3383.0 3883.0 0 3024.0 50000721
cell 5 0.35 -1.3253594 0.1 0.09817477 3383.0 3883.0 0 3024.0 50000722
cell 5 0.35 -1.22718463 0.1 0.09817477 3383.0 3883.0 0 3024.0 50000723
cell 5 0.35 -1.12900986 0.1 0.09817477 3383.0 3883.0 0 3024.0 50000724
cell 5 0.35 -1.03083509 0.1 0.09817477 3383.0 3883.0 0 3024.0 50000725
cell 5 0.35 -0.93266032 0.1 0.09817477 3383.0 3883.0 0 3024.0 50000726
cell 5 0.35 -0.83448555 0.1 0.09817477 3383.0 3883.0 0 3024.0 50000727
cell 5 0.35 -0.73631078 0.1 0.09817477 3383.0 3883.0 0 3024.0 50000728
cell 5 0.35 -0.63813601 0.1 0.09817477 3383.0 3883.0 0 3024.0 50000729
cell 5 0.35 -0.53996124 0.1 0.09817477 3383.0 3883.0 0 3024.0 50000730
cell 5 0.35 -0.44178647 0.1 0.09817477 3383.0 3883.0 0 3024.0 50000731
cell 5 0.35 -0.3436117 0.1 0.09817477 3383.0 3883.0 0 3024.0 50000732
cell 5 0.35 -0.24543693 0.1 0.09817477 3383.0 3883.0 0 3024.0 50000733
cell 5 0.35 -0.14726216 0.1 0.09817477 3383.0 3883.0 0 3024.0 50000734
cell 5 0.35 -0.04908739 0.1 0.09817477 3383.0 3883.0 0 3024.0 50000735
cell 5 0.35 0.04908739 0.1 0.09817477 3383.0 3883.0 0 3024.0 50000736
cell 5 0.35 0.14726216 0.1 0.09817477 3383.0 3883.0 0 3024.0 50000737
cell 5 0.35 0.24543693 0.1 0.09817477 3383.0 3883.0 0 3024.0 50000738
cell 5 0.35 0.3436117 0.1 0.09817477 3383.0 3883.0 0 3024.0 50000739
cell 5 0.35 0.44178647 0.1 0.09817477 3383.0 3883.0 0 3024.0 50000740
cell 5 0.35 0.53996124 0.1 0.09817477 3383.0 3883.0 0 3024.0 50000741
cell 5 0.35 0.63813601 0.1 0.09817477 3383.0 3883.0 0 3024.0 50000742
cell 5 0.35 0.73631078 0.1 0.09817477 3383.0 3883.0 0 3024.0 50000743
cell 5 0.35 0.83448555 0.1 0.09817477 3383.0 3883.0 0 3024.0 50000744
cell 5 0.35 0.93266032 0.1 0.09817477 3383.0 3883.0 0 3024.0 50000745
cell 5 0.35 1.03083509 0.1 0.09817477 3383.0 3883.0 0 3024.0 50000746
cell 5 0.35 1.12900986 0.1 0.09817477 3383.0 3883.0 0 3024.0 50000747
cell 5 0.35 1.22718463 0.1 0.09817477 3383.0 3883.0 0 3024.0 50000748
cell 5 0.35 1.3253594 0.1 0.09817477 3383.0 3883.0 0 3024.0 50000749
cell 5 0.35 1.42353417 0.1 0.09817477 3383.0 3883.0 0 3024.0 50000750
cell 5 0.35 1.52170894 0.1 0.09817477 3383.0 3883.0 0 3024.0 50000751
cell 5 0.35 1.61988371 0.1 0.09817477 3383.0 3883.0 0 3024.0 50000752
cell 5 0.35 1.71805848 0.1 0.09817477 3383.0 3883.0 0 3024.0 50000753
cell 5 0.35 1.81623325 0.1 0.09817477 3383.0 3883.0 0 3024.0 50000754
cell 5 0.35 1.91440802 0.1 0.09817477 3383.0 3883.0 0 3024.0 50000755
cell 5 0.35 2.01258279 0.1 0.09817477 3383.0 3883.0 0 3024.0 50000756
cell 5 0.35 2.11075756 0.1 0.09817477 3383.0 3883.0 0 3024.0 50000757
cell 5 0.35 2.20893233 0.1 0.09817477 3383.0 3883.0 0 3024.0 50000758
cell 5 0.35 2.3071071 0.1 0.09817477 3383.0 3883.0 0 3024.0 50000759
cell 5 0.35 2.40528188 0.1 0.09817477 3383.0 3883.0 0 3024.0 50000760
cell 5 0.35 2.50345665 0.1 0.09817477 3383.0 3883.0 0 3024.0 50000761
cell 5 0.35 2.60163142 0.1 0.09817477 3383.0 3883.0 0 3024.0 50000762
cell 5 0.35 2.69980619 0.1 0.09817477 3383.0 3883.0 0 3024.0 50000763
cell 5 0.35 2.79798096 0.1 0.09817477 3383.0 3883.0 0 3024.0 50000764
cell 5 0.35 2.89615573 0.1 0.09817477 3383.0 3883.0 0 3024.0 50000765
cell 5 0.35 2.9943305 0.1 0.09817477 3383.0 3883.0 0 3024.0 50000766
cell 5 0.35 3.09250527 0.1 0.09817477 3383.0 3883.0 0 3024.0 50000767
cell 5 0.45 -3.09250527 0.1 0.09817477 3383.0 3883.0 0 3024.0 50000768
cell 5 0.45 -2.9943305 0.1 0.09817477 3383.0 3883.0 0 3024.0 50000769
cell 5 0.45 -2.89615573 0.1 0.09817477 3383.0 3883.0 0 3024.0 50000770
cell 5 0.45 -2.79798096 0.1 0.09817477 3383.0 3883.0 0 3024.0 50000771
cell 5 0.45 -2.69980619 0.1 0.09817477 3383.0 3883.0 0 3024.0 50000772
cell 5 0.45 -2.60163142 0.1 0.09817477 3383.0 3883.0 0 3024.0 50000773
cell 5 0.45 -2.50345665 0.1 0.09817477 3383.0 3883.0 0 3024.0 50000774
cell 5 0.45 -2.40528188 0.1 0.09817477 3383.0 3883.0 0 3024.0 50000775
cell 5 0.45 -2.3071071 0.1 0.09817477 3383.0 3883.0 0 3024.0 50000776
cell 5 0.45 -2.20893233 0.1 0.09817477 3383.0 3883.0 0 3024.0 50000777
cell 5 0.45 -2.11075756 0.1 0.09817477 3383.0 3883.0 0 3024.0 50000778
cell 5 0.45 -2.01258279 0.1 0.09817477 3383.0 3883.0 0 3024.0 50000779
cell 5 0.45 -1.91440802 0.1 0.09817477 3383.0 3883.0 0 3024.0 50000780
cell 5 0.45 -1.81623325 0.1 0.09817477 3383.0 3883.0 0 3024.0 50000781
cell 5 0.45 -1.71805848 0.1 0.09817477 3383.0 3883.0 0 3024.0 50000782
cell 5 0.45 -1.61988371 0.1 0.09817477 3383.0 3883.0 0 3024.0 50000783
cell 5 0.45 -1.52170894 0.1 0.09817477 3383.0 3883.0 0 3024.0 50000784
cell 5 0.45 -1.42353417 0.1 0.09817477 3383.0 3883.0 0 3024.0 50000785
cell 5 0.45 -1.3253594 0.1 0.09817477 3383.0 3883.0 0 3024.0 50000786
cell 5 0.45 -1.22718463 0.1 0.09817477 3383.0 3883.0 0 3024.0 50000787
cell 5 0.45 -1.12900986 0.1 0.09817477 3383.0 3883.0 0 3024.0 50000788
cell 5 0.45 -1.03083509 0.1 0.09817477 3383.0 3883.0 0 3024.0 50000789
cell 5 0.45 -0.93266032 0.1 0.09817477 3383.0 3883.0 0 3024.0 50000790
cell 5 0.45 -0.83448555 0.1 0.09817477 3383.0 3883.0 0 3024.0 50000791
cell 5 0.45 -0.73631078 0.1 0.09817477 3383.0 3883.0 0 3024.0 50000792
cell 5 0.45 -0.63813601 0.1 0.09817477 3383.0 3883.0 0 3024.0 50000793
cell 5 0.45 -0.53996124 0.1 0.09817477 3383.0 3883.0 0 3024.0 50000794
cell 5 0.45 -0.44178647 0.1 0.09817477 3383.0 3883.0 0 3024.0 50000795
cell 5 0.45 -0.3436117 0.1 0.09817477 3383.0 3883.0 0 3024.0 50000796
cell 5 0.45 -0.24543693 0.1 0.09817477 3383.0 3883.0 0 3024.0 50000797
cell 5 0.45 -0.14726216 0.1 0.09817477 3383.0 3883.0 0 3024.0 50000798
cell 5 0.45 -0.04908739 0.1 0.09817477 3383.0 3883.0 0 3024.0 50000799
cell 5 0.45 0.04908739 0.1 0.09817477 3383.0 3883.0 0 3024.0 50000800
cell 5 0.45 0.14726216 0.1 0.09817477 3383.0 3883.0 0 3024.0 50000801
cell 5 0.45 0.24543693 0.1 0.09817477 3383.0 3883.0 0 3024.0 50000802
cell 5 0.45 0.3436117 0.1 0.09817477 3383.0 3883.0 0 3024.0 50000803
cell 5 0.45 0.44178647 0.1 0.09817477 3383.0 3883.0 0 3024.0 50000804
cell 5 0.45 0.53996124 0.1 0.09817477 3383.0 3883.0 0 3024.0 50000805
cell 5 0.45 0.63813601 0.1 0.09817477 3383.0 3883.0 0 3024.0 50000806
cell 5 0.45 0.73631078 0.1 0.09817477 3383.0 3883.0 0 3024.0 50000807
cell 5 0.45 0.83448555 0.1 0.09817477 3383.0 3883.0 0 3024.0 50000808
cell 5 0.45 0.93266032 0.1 0.09817477 3383.0 3883.0 0 3024.0 50000809
cell 5 0.45 1.03083509 0.1 0.09817477 3383.0 3883.0 0 3024.0 50000810
cell 5 0.45 1.12900986 0.1 0.09817477 3383.0 3883.0 0 3024.0 50000811
cell 5 0.45 1.22718463 0.1 0.09817477 3383.0 3883.0 0 3024.0 50000812
cell 5 0.45 1.3253594 0.1 0.09817477 3383.0 3883.0 0 3024.0 50000813
cell 5 0.45 1.42353417 0.1 0.09817477 3383.0 3883.0 0 3024.0 50000814
cell 5 0.45 1.52170894 0.1 0.09817477 3383.0 3883.0 0 3024.0 50000815
cell 5 0.45 1.61988371 0.1 0.09817477 3383.0 3883.0 0 3024.0 50000816
cell 5 0.45 1.71805848 0.1 0.09817477 3383.0 3883.0 0 3024.0 50000817
cell 5 0.45 1.81623325 0.1 0.09817477 3383.0 3883.0 0 3024.0 50000818
cell 5 0.45 1.91440802 0.1 0.09817477 3383.0 3883.0 0 3024.0 50000819
cell 5 0.45 2.01258279 0.1 0.09817477 3383.0 3883.0 0 3024.0 50000820
cell 5 0.45 2.11075756 0.1 0.09817477 3383.0 3883.0 0 3024.0 50000821
cell 5 0.45 2.20893233 0.1 0.09817477 3383.0 3883.0 0 3024.0 50000822
cell 5 0.45 2.3071071 0.1 0.09817477 3383.0 3883.0 0 3024.0 50000823
cell 5 0.45 2.40528188 0.1 0.09817477 3383.0 3883.0 0 3024.0 50000824
cell 5 0.45 2.50345665 0.1 0.09817477 3383.0 3883.0 0 3024.0 50000825
cell 5 0.45 2.60163142 0.1 0.09817477 3383.0 3883.0 0 3024.0 50000826
cell 5 0.45 2.69980619 0.1 0.09817477 3383.0 3883.0 0 3024.0 50000827
cell 5 0.45 2.79798096 0.1 0.09817477 3383.0 3883.0 0 3024.0 50000828
cell 5 0.45 2.89615573 0.1 0.09817477 3383.0 3883.0 0 3024.0 50000829
cell 5 0.45 2.9943305 0.1 0.09817477 3383.0 3883.0 0 3024.0 50000830
cell 5 0.45 3.09250527 0.1 0.09817477 3383.0 3883.0 0 3024.0 50000831
cell 5 0.55 -3.09250527 0.1 0.09817477 3383.0 3883.0 0 3024.0 50000832
cell 5 0.55 -2.9943305 0.1 0.09817477 3383.0 3883.0 0 3024.0 50000833
cell 5 0.55 -2.89615573 0.1 0.09817477 3383.0 3883.0 0 3024.0 50000834
cell 5 0.55 -2.79798096 0.1 0.09817477 3383.0 3883.0 0 3024.0 50000835
cell 5 0.55 -2.69980619 0.1 0.09817477 3383.0 3883.0 0 3024.0 50000836
cell 5 0.55 -2.60163142 0.1 0.09817477 3383.0 3883.0 0 3024.0 50000837
cell 5 0.55 -2.50345665 0.1 0.09817477 3383.0 3883.0 0 3024.0 50000838
cell 5 0.55 -2.40528188 0.1 0.09817477 3383.0 3883.0 0 3024.0 50000839
cell 5 0.55 -2.3071071 0.1 0.09817477 3383.0 3883.0 0 3024.0 50000840
cell 5 0.55 -2.20893233 0.1 0.09817477 3383.0 3883.0 0 3024.0 50000841
cell 5 0.55 -2.11075756 0.1 0.09817477 3383.0 3883.0 0 3024.0 50000842
cell 5 0.55 -2.01258279 0.1 0.09817477 3383.0 3883.0 0 3024.0 50000843
cell 5 0.55 -1.91440802 0.1 0.09817477 3383.0 3883.0 0 3024.0 50000844
cell 5 0.55 -1.81623325 0.1 0.09817477 3383.0 3883.0 0 3024.0 50000845
cell 5 0.55 -1.71805848 0.1 0.09817477 3383.0 3883.0 0 3024.0 50000846
cell 5 0.55 -1.61988371 0.1 0.09817477 3383.0 3883.0 0 3024.0 50000847
cell 5 0.55 -1.52170894 0.1 0.09817477 3383.0 3883.0 0 3024.0 50000848
cell 5 0.55 -1.42353417 0.1 0.09817477 3383.0 3883.0 0 3024.0 50000849
cell 5 0.55 -1.3253594 0.1 0.09817477 3383.0 3883.0 0 3024.0 50000850
cell 5 0.55 -1.22718463 0.1 0.09817477 3383.0 3883.0 0 3024.0 50000851
cell 5 0.55 -1.12900986 0.1 0.09817477 3383.0 3883.0 0 3024.0 50000852
cell 5 0.55 -1.03083509 0.1 0.09817477 3383.0 3883.0 0 3024.0 50000853
cell 5 0.55 -0.93266032 0.1 0.09817477 3383.0 3883.0 0 3024.0 50000854
cell 5 0.55 -0.83448555 0.1 0.09817477 3383.0 3883.0 0 3024.0 50000855
cell 5 0.55 -0.73631078 0.1 0.09817477 3383.0 3883.0 0 3024.0 50000856
cell 5 0.55 -0.63813601 0.1 0.09817477 3383.0 3883.0 0 3024.0 50000857
cell 5 0.55 -0.53996124 0.1 0.09817477 3383.0 3883.0 0 3024.0 50000858
cell 5 0.55 -0.44178647 0.1 0.09817477 3383.0 3883.0 0 3024.0 50000859
cell 5 0.55 -0.3436117 0.1 0.09817477 3383.0 3883.0 0 3024.0 50000860
cell 5 0.55 -0.24543693 0.1 0.09817477 3383.0 3883.0 0 3024.0 50000861
cell 5 0.55 -0.14726216 0.1 0.09817477 3383.0 3883.0 0 3024.0 50000862
cell 5 0.55 -0.04908739 0.1 0.09817477 3383.0 3883.0 0 3024.0 50000863
cell 5 0.55 0.04908739 0.1 0.09817477 3383.0 3883.0 0 3024.0 50000864
cell 5 0.55 0.14726216 0.1 0.09817477 3383.0 3883.0 0 3024.0 50000865
cell 5 0.55 0.24543693 0.1 0.09817477 3383.0 3883.0 0 3024.0 50000866
cell 5 0.55 0.3436117 0.1 0.09817477 3383.0 3883.0 0 3024.0 50000867
cell 5 0.55 0.44178647 0.1 0.09817477 3383.0 3883.0 0 3024.0 50000868
cell 5 0.55 0.53996124 0.1 0.09817477 3383.0 3883.0 0 3024.0 50000869
cell 5 0.55 0.63813601 0.1 0.09817477 3383.0 3883.0 0 3024.0 50000870
cell 5 0.55 0.73631078 0.1 0.09817477 3383.0 3883.0 0 3024.0 50000871
cell 5 0.55 0.83448555 0.1 0.09817477 3383.0 3883.0 0 3024.0 50000872
cell 5 0.55 0.93266032 0.1 0.09817477 3383.0 3883.0 0 3024.0 50000873
cell 5 0.55 1.03083509 0.1 0.09817477 3383.0 3883.0 0 3024.0 50000874
cell 5 0.55 1.12900986 0.1 0.09817477 3383.0 3883.0 0 3024.0 50000875
cell 5 0.55 1.22718463 0.1 0.09817477 3383.0 3883.0 0 3024.0 50000876
cell 5 0.55 1.3253594 0.1 0.09817477 3383.0 3883.0 0 3024.0 50000877
cell 5 0.55 1.42353417 0.1 0.09817477 3383.0 3883.0 0 3024.0 50000878
cell 5 0.55 1.52170894 0.1 0.09817477 3383.0 3883.0 0 3024.0 50000879
cell 5 0.55 1.61988371 0.1 0.09817477 3383.0 3883.0 0 3024.0 50000880
cell 5 0.55 1.71805848 0.1 0.09817477 3383.0 3883.0 0 3024.0 50000881
cell 5 0.55 1.81623325 0.1 0.09817477 3383.0 3883.0 0 3024.0 50000882
cell 5 0.55 1.91440802 0.1 0.09817477 3383.0 3883.0 0 3024.0 50000883
cell 5 0.55 2.01258279 0.1 0.09817477 3383.0 3883.0 0 3024.0 50000884
cell 5 0.55 2.11075756 0.1 0.09817477 3383.0 3883.0 0 3024.0 50000885
cell 5 0.55 2.20893233 0.1 0.09817477 3383.0 3883.0 0 3024.0 50000886
cell 5 0.55 2.3071071 0.1 0.09817477 3383.0 3883.0 0 3024.0 50000887
cell 5 0.55 2.40528188 0.1 0.09817477 3383.0 3883.0 0 3024.0 50000888
cell 5 0.55 2.50345665 0.1 0.09817477 3383.0 3883.0 0 3024.0 50000889
cell 5 0.55 2.60163142 0.1 0.09817477 3383.0 3883.0 0 3024.0 50000890
cell 5 0.55 2.69980619 0.1 0.09817477 3383.0 3883.0 0 3024.0 50000891
cell 5 0.55 2.79798096 0.1 0.09817477 3383.0 3883.0 0 3024.0 50000892
cell 5 0.55 2.89615573 0.1 0.09817477 3383.0 3883.0 0 3024.0 50000893
cell 5 0.55 2.9943305 0.1 0.09817477 3383.0 3883.0 0 3024.0 50000894
cell 5 0.55 3.09250527 0.1 0.09817477 3383.0 3883.0 0 3024.0 50000895
cell 5 0.65 -3.09250527 0.1 0.09817477 3383.0 3883.0 0 3024.0 50000896
cell 5 0.65 -2.9943305 0.1 0.09817477 3383.0 3883.0 0 3024.0 50000897
cell 5 0.65 -2.89615573 0.1 0.09817477 3383.0 3883.0 0 3024.0 50000898
cell 5 0.65 -2.79798096 0.1 0.09817477 3383.0 3883.0 0 3024.0 50000899
cell 5 0.65 -2.69980619 0.1 0.09817477 3383.0 3883.0 0 3024.0 50000900
cell 5 0.65 -2.60163142 0.1 0.09817477 3383.0 3883.0 0 3024.0 50000901
cell 5 0.65 -2.50345665 0.1 0.09817477 3383.0 3883.0 0 3024.0 50000902
cell 5 0.65 -2.40528188 0.1 0.09817477 3383.0 3883.0 0 3024.0 50000903
cell 5 0.65 -2.3071071 0.1 0.09817477 3383.0 3883.0 0 3024.0 50000904
cell 5 0.65 -2.20893233 0.1 0.09817477 3383.0 3883.0 0 3024.0 50000905
cell 5 0.65 -2.11075756 0.1 0.09817477 3383.0 3883.0 0 3024.0 50000906
cell 5 0.65 -2.01258279 0.1 0.09817477 3383.0 3883.0 0 3024.0 50000907
cell 5 0.65 -1.91440802 0.1 0.09817477 3383.0 3883.0 0 3024.0 50000908
cell 5 0.65 -1.81623325 0.1 0.09817477 3383.0 3883.0 0 3024.0 50000909
cell 5 0.65 -1.71805848 0.1 0.09817477 3383.0 3883.0 0 3024.0 50000910
cell 5 0.65 -1.61988371 0.1 0.09817477 3383.0 3883.0 0 3024.0 50000911
cell 5 0.65 -1.52170894 0.1 0.09817477 3383.0 3883.0 0 3024.0 50000912
cell 5 0.65 -1.42353417 0.1 0.09817477 3383.0 3883.0 0 3024.0 50000913
cell 5 0.65 -1.3253594 0.1 0.09817477 3383.0 3883.0 0 3024.0 50000914
cell 5 0.65 -1.22718463 0.1 0.09817477 3383.0 3883.0 0 3024.0 50000915
cell 5 0.65 -1.12900986 0.1 0.09817477 3383.0 3883.0 0 3024.0 50000916
cell 5 0.65 -1.03083509 0.1 0.09817477 3383.0 3883.0 0 3024.0 50000917
cell 5 0.65 -0.93266032 0.1 0.09817477 3383.0 3883.0 0 3024.0 50000918
cell 5 0.65 -0.83448555 0.1 0.09817477 3383.0 3883.0 0 3024.0 50000919
cell 5 0.65 -0.73631078 0.1 0.09817477 3383.0 3883.0 0 3024.0 50000920
cell 5 0.65 -0.63813601 0.1 0.09817477 3383.0 3883.0 0 3024.0 50000921
cell 5 0.65 -0.53996124 0.1 0.09817477 3383.0 3883.0 0 3024.0 50000922
cell 5 0.65 -0.44178647 0.1 0.09817477 3383.0 3883.0 0 3024.0 50000923
cell 5 0.65 -0.3436117 0.1 0.09817477 3383.0 3883.0 0 3024.0 50000924
cell 5 0.65 -0.24543693 0.1 0.09817477 3383.0 3883.0 0 3024.0 50000925
cell 5 0.65 -0.14726216 0.1 0.09817477 3383.0 3883.0 0 3024.0 50000926
cell 5 0.65 -0.04908739 0.1 0.09817477 3383.0 3883.0 0 3024.0 50000927
cell 5 0.65 0.04908739 0.1 0.09817477 3383.0 3883.0 0 3024.0 50000928
cell 5 0.65 0.14726216 0.1 0.09817477 3383.0 3883.0 0 3024.0 50000929
cell 5 0.65 0.24543693 0.1 0.09817477 3383.0 3883.0 0 3024.0 50000930
cell 5 0.65 0.3436117 0.1 0.09817477 3383.0 3883.0 0 3024.0 50000931
cell 5 0.65 0.44178647 0.1 0.09817477 3383.0 3883.0 0 3024.0 50000932
cell 5 0.65 0.53996124 0.1 0.09817477 3383.0 3883.0 0 3024.0 50000933
cell 5 0.65 0.63813601 0.1 0.09817477 3383.0 3883.0 0 3024.0 50000934
cell 5 0.65 0.73631078 0.1 0.09817477 3383.0 3883.0 0 3024.0 50000935
cell 5 0.65 0.83448555 0.1 0.09817477 3383.0 3883.0 0 3024.0 50000936
cell 5 0.65 0.93266032 0.1 0.09817477 3383.0 3883.0 0 3024.0 50000937
cell 5 0.65 1.03083509 0.1 0.09817477 3383.0 3883.0 0 3024.0 50000938
cell 5 0.65 1.12900986 0.1 0.09817477 3383.0 3883.0 0 3024.0 50000939
cell 5 0.65 1.22718463 0.1 0.09817477 3383.0 3883.0 0 3024.0 50000940
cell 5 0.65 1.3253594 0.1 0.09817477 3383.0 3883.0 0 3024.0 50000941
cell 5 0.65 1.42353417 0.1 0.09817477 3383.0 3883.0 0 3024.0 50000942
cell 5 0.65 1.52170894 0.1 0.09817477 3383.0 3883.0 0 3024.0 50000943
cell 5 0.65 1.61988371 0.1 0.09817477 3383.0 3883.0 0 3024.0 50000944
cell 5 0.65 1.71805848 0.1 0.09817477 3383.0 3883.0 0 3024.0 50000945
cell 5 0.65 1.81623325 0.1 0.09817477 3383.0 3883.0 0 3024.0 50000946
cell 5 0.65 1.91440802 0.1 0.09817477 3383.0 3883.0 0 3024.0 50000947
cell 5 0.65 2.01258279 0.1 0.09817477 3383.0 3883.0 0 3024.0 50000948
cell 5 0.65 2.11075756 0.1 0.09817477 3383.0 3883.0 0 3024.0 50000949
cell 5 0.65 2.20893233 0.1 0.09817477 3383.0 3883.0 0 3024.0 50000950
cell 5 0.65 2.3071071 0.1 0.09817477 3383.0 3883.0 0 3024.0 50000951
cell 5 0.65 2.40528188 0.1 0.09817477 3383.0 3883.0 0 3024.0 50000952
cell 5 0.65 2.50345665 0.1 0.09817477 3383.0 3883.0 0 3024.0 50000953
cell 5 0.65 2.60163142 0.1 0.09817477 3383.0 3883.0 0 3024.0 50000954
cell 5 0.65 2.69980619 0.1 0.09817477 3383.0 3883.0 0 3024.0 50000955
cell 5 0.65 2.79798096 0.1 0.09817477 3383.0 3883.0 0 3024.0 50000956
cell 5 0.65 2.89615573 0.1 0.09817477 3383.0 3883.0 0 3024.0 50000957
cell 5 0.65 2.9943305 0.1 0.09817477 3383.0 3883.0 0 3024.0 50000958
cell 5 0.65 3.09250527 0.1 0.09817477 3383.0 3883.0 0 3024.0 50000959
cell 5 0.75 -3.09250527 0.1 0.09817477 3383.0 3883.0 0 3024.0 50000960
cell 5 0.75 -2.9943305 0.1 0.09817477 3383.0 3883.0 0 3024.0 50000961
cell 5 0.75 -2.89615573 0.1 0.09817477 3383.0 3883.0 0 3024.0 50000962
cell 5 0.75 -2.79798096 0.1 0.09817477 3383.0 3883.0 0 3024.0 50000963
cell 5 0.75 -2.69980619 0.1 0.09817477 3383.0 3883.0 0 3024.0 50000964
cell 5 0.75 -2.60163142 0.1 0.09817477 3383.0 3883.0 0 3024.0 50000965
cell 5 0.75 -2.50345665 0.1 0.09817477 3383.0 3883.0 0 3024.0 50000966
cell 5 0.75 -2.40528188 0.1 0.09817477 3383.0 3883.0 0 3024.0 50000967
cell 5 0.75 -2.3071071 0.1 0.09817477 3383.0 3883.0 0 3024.0 50000968
cell 5 0.75 -2.20893233 0.1 0.09817477 3383.0 3883.0 0 3024.0 50000969
cell 5 0.75 -2.11075756 0.1 0.09817477 3383.0 3883.0 0 3024.0 50000970
cell 5 0.75 -2.01258279 0.1 0.09817477 3383.0 3883.0 0 3024.0 50000971
cell 5 0.75 -1.91440802 0.1 0.09817477 3383.0 3883.0 0 3024.0 50000972
cell 5 0.75 -1.81623325 0.1 0.09817477 3383.0 3883.0 0 3024.0 50000973
cell 5 0.75 -1.71805848 0.1 0.09817477 3383.0 3883.0 0 3024.0 50000974
cell 5 0.75 -1.61988371 0.1 0.09817477 3383.0 3883.0 0 3024.0 50000975
cell 5 0.75 -1.52170894 0.1 0.09817477 3383.0 3883.0 0 3024.0 50000976
cell 5 0.75 -1.42353417 0.1 0.09817477 3383.0 3883.0 0 3024.0 50000977
cell 5 0.75 -1.3253594 0.1 0.09817477 3383.0 3883.0 0 3024.0 50000978
cell 5 0.75 -1.22718463 0.1 0.09817477 3383.0 3883.0 0 3024.0 50000979
cell 5 0.75 -1.12900986 0.1 0.09817477 3383.0 3883.0 0 3024.0 50000980
cell 5 0.75 -1.03083509 0.1 0.09817477 3383.0 3883.0 0 3024.0 50000981
cell 5 0.75 -0.93266032 0.1 0.09817477 3383.0 3883.0 0 3024.0 50000982
cell 5 0.75 -0.83448555 0.1 0.09817477 3383.0 3883.0 0 3024.0 50000983
cell 5 0.75 -0.73631078 0.1 0.09817477 3383.0 3883.0 0 3024.0 50000984
cell 5 0.75 -0.63813601 0.1 0.09817477 3383.0 3883.0 0 3024.0 50000985
cell 5 0.75 -0.53996124 0.1 0.09817477 3383.0 3883.0 0 3024.0 50000986
cell 5 0.75 -0.44178647 0.1 0.09817477 3383.0 3883.0 0 3024.0 50000987
cell 5 0.75 -0.3436117 0.1 0.09817477 3383.0 3883.0 0 3024.0 50000988
cell 5 0.75 -0.24543693 0.1 0.09817477 3383.0 3883.0 0 3024.0 50000989
cell 5 0.75 -0.14726216 0.1 0.09817477 3383.0 3883.0 0 3024.0 50000990
cell 5 0.75 -0.04908739 0.1 0.09817477 3383.0 3883.0 0 3024.0 50000991
cell 5 0.75 0.04908739 0.1 0.09817477 3383.0 3883.0 0 3024.0 50000992
cell 5 0.75 0.14726216 0.1 0.09817477 3383.0 3883.0 0 3024.0 50000993
cell 5 0.75 0.24543693 0.1 0.09817477 3383.0 3883.0 0 3024.0 50000994
cell 5 0.75 0.3436117 0.1 0.09817477 3383.0 3883.0 0 3024.0 50000995
cell 5 0.75 0.44178647 0.1 0.09817477 3383.0 3883.0 0 3024.0 50000996
cell 5 0.75 0.53996124 0.1 0.09817477 3383.0 3883.0 0 3024.0 50000997
cell 5 0.75 0.63813601 0.1 0.09817477 3383.0 3883.0 0 3024.0 50000998
cell 5 0.75 0.73631078 0.1 0.09817477 3383.0 3883.0 0 3024.0 50000999
cell 5 0.75 0.83448555 0.1 0.09817477 3383.0 3883.0 0 3024.0 50001000
cell 5 0.75 0.93266032 0.1 0.09817477 3383.0 3883.0 0 3024.0 50001001
cell 5 0.75 1.03083509 0.1 0.09817477 3383.0 3883.0 0 3024.0 50001002
cell 5 0.75 1.12900986 0.1 0.09817477 3383.0 3883.0 0 3024.0 50001003
cell 5 0.75 1.22718463 0.1 0.09817477 3383.0 3883.0 0 3024.0 50001004
cell 5 0.75 1.3253594 0.1 0.09817477 3383.0 3883.0 0 3024.0 50001005
cell 5 0.75 1.42353417 0.1 0.09817477 3383.0 3883.0 0 3024.0 50001006
cell 5 0.75 1.52170894 0.1 0.09817477 3383.0 3883.0 0 3024.0 50001007
cell 5 0.75 1.61988371 0.1 0.09817477 3383.0 3883.0 0 3024.0 50001008
cell 5 0.75 1.71805848 0.1 0.09817477 3383.0 3883.0 0 3024.0 50001009
cell 5 0.75 1.81623325 0.1 0.09817477 3383.0 3883.0 0 3024.0 50001010
cell 5 0.75 1.91440802 0.1 0.09817477 3383.0 3883.0 0 3024.0 50001011
cell 5 0.75 2.01258279 0.1 0.09817477 3383.0 3883.0 0 3024.0 50001012
cell 5 0.75 2.11075756 0.1 0.09817477 3383.0 3883.0 0 3024.0 50001013
cell 5 0.75 2.20893233 0.1 0.09817477 3383.0 3883.0 0 3024.0 50001014
cell 5 0.75 2.3071071 0.1 0.09817477 3383.0 3883.0 0 3024.0 50001015
cell 5 0.75 2.40528188 0.1 0.09817477 3383.0 3883.0 0 3024.0 50001016
cell 5 0.75 2.50345665 0.1 0.09817477 3383.0 3883.0 0 3024.0 50001017
cell 5 0.75 2.60163142 0.1 0.09817477 3383.0 3883.0 0 3024.0 50001018
cell 5 0.75 2.69980619 0.1 0.09817477 3383.0 3883.0 0 3024.0 50001019
cell 5 0.75 2.79798096 0.1 0.09817477 3383.0 3883.0 0 3024.0 50001020
cell 5 0.75 2.89615573 0.1 0.09817477 3383.0 3883.0 0 3024.0 50001021
cell 5 0.75 2.9943305 0.1 0.09817477 3383.0 3883.0 0 3024.0 50001022
cell 5 0.75 3.09250527 0.1 0.09817477 3383.0 3883.0 0 3024.0 50001023
