# sample segmentation eta phi delta_eta delta_phi rmin rmax zmin zmax
config 2 11 3 2.37 3.2 302.0 2032.0 3782.0 3878.0
eta_bins -3.17 -3.07 -2.97 -2.87 -2.77 -2.67 -2.57 -2.47 -2.37 2.37 2.47 2.57 2.67 2.77 2.87 2.97 3.07 3.17
phi_bins -3.1416 -3.0434 -2.9452 -2.8471 -2.7489 -2.6507 -2.5525 -2.4544 -2.3562 -2.258 -2.1598 -2.0617 -1.9635 -1.8653 -1.7671 -1.669 -1.5708 -1.4726 -1.3744 -1.2763 -1.1781 -1.0799 -0.9817 -0.8836 -0.7854 -0.6872 -0.589 -0.4909 -0.3927 -0.2945 -0.1963 -0.0982 0.0 0.0982 0.1963 0.2945 0.3927 0.4909 0.589 0.6872 0.7854 0.8836 0.9817 1.0799 1.1781 1.2763 1.3744 1.4726 1.5708 1.669 1.7671 1.8653 1.9635 2.0617 2.1598 2.258 2.3562 2.4544 2.5525 2.6507 2.7489 2.8471 2.9452 3.0434 3.1416
cell 2 11 -3.12 -3.09250527 0.1 0.09817477 302.0 2032.0 3782.0 3878.0 2113000000
cell 2 11 -3.12 -2.9943305 0.1 0.09817477 302.0 2032.0 3782.0 3878.0 2113000001
cell 2 11 -3.12 -2.89615573 0.1 0.09817477 302.0 2032.0 3782.0 3878.0 2113000002
cell 2 11 -3.12 -2.79798096 0.1 0.09817477 302.0 2032.0 3782.0 3878.0 2113000003
cell 2 11 -3.12 -2.69980619 0.1 0.09817477 302.0 2032.0 3782.0 3878.0 2113000004
cell 2 11 -3.12 -2.60163142 0.1 0.09817477 302.0 2032.0 3782.0 3878.0 2113000005
cell 2 11 -3.12 -2.50345665 0.1 0.09817477 302.0 2032.0 3782.0 3878.0 2113000006
cell 2 11 -3.12 -2.40528188 0.1 0.09817477 302.0 2032.0 3782.0 3878.0 2113000007
cell 2 11 -3.12 -2.3071071 0.1 0.09817477 302.0 2032.0 3782.0 3878.0 2113000008
cell 2 11 -3.12 -2.20893233 0.1 0.09817477 302.0 2032.0 3782.0 3878.0 2113000009
cell 2 11 -3.12 -2.11075756 0.1 0.09817477 302.0 2032.0 3782.0 3878.0 2113000010
cell 2 11 -3.12 -2.01258279 0.1 0.09817477 302.0 2032.0 3782.0 3878.0 2113000011
cell 2 11 -3.12 -1.91440802 0.1 0.09817477 302.0 2032.0 3782.0 3878.0 2113000012
cell 2 11 -3.12 -1.81623325 0.1 0.09817477 302.0 2032.0 3782.0 3878.0 2113000013
cell 2 11 -3.12 -1.71805848 0.1 0.09817477 302.0 2032.0 3782.0 3878.0 2113000014
cell 2 11 -3.12 -1.61988371 0.1 0.09817477 302.0 2032.0 3782.0 3878.0 2113000015
cell 2 11 -3.12 -1.52170894 0.1 0.09817477 302.0 2032.0 3782.0 3878.0 2113000016
cell 2 11 -3.12 -1.42353417 0.1 0.09817477 302.0 2032.0 3782.0 3878.0 2113000017
cell 2 11 -3.12 -1.3253594 0.1 0.09817477 302.0 2032.0 3782.0 3878.0 2113000018
cell 2 11 -3.12 -1.22718463 0.1 0.09817477 302.0 2032.0 3782.0 3878.0 2113000019
cell 2 11 -3.12 -1.12900986 0.1 0.09817477 302.0 2032.0 3782.0 3878.0 2113000020
cell 2 11 -3.12 -1.03083509 0.1 0.09817477 302.0 2032.0 3782.0 3878.0 2113000021
cell 2 11 -3.12 -0.93266032 0.1 0.09817477 302.0 2032.0 3782.0 3878.0 2113000022
cell 2 11 -3.12 -0.83448555 0.1 0.09817477 302.0 2032.0 3782.0 3878.0 2113000023
cell 2 11 -3.12 -0.73631078 0.1 0.09817477 302.0 2032.0 3782.0 3878.0 2113000024
cell 2 11 -3.12 -0.63813601 0.1 0.09817477 302.0 2032.0 3782.0 3878.0 2113000025
cell 2 11 -3.12 -0.53996124 0.1 0.09817477 302.0 2032.0 3782.0 3878.0 2113000026
cell 2 11 -3.12 -0.44178647 0.1 0.09817477 302.0 2032.0 3782.0 3878.0 2113000027
cell 2 11 -3.12 -0.3436117 0.1 0.09817477 302.0 2032.0 3782.0 3878.0 2113000028
cell 2 11 -3.12 -0.24543693 0.1 0.09817477 302.0 2032.0 3782.0 3878.0 2113000029
cell 2 11 -3.12 -0.14726216 0.1 0.09817477 302.0 2032.0 3782.0 3878.0 2113000030
cell 2 11 -3.12 -0.04908739 0.1 0.09817477 302.0 2032.0 3782.0 3878.0 2113000031
cell 2 11 -3.12 0.04908739 0.1 0.09817477 302.0 2032.0 3782.0 3878.0 2113000032
cell 2 11 -3.12 0.14726216 0.1 0.09817477 302.0 2032.0 3782.0 3878.0 2113000033
cell 2 11 -3.12 0.24543693 0.1 0.09817477 302.0 2032.0 3782.0 3878.0 2113000034
cell 2 11 -3.12 0.3436117 0.1 0.09817477 302.0 2032.0 3782.0 3878.0 2113000035
cell 2 11 -3.12 0.44178647 0.1 0.09817477 302.0 2032.0 3782.0 3878.0 2113000036
cell 2 11 -3.12 0.53996124 0.1 0.09817477 302.0 2032.0 3782.0 3878.0 2113000037
cell 2 11 -3.12 0.63813601 0.1 0.09817477 302.0 2032.0 3782.0 3878.0 2113000038
cell 2 11 -3.12 0.73631078 0.1 0.09817477 302.0 2032.0 3782.0 3878.0 2113000039
cell 2 11 -3.12 0.83448555 0.1 0.09817477 302.0 2032.0 3782.0 3878.0 2113000040
cell 2 11 -3.12 0.93266032 0.1 0.09817477 302.0 2032.0 3782.0 3878.0 2113000041
cell 2 11 -3.12 1.03083509 0.1 0.09817477 302.0 2032.0 3782.0 3878.0 2113000042
cell 2 11 -3.12 1.12900986 0.1 0.09817477 302.0 2032.0 3782.0 3878.0 2113000043
cell 2 11 -3.12 1.22718463 0.1 0.09817477 302.0 2032.0 3782.0 3878.0 2113000044
cell 2 11 -3.12 1.3253594 0.1 0.09817477 302.0 2032.0 3782.0 3878.0 2113000045
cell 2 11 -3.12 1.42353417 0.1 0.09817477 302.0 2032.0 3782.0 3878.0 2113000046
cell 2 11 -3.12 1.52170894 0.1 0.09817477 302.0 2032.0 3782.0 3878.0 2113000047
cell 2 11 -3.12 1.61988371 0.1 0.09817477 302.0 2032.0 3782.0 3878.0 2113000048
cell 2 11 -3.12 1.71805848 0.1 0.09817477 302.0 2032.0 3782.0 3878.0 2113000049
cell 2 11 -3.12 1.81623325 0.1 0.09817477 302.0 2032.0 3782.0 3878.0 2113000050
cell 2 11 -3.12 1.91440802 0.1 0.09817477 302.0 2032.0 3782.0 3878.0 2113000051
cell 2 11 -3.12 2.01258279 0.1 0.09817477 302.0 2032.0 3782.0 3878.0 2113000052
cell 2 11 -3.12 2.11075756 0.1 0.09817477 302.0 2032.0 3782.0 3878.0 2113000053
cell 2 11 -3.12 2.20893233 0.1 0.09817477 302.0 2032.0 3782.0 3878.0 2113000054
cell 2 11 -3.12 2.3071071 0.1 0.09817477 302.0 2032.0 3782.0 3878.0 2113000055
cell 2 11 -3.12 2.40528188 0.1 0.09817477 302.0 2032.0 3782.0 3878.0 2113000056
cell 2 11 -3.12 2.50345665 0.1 0.09817477 302.0 2032.0 3782.0 3878.0 2113000057
cell 2 11 -3.12 2.60163142 0.1 0.09817477 302.0 2032.0 3782.0 3878.0 2113000058
cell 2 11 -3.12 2.69980619 0.1 0.09817477 302.0 2032.0 3782.0 3878.0 2113000059
cell 2 11 -3.12 2.79798096 0.1 0.09817477 302.0 2032.0 3782.0 3878.0 2113000060
cell 2 11 -3.12 2.89615573 0.1 0.09817477 302.0 2032.0 3782.0 3878.0 2113000061
cell 2 11 -3.12 2.9943305 0.1 0.09817477 302.0 2032.0 3782.0 3878.0 2113000062
cell 2 11 -3.12 3.09250527 0.1 0.09817477 302.0 2032.0 3782.0 3878.0 2113000063
cell 2 11 -3.02 -3.09250527 0.1 0.09817477 302.0 2032.0 3782.0 3878.0 2113000064
cell 2 11 -3.02 -2.9943305 0.1 0.09817477 302.0 2032.0 3782.0 3878.0 2113000065
cell 2 11 -3.02 -2.89615573 0.1 0.09817477 302.0 2032.0 3782.0 3878.0 2113000066
cell 2 11 -3.02 -2.79798096 0.1 0.09817477 302.0 2032.0 3782.0 3878.0 2113000067
cell 2 11 -3.02 -2.69980619 0.1 0.09817477 302.0 2032.0 3782.0 3878.0 2113000068
cell 2 11 -3.02 -2.60163142 0.1 0.09817477 302.0 2032.0 3782.0 3878.0 2113000069
cell 2 11 -3.02 -2.50345665 0.1 0.09817477 302.0 2032.0 3782.0 3878.0 2113000070
cell 2 11 -3.02 -2.40528188 0.1 0.09817477 302.0 2032.0 3782.0 3878.0 2113000071
cell 2 11 -3.02 -2.3071071 0.1 0.09817477 302.0 2032.0 3782.0 3878.0 2113000072
cell 2 11 -3.02 -2.20893233 0.1 0.09817477 302.0 2032.0 3782.0 3878.0 2113000073
cell 2 11 -3.02 -2.11075756 0.1 0.09817477 302.0 2032.0 3782.0 3878.0 2113000074
cell 2 11 -3.02 -2.01258279 0.1 0.09817477 302.0 2032.0 3782.0 3878.0 2113000075
cell 2 11 -3.02 -1.91440802 0.1 0.09817477 302.0 2032.0 3782.0 3878.0 2113000076
cell 2 11 -3.02 -1.81623325 0.1 0.09817477 302.0 2032.0 3782.0 3878.0 2113000077
cell 2 11 -3.02 -1.71805848 0.1 0.09817477 302.0 2032.0 3782.0 3878.0 2113000078
cell 2 11 -3.02 -1.61988371 0.1 0.09817477 302.0 2032.0 3782.0 3878.0 2113000079
cell 2 11 -3.02 -1.52170894 0.1 0.09817477 302.0 2032.0 3782.0 3878.0 2113000080
cell 2 11 -3.02 -1.42353417 0.1 0.09817477 302.0 2032.0 3782.0 3878.0 2113000081
cell 2 11 -3.02 -1.3253594 0.1 0.09817477 302.0 2032.0 3782.0 3878.0 2113000082
cell 2 11 -3.02 -1.22718463 0.1 0.09817477 302.0 2032.0 3782.0 3878.0 2113000083
cell 2 11 -3.02 -1.12900986 0.1 0.09817477 302.0 2032.0 3782.0 3878.0 2113000084
cell 2 11 -3.02 -1.03083509 0.1 0.09817477 302.0 2032.0 3782.0 3878.0 2113000085
cell 2 11 -3.02 -0.93266032 0.1 0.09817477 302.0 2032.0 3782.0 3878.0 2113000086
cell 2 11 -3.02 -0.83448555 0.1 0.09817477 302.0 2032.0 3782.0 3878.0 2113000087
cell 2 11 -3.02 -0.73631078 0.1 0.09817477 302.0 2032.0 3782.0 3878.0 2113000088
cell 2 11 -3.02 -0.63813601 0.1 0.09817477 302.0 2032.0 3782.0 3878.0 2113000089
cell 2 11 -3.02 -0.53996124 0.1 0.09817477 302.0 2032.0 3782.0 3878.0 2113000090
cell 2 11 -3.02 -0.44178647 0.1 0.09817477 302.0 2032.0 3782.0 3878.0 2113000091
cell 2 11 -3.02 -0.3436117 0.1 0.09817477 302.0 2032.0 3782.0 3878.0 2113000092
cell 2 11 -3.02 -0.24543693 0.1 0.09817477 302.0 2032.0 3782.0 3878.0 2113000093
cell 2 11 -3.02 -0.14726216 0.1 0.09817477 302.0 2032.0 3782.0 3878.0 2113000094
cell 2 11 -3.02 -0.04908739 0.1 0.09817477 302.0 2032.0 3782.0 3878.0 2113000095
cell 2 11 -3.02 0.04908739 0.1 0.09817477 302.0 2032.0 3782.0 3878.0 2113000096
cell 2 11 -3.02 0.14726216 0.1 0.09817477 302.0 2032.0 3782.0 3878.0 2113000097
cell 2 11 -3.02 0.24543693 0.1 0.09817477 302.0 2032.0 3782.0 3878.0 2113000098
cell 2 11 -3.02 0.3436117 0.1 0.09817477 302.0 2032.0 3782.0 3878.0 2113000099
cell 2 11 -3.02 0.44178647 0.1 0.09817477 302.0 2032.0 3782.0 3878.0 2113000100
cell 2 11 -3.02 0.53996124 0.1 0.09817477 302.0 2032.0 3782.0 3878.0 2113000101
cell 2 11 -3.02 0.63813601 0.1 0.09817477 302.0 2032.0 3782.0 3878.0 2113000102
cell 2 11 -3.02 0.73631078 0.1 0.09817477 302.0 2032.0 3782.0 3878.0 2113000103
cell 2 11 -3.02 0.83448555 0.1 0.09817477 302.0 2032.0 3782.0 3878.0 2113000104
cell 2 11 -3.02 0.93266032 0.1 0.09817477 302.0 2032.0 3782.0 3878.0 2113000105
cell 2 11 -3.02 1.03083509 0.1 0.09817477 302.0 2032.0 3782.0 3878.0 2113000106
cell 2 11 -3.02 1.12900986 0.1 0.09817477 302.0 2032.0 3782.0 3878.0 2113000107
cell 2 11 -3.02 1.22718463 0.1 0.09817477 302.0 2032.0 3782.0 3878.0 2113000108
cell 2 11 -3.02 1.3253594 0.1 0.09817477 302.0 2032.0 3782.0 3878.0 2113000109
cell 2 11 -3.02 1.42353417 0.1 0.09817477 302.0 2032.0 3782.0 3878.0 2113000110
cell 2 11 -3.02 1.52170894 0.1 0.09817477 302.0 2032.0 3782.0 3878.0 2113000111
cell 2 11 -3.02 1.61988371 0.1 0.09817477 302.0 2032.0 3782.0 3878.0 2113000112
cell 2 11 -3.02 1.71805848 0.1 0.09817477 302.0 2032.0 3782.0 3878.0 2113000113
cell 2 11 -3.02 1.81623325 0.1 0.09817477 302.0 2032.0 3782.0 3878.0 2113000114
cell 2 11 -3.02 1.91440802 0.1 0.09817477 302.0 2032.0 3782.0 3878.0 2113000115
cell 2 11 -3.02 2.01258279 0.1 0.09817477 302.0 2032.0 3782.0 3878.0 2113000116
cell 2 11 -3.02 2.11075756 0.1 0.09817477 302.0 2032.0 3782.0 3878.0 2113000117
cell 2 11 -3.02 2.20893233 0.1 0.09817477 302.0 2032.0 3782.0 3878.0 2113000118
cell 2 11 -3.02 2.3071071 0.1 0.09817477 302.0 2032.0 3782.0 3878.0 2113000119
cell 2 11 -3.02 2.40528188 0.1 0.09817477 302.0 2032.0 3782.0 3878.0 2113000120
cell 2 11 -3.02 2.50345665 0.1 0.09817477 302.0 2032.0 3782.0 3878.0 2113000121
cell 2 11 -3.02 2.60163142 0.1 0.09817477 302.0 2032.0 3782.0 3878.0 2113000122
cell 2 11 -3.02 2.69980619 0.1 0.09817477 302.0 2032.0 3782.0 3878.0 2113000123
cell 2 11 -3.02 2.79798096 0.1 0.09817477 302.0 2032.0 3782.0 3878.0 2113000124
cell 2 11 -3.02 2.89615573 0.1 0.09817477 302.0 2032.0 3782.0 3878.0 2113000125
cell 2 11 -3.02 2.9943305 0.1 0.09817477 302.0 2032.0 3782.0 3878.0 2113000126
cell 2 11 -3.02 3.09250527 0.1 0.09817477 302.0 2032.0 3782.0 3878.0 2113000127
cell 2 11 -2.92 -3.09250527 0.1 0.09817477 302.0 2032.0 3782.0 3878.0 2113000128
cell 2 11 -2.92 -2.9943305 0.1 0.09817477 302.0 2032.0 3782.0 3878.0 2113000129
cell 2 11 -2.92 -2.89615573 0.1 0.09817477 302.0 2032.0 3782.0 3878.0 2113000130
cell 2 11 -2.92 -2.79798096 0.1 0.09817477 302.0 2032.0 3782.0 3878.0 2113000131
cell 2 11 -2.92 -2.69980619 0.1 0.09817477 302.0 2032.0 3782.0 3878.0 2113000132
cell 2 11 -2.92 -2.60163142 0.1 0.09817477 302.0 2032.0 3782.0 3878.0 2113000133
cell 2 11 -2.92 -2.50345665 0.1 0.09817477 302.0 2032.0 3782.0 3878.0 2113000134
cell 2 11 -2.92 -2.40528188 0.1 0.09817477 302.0 2032.0 3782.0 3878.0 2113000135
cell 2 11 -2.92 -2.3071071 0.1 0.09817477 302.0 2032.0 3782.0 3878.0 2113000136
cell 2 11 -2.92 -2.20893233 0.1 0.09817477 302.0 2032.0 3782.0 3878.0 2113000137
cell 2 11 -2.92 -2.11075756 0.1 0.09817477 302.0 2032.0 3782.0 3878.0 2113000138
cell 2 11 -2.92 -2.01258279 0.1 0.09817477 302.0 2032.0 3782.0 3878.0 2113000139
cell 2 11 -2.92 -1.91440802 0.1 0.09817477 302.0 2032.0 3782.0 3878.0 2113000140
cell 2 11 -2.92 -1.81623325 0.1 0.09817477 302.0 2032.0 3782.0 3878.0 2113000141
cell 2 11 -2.92 -1.71805848 0.1 0.09817477 302.0 2032.0 3782.0 3878.0 2113000142
cell 2 11 -2.92 -1.61988371 0.1 0.09817477 302.0 2032.0 3782.0 3878.0 2113000143
cell 2 11 -2.92 -1.52170894 0.1 0.09817477 302.0 2032.0 3782.0 3878.0 2113000144
cell 2 11 -2.92 -1.42353417 0.1 0.09817477 302.0 2032.0 3782.0 3878.0 2113000145
cell 2 11 -2.92 -1.3253594 0.1 0.09817477 302.0 2032.0 3782.0 3878.0 2113000146
cell 2 11 -2.92 -1.22718463 0.1 0.09817477 302.0 2032.0 3782.0 3878.0 2113000147
cell 2 11 -2.92 -1.12900986 0.1 0.09817477 302.0 2032.0 3782.0 3878.0 2113000148
cell 2 11 -2.92 -1.03083509 0.1 0.09817477 302.0 2032.0 3782.0 3878.0 2113000149
cell 2 11 -2.92 -0.93266032 0.1 0.09817477 302.0 2032.0 3782.0 3878.0 2113000150
cell 2 11 -2.92 -0.83448555 0.1 0.09817477 302.0 2032.0 3782.0 3878.0 2113000151
cell 2 11 -2.92 -0.73631078 0.1 0.09817477 302.0 2032.0 3782.0 3878.0 2113000152
cell 2 11 -2.92 -0.63813601 0.1 0.09817477 302.0 2032.0 3782.0 3878.0 2113000153
cell 2 11 -2.92 -0.53996124 0.1 0.09817477 302.0 2032.0 3782.0 3878.0 2113000154
cell 2 11 -2.92 -0.44178647 0.1 0.09817477 302.0 2032.0 3782.0 3878.0 2113000155
cell 2 11 -2.92 -0.3436117 0.1 0.09817477 302.0 2032.0 3782.0 3878.0 2113000156
cell 2 11 -2.92 -0.24543693 0.1 0.09817477 302.0 2032.0 3782.0 3878.0 2113000157
cell 2 11 -2.92 -0.14726216 0.1 0.09817477 302.0 2032.0 3782.0 3878.0 2113000158
cell 2 11 -2.92 -0.04908739 0.1 0.09817477 302.0 2032.0 3782.0 3878.0 2113000159
cell 2 11 -2.92 0.04908739 0.1 0.09817477 302.0 2032.0 3782.0 3878.0 2113000160
cell 2 11 -2.92 0.14726216 0.1 0.09817477 302.0 2032.0 3782.0 3878.0 2113000161
cell 2 11 -2.92 0.24543693 0.1 0.09817477 302.0 2032.0 3782.0 3878.0 2113000162
cell 2 11 -2.92 0.3436117 0.1 0.09817477 302.0 2032.0 3782.0 3878.0 2113000163
cell 2 11 -2.92 0.44178647 0.1 0.09817477 302.0 2032.0 3782.0 3878.0 2113000164
cell 2 11 -2.92 0.53996124 0.1 0.09817477 302.0 2032.0 3782.0 3878.0 2113000165
cell 2 11 -2.92 0.63813601 0.1 0.09817477 302.0 2032.0 3782.0 3878.0 2113000166
cell 2 11 -2.92 0.73631078 0.1 0.09817477 302.0 2032.0 3782.0 3878.0 2113000167
cell 2 11 -2.92 0.83448555 0.1 0.09817477 302.0 2032.0 3782.0 3878.0 2113000168
cell 2 11 -2.92 0.93266032 0.1 0.09817477 302.0 2032.0 3782.0 3878.0 2113000169
cell 2 11 -2.92 1.03083509 0.1 0.09817477 302.0 2032.0 3782.0 3878.0 2113000170
cell 2 11 -2.92 1.12900986 0.1 0.09817477 302.0 2032.0 3782.0 3878.0 2113000171
cell 2 11 -2.92 1.22718463 0.1 0.09817477 302.0 2032.0 3782.0 3878.0 2113000172
cell 2 11 -2.92 1.3253594 0.1 0.09817477 302.0 2032.0 3782.0 3878.0 2113000173
cell 2 11 -2.92 1.42353417 0.1 0.09817477 302.0 2032.0 3782.0 3878.0 2113000174
cell 2 11 -2.92 1.52170894 0.1 0.09817477 302.0 2032.0 3782.0 3878.0 2113000175
cell 2 11 -2.92 1.61988371 0.1 0.09817477 302.0 2032.0 3782.0 3878.0 2113000176
cell 2 11 -2.92 1.71805848 0.1 0.09817477 302.0 2032.0 3782.0 3878.0 2113000177
cell 2 11 -2.92 1.81623325 0.1 0.09817477 302.0 2032.0 3782.0 3878.0 2113000178
cell 2 11 -2.92 1.91440802 0.1 0.09817477 302.0 2032.0 3782.0 3878.0 2113000179
cell 2 11 -2.92 2.01258279 0.1 0.09817477 302.0 2032.0 3782.0 3878.0 2113000180
cell 2 11 -2.92 2.11075756 0.1 0.09817477 302.0 2032.0 3782.0 3878.0 2113000181
cell 2 11 -2.92 2.20893233 0.1 0.09817477 302.0 2032.0 3782.0 3878.0 2113000182
cell 2 11 -2.92 2.3071071 0.1 0.09817477 302.0 2032.0 3782.0 3878.0 2113000183
cell 2 11 -2.92 2.40528188 0.1 0.09817477 302.0 2032.0 3782.0 3878.0 2113000184
cell 2 11 -2.92 2.50345665 0.1 0.09817477 302.0 2032.0 3782.0 3878.0 2113000185
cell 2 11 -2.92 2.60163142 0.1 0.09817477 302.0 2032.0 3782.0 3878.0 2113000186
cell 2 11 -2.92 2.69980619 0.1 0.09817477 302.0 2032.0 3782.0 3878.0 2113000187
cell 2 11 -2.92 2.79798096 0.1 0.09817477 302.0 2032.0 3782.0 3878.0 2113000188
cell 2 11 -2.92 2.89615573 0.1 0.09817477 302.0 2032.0 3782.0 3878.0 2113000189
cell 2 11 -2.92 2.9943305 0.1 0.09817477 302.0 2032.0 3782.0 3878.0 2113000190
cell 2 11 -2.92 3.09250527 0.1 0.09817477 302.0 2032.0 3782.0 3878.0 2113000191
cell 2 11 -2.82 -3.09250527 0.1 0.09817477 302.0 2032.0 3782.0 3878.0 2113000192
cell 2 11 -2.82 -2.9943305 0.1 0.09817477 302.0 2032.0 3782.0 3878.0 2113000193
cell 2 11 -2.82 -2.89615573 0.1 0.09817477 302.0 2032.0 3782.0 3878.0 2113000194
cell 2 11 -2.82 -2.79798096 0.1 0.09817477 302.0 2032.0 3782.0 3878.0 2113000195
cell 2 11 -2.82 -2.69980619 0.1 0.09817477 302.0 2032.0 3782.0 3878.0 2113000196
cell 2 11 -2.82 -2.60163142 0.1 0.09817477 302.0 2032.0 3782.0 3878.0 2113000197
cell 2 11 -2.82 -2.50345665 0.1 0.09817477 302.0 2032.0 3782.0 3878.0 2113000198
cell 2 11 -2.82 -2.40528188 0.1 0.09817477 302.0 2032.0 3782.0 3878.0 2113000199
cell 2 11 -2.82 -2.3071071 0.1 0.09817477 302.0 2032.0 3782.0 3878.0 2113000200
cell 2 11 -2.82 -2.20893233 0.1 0.09817477 302.0 2032.0 3782.0 3878.0 2113000201
cell 2 11 -2.82 -2.11075756 0.1 0.09817477 302.0 2032.0 3782.0 3878.0 2113000202
cell 2 11 -2.82 -2.01258279 0.1 0.09817477 302.0 2032.0 3782.0 3878.0 2113000203
cell 2 11 -2.82 -1.91440802 0.1 0.09817477 302.0 2032.0 3782.0 3878.0 2113000204
cell 2 11 -2.82 -1.81623325 0.1 0.09817477 302.0 2032.0 3782.0 3878.0 2113000205
cell 2 11 -2.82 -1.71805848 0.1 0.09817477 302.0 2032.0 3782.0 3878.0 2113000206
cell 2 11 -2.82 -1.61988371 0.1 0.09817477 302.0 2032.0 3782.0 3878.0 2113000207
cell 2 11 -2.82 -1.52170894 0.1 0.09817477 302.0 2032.0 3782.0 3878.0 2113000208
cell 2 11 -2.82 -1.42353417 0.1 0.09817477 302.0 2032.0 3782.0 3878.0 2113000209
cell 2 11 -2.82 -1.3253594 0.1 0.09817477 302.0 2032.0 3782.0 3878.0 2113000210
cell 2 11 -2.82 -1.22718463 0.1 0.09817477 302.0 2032.0 3782.0 3878.0 2113000211
cell 2 11 -2.82 -1.12900986 0.1 0.09817477 302.0 2032.0 3782.0 3878.0 2113000212
cell 2 11 -2.82 -1.03083509 0.1 0.09817477 302.0 2032.0 3782.0 3878.0 2113000213
cell 2 11 -2.82 -0.93266032 0.1 0.09817477 302.0 2032.0 3782.0 3878.0 2113000214
cell 2 11 -2.82 -0.83448555 0.1 0.09817477 302.0 2032.0 3782.0 3878.0 2113000215
cell 2 11 -2.82 -0.73631078 0.1 0.09817477 302.0 2032.0 3782.0 3878.0 2113000216
cell 2 11 -2.82 -0.63813601 0.1 0.09817477 302.0 2032.0 3782.0 3878.0 2113000217
cell 2 11 -2.82 -0.53996124 0.1 0.09817477 302.0 2032.0 3782.0 3878.0 2113000218
cell 2 11 -2.82 -0.44178647 0.1 0.09817477 302.0 2032.0 3782.0 3878.0 2113000219
cell 2 11 -2.82 -0.3436117 0.1 0.09817477 302.0 2032.0 3782.0 3878.0 2113000220
cell 2 11 -2.82 -0.24543693 0.1 0.09817477 302.0 2032.0 3782.0 3878.0 2113000221
cell 2 11 -2.82 -0.14726216 0.1 0.09817477 302.0 2032.0 3782.0 3878.0 2113000222
cell 2 11 -2.82 -0.04908739 0.1 0.09817477 302.0 2032.0 3782.0 3878.0 2113000223
cell 2 11 -2.82 0.04908739 0.1 0.09817477 302.0 2032.0 3782.0 3878.0 2113000224
cell 2 11 -2.82 0.14726216 0.1 0.09817477 302.0 2032.0 3782.0 3878.0 2113000225
cell 2 11 -2.82 0.24543693 0.1 0.09817477 302.0 2032.0 3782.0 3878.0 2113000226
cell 2 11 -2.82 0.3436117 0.1 0.09817477 302.0 2032.0 3782.0 3878.0 2113000227
cell 2 11 -2.82 0.44178647 0.1 0.09817477 302.0 2032.0 3782.0 3878.0 2113000228
cell 2 11 -2.82 0.53996124 0.1 0.09817477 302.0 2032.0 3782.0 3878.0 2113000229
cell 2 11 -2.82 0.63813601 0.1 0.09817477 302.0 2032.0 3782.0 3878.0 2113000230
cell 2 11 -2.82 0.73631078 0.1 0.09817477 302.0 2032.0 3782.0 3878.0 2113000231
cell 2 11 -2.82 0.83448555 0.1 0.09817477 302.0 2032.0 3782.0 3878.0 2113000232
cell 2 11 -2.82 0.93266032 0.1 0.09817477 302.0 2032.0 3782.0 3878.0 2113000233
cell 2 11 -2.82 1.03083509 0.1 0.09817477 302.0 2032.0 3782.0 3878.0 2113000234
cell 2 11 -2.82 1.12900986 0.1 0.09817477 302.0 2032.0 3782.0 3878.0 2113000235
cell 2 11 -2.82 1.22718463 0.1 0.09817477 302.0 2032.0 3782.0 3878.0 2113000236
cell 2 11 -2.82 1.3253594 0.1 0.09817477 302.0 2032.0 3782.0 3878.0 2113000237
cell 2 11 -2.82 1.42353417 0.1 0.09817477 302.0 2032.0 3782.0 3878.0 2113000238
cell 2 11 -2.82 1.52170894 0.1 0.09817477 302.0 2032.0 3782.0 3878.0 2113000239
cell 2 11 -2.82 1.61988371 0.1 0.09817477 302.0 2032.0 3782.0 3878.0 2113000240
cell 2 11 -2.82 1.71805848 0.1 0.09817477 302.0 2032.0 3782.0 3878.0 2113000241
cell 2 11 -2.82 1.81623325 0.1 0.09817477 302.0 2032.0 3782.0 3878.0 2113000242
cell 2 11 -2.82 1.91440802 0.1 0.09817477 302.0 2032.0 3782.0 3878.0 2113000243
cell 2 11 -2.82 2.01258279 0.1 0.09817477 302.0 2032.0 3782.0 3878.0 2113000244
cell 2 11 -2.82 2.11075756 0.1 0.09817477 302.0 2032.0 3782.0 3878.0 2113000245
cell 2 11 -2.82 2.20893233 0.1 0.09817477 302.0 2032.0 3782.0 3878.0 2113000246
cell 2 11 -2.82 2.3071071 0.1 0.09817477 302.0 2032.0 3782.0 3878.0 2113000247
cell 2 11 -2.82 2.40528188 0.1 0.09817477 302.0 2032.0 3782.0 3878.0 2113000248
cell 2 11 -2.82 2.50345665 0.1 0.09817477 302.0 2032.0 3782.0 3878.0 2113000249
cell 2 11 -2.82 2.60163142 0.1 0.09817477 302.0 2032.0 3782.0 3878.0 2113000250
cell 2 11 -2.82 2.69980619 0.1 0.09817477 302.0 2032.0 3782.0 3878.0 2113000251
cell 2 11 -2.82 2.79798096 0.1 0.09817477 302.0 2032.0 3782.0 3878.0 2113000252
cell 2 11 -2.82 2.89615573 0.1 0.09817477 302.0 2032.0 3782.0 3878.0 2113000253
cell 2 11 -2.82 2.9943305 0.1 0.09817477 302.0 2032.0 3782.0 3878.0 2113000254
cell 2 11 -2.82 3.09250527 0.1 0.09817477 302.0 2032.0 3782.0 3878.0 2113000255
cell 2 11 -2.72 -3.09250527 0.1 0.09817477 302.0 2032.0 3782.0 3878.0 2113000256
cell 2 11 -2.72 -2.9943305 0.1 0.09817477 302.0 2032.0 3782.0 3878.0 2113000257
cell 2 11 -2.72 -2.89615573 0.1 0.09817477 302.0 2032.0 3782.0 3878.0 2113000258
cell 2 11 -2.72 -2.79798096 0.1 0.09817477 302.0 2032.0 3782.0 3878.0 2113000259
cell 2 11 -2.72 -2.69980619 0.1 0.09817477 302.0 2032.0 3782.0 3878.0 2113000260
cell 2 11 -2.72 -2.60163142 0.1 0.09817477 302.0 2032.0 3782.0 3878.0 2113000261
cell 2 11 -2.72 -2.50345665 0.1 0.09817477 302.0 2032.0 3782.0 3878.0 2113000262
cell 2 11 -2.72 -2.40528188 0.1 0.09817477 302.0 2032.0 3782.0 3878.0 2113000263
cell 2 11 -2.72 -2.3071071 0.1 0.09817477 302.0 2032.0 3782.0 3878.0 2113000264
cell 2 11 -2.72 -2.20893233 0.1 0.09817477 302.0 2032.0 3782.0 3878.0 2113000265
cell 2 11 -2.72 -2.11075756 0.1 0.09817477 302.0 2032.0 3782.0 3878.0 2113000266
cell 2 11 -2.72 -2.01258279 0.1 0.09817477 302.0 2032.0 3782.0 3878.0 2113000267
cell 2 11 -2.72 -1.91440802 0.1 0.09817477 302.0 2032.0 3782.0 3878.0 2113000268
cell 2 11 -2.72 -1.81623325 0.1 0.09817477 302.0 2032.0 3782.0 3878.0 2113000269
cell 2 11 -2.72 -1.71805848 0.1 0.09817477 302.0 2032.0 3782.0 3878.0 2113000270
cell 2 11 -2.72 -1.61988371 0.1 0.09817477 302.0 2032.0 3782.0 3878.0 2113000271
cell 2 11 -2.72 -1.52170894 0.1 0.09817477 302.0 2032.0 3782.0 3878.0 2113000272
cell 2 11 -2.72 -1.42353417 0.1 0.09817477 302.0 2032.0 3782.0 3878.0 2113000273
cell 2 11 -2.72 -1.3253594 0.1 0.09817477 302.0 2032.0 3782.0 3878.0 2113000274
cell 2 11 -2.72 -1.22718463 0.1 0.09817477 302.0 2032.0 3782.0 3878.0 2113000275
cell 2 11 -2.72 -1.12900986 0.1 0.09817477 302.0 2032.0 3782.0 3878.0 2113000276
cell 2 11 -2.72 -1.03083509 0.1 0.09817477 302.0 2032.0 3782.0 3878.0 2113000277
cell 2 11 -2.72 -0.93266032 0.1 0.09817477 302.0 2032.0 3782.0 3878.0 2113000278
cell 2 11 -2.72 -0.83448555 0.1 0.09817477 302.0 2032.0 3782.0 3878.0 2113000279
cell 2 11 -2.72 -0.73631078 0.1 0.09817477 302.0 2032.0 3782.0 3878.0 2113000280
cell 2 11 -2.72 -0.63813601 0.1 0.09817477 302.0 2032.0 3782.0 3878.0 2113000281
cell 2 11 -2.72 -0.53996124 0.1 0.09817477 302.0 2032.0 3782.0 3878.0 2113000282
cell 2 11 -2.72 -0.44178647 0.1 0.09817477 302.0 2032.0 3782.0 3878.0 2113000283
cell 2 11 -2.72 -0.3436117 0.1 0.09817477 302.0 2032.0 3782.0 3878.0 2113000284
cell 2 11 -2.72 -0.24543693 0.1 0.09817477 302.0 2032.0 3782.0 3878.0 2113000285
cell 2 11 -2.72 -0.14726216 0.1 0.09817477 302.0 2032.0 3782.0 3878.0 2113000286
cell 2 11 -2.72 -0.04908739 0.1 0.09817477 302.0 2032.0 3782.0 3878.0 2113000287
cell 2 11 -2.72 0.04908739 0.1 0.09817477 302.0 2032.0 3782.0 3878.0 2113000288
cell 2 11 -2.72 0.14726216 0.1 0.09817477 302.0 2032.0 3782.0 3878.0 2113000289
cell 2 11 -2.72 0.24543693 0.1 0.09817477 302.0 2032.0 3782.0 3878.0 2113000290
cell 2 11 -2.72 0.3436117 0.1 0.09817477 302.0 2032.0 3782.0 3878.0 2113000291
cell 2 11 -2.72 0.44178647 0.1 0.09817477 302.0 2032.0 3782.0 3878.0 2113000292
cell 2 11 -2.72 0.53996124 0.1 0.09817477 302.0 2032.0 3782.0 3878.0 2113000293
cell 2 11 -2.72 0.63813601 0.1 0.09817477 302.0 2032.0 3782.0 3878.0 2113000294
cell 2 11 -2.72 0.73631078 0.1 0.09817477 302.0 2032.0 3782.0 3878.0 2113000295
cell 2 11 -2.72 0.83448555 0.1 0.09817477 302.0 2032.0 3782.0 3878.0 2113000296
cell 2 11 -2.72 0.93266032 0.1 0.09817477 302.0 2032.0 3782.0 3878.0 2113000297
cell 2 11 -2.72 1.03083509 0.1 0.09817477 302.0 2032.0 3782.0 3878.0 2113000298
cell 2 11 -2.72 1.12900986 0.1 0.09817477 302.0 2032.0 3782.0 3878.0 2113000299
cell 2 11 -2.72 1.22718463 0.1 0.09817477 302.0 2032.0 3782.0 3878.0 2113000300
cell 2 11 -2.72 1.3253594 0.1 0.09817477 302.0 2032.0 3782.0 3878.0 2113000301
cell 2 11 -2.72 1.42353417 0.1 0.09817477 302.0 2032.0 3782.0 3878.0 2113000302
cell 2 11 -2.72 1.52170894 0.1 0.09817477 302.0 2032.0 3782.0 3878.0 2113000303
cell 2 11 -2.72 1.61988371 0.1 0.09817477 302.0 2032.0 3782.0 3878.0 2113000304
cell 2 11 -2.72 1.71805848 0.1 0.09817477 302.0 2032.0 3782.0 3878.0 2113000305
cell 2 11 -2.72 1.81623325 0.1 0.09817477 302.0 2032.0 3782.0 3878.0 2113000306
cell 2 11 -2.72 1.91440802 0.1 0.09817477 302.0 2032.0 3782.0 3878.0 2113000307
cell 2 11 -2.72 2.01258279 0.1 0.09817477 302.0 2032.0 3782.0 3878.0 2113000308
cell 2 11 -2.72 2.11075756 0.1 0.09817477 302.0 2032.0 3782.0 3878.0 2113000309
cell 2 11 -2.72 2.20893233 0.1 0.09817477 302.0 2032.0 3782.0 3878.0 2113000310
cell 2 11 -2.72 2.3071071 0.1 0.09817477 302.0 2032.0 3782.0 3878.0 2113000311
cell 2 11 -2.72 2.40528188 0.1 0.09817477 302.0 2032.0 3782.0 3878.0 2113000312
cell 2 11 -2.72 2.50345665 0.1 0.09817477 302.0 2032.0 3782.0 3878.0 2113000313
cell 2 11 -2.72 2.60163142 0.1 0.09817477 302.0 2032.0 3782.0 3878.0 2113000314
cell 2 11 -2.72 2.69980619 0.1 0.09817477 302.0 2032.0 3782.0 3878.0 2113000315
cell 2 11 -2.72 2.79798096 0.1 0.09817477 302.0 2032.0 3782.0 3878.0 2113000316
cell 2 11 -2.72 2.89615573 0.1 0.09817477 302.0 2032.0 3782.0 3878.0 2113000317
cell 2 11 -2.72 2.9943305 0.1 0.09817477 302.0 2032.0 3782.0 3878.0 2113000318
cell 2 11 -2.72 3.09250527 0.1 0.09817477 302.0 2032.0 3782.0 3878.0 2113000319
cell 2 11 -2.62 -3.09250527 0.1 0.09817477 302.0 2032.0 3782.0 3878.0 2113000320
cell 2 11 -2.62 -2.9943305 0.1 0.09817477 302.0 2032.0 3782.0 3878.0 2113000321
cell 2 11 -2.62 -2.89615573 0.1 0.09817477 302.0 2032.0 3782.0 3878.0 2113000322
cell 2 11 -2.62 -2.79798096 0.1 0.09817477 302.0 2032.0 3782.0 3878.0 2113000323
cell 2 11 -2.62 -2.69980619 0.1 0.09817477 302.0 2032.0 3782.0 3878.0 2113000324
cell 2 11 -2.62 -2.60163142 0.1 0.09817477 302.0 2032.0 3782.0 3878.0 2113000325
cell 2 11 -2.62 -2.50345665 0.1 0.09817477 302.0 2032.0 3782.0 3878.0 2113000326
cell 2 11 -2.62 -2.40528188 0.1 0.09817477 302.0 2032.0 3782.0 3878.0 2113000327
cell 2 11 -2.62 -2.3071071 0.1 0.09817477 302.0 2032.0 3782.0 3878.0 2113000328
cell 2 11 -2.62 -2.20893233 0.1 0.09817477 302.0 2032.0 3782.0 3878.0 2113000329
cell 2 11 -2.62 -2.11075756 0.1 0.09817477 302.0 2032.0 3782.0 3878.0 2113000330
cell 2 11 -2.62 -2.01258279 0.1 0.09817477 302.0 2032.0 3782.0 3878.0 2113000331
cell 2 11 -2.62 -1.91440802 0.1 0.09817477 302.0 2032.0 3782.0 3878.0 2113000332
cell 2 11 -2.62 -1.81623325 0.1 0.09817477 302.0 2032.0 3782.0 3878.0 2113000333
cell 2 11 -2.62 -1.71805848 0.1 0.09817477 302.0 2032.0 3782.0 3878.0 2113000334
cell 2 11 -2.62 -1.61988371 0.1 0.09817477 302.0 2032.0 3782.0 3878.0 2113000335
cell 2 11 -2.62 -1.52170894 0.1 0.09817477 302.0 2032.0 3782.0 3878.0 2113000336
cell 2 11 -2.62 -1.42353417 0.1 0.09817477 302.0 2032.0 3782.0 3878.0 2113000337
cell 2 11 -2.62 -1.3253594 0.1 0.09817477 302.0 2032.0 3782.0 3878.0 2113000338
cell 2 11 -2.62 -1.22718463 0.1 0.09817477 302.0 2032.0 3782.0 3878.0 2113000339
cell 2 11 -2.62 -1.12900986 0.1 0.09817477 302.0 2032.0 3782.0 3878.0 2113000340
cell 2 11 -2.62 -1.03083509 0.1 0.09817477 302.0 2032.0 3782.0 3878.0 2113000341
cell 2 11 -2.62 -0.93266032 0.1 0.09817477 302.0 2032.0 3782.0 3878.0 2113000342
cell 2 11 -2.62 -0.83448555 0.1 0.09817477 302.0 2032.0 3782.0 3878.0 2113000343
cell 2 11 -2.62 -0.73631078 0.1 0.09817477 302.0 2032.0 3782.0 3878.0 2113000344
cell 2 11 -2.62 -0.63813601 0.1 0.09817477 302.0 2032.0 3782.0 3878.0 2113000345
cell 2 11 -2.62 -0.53996124 0.1 0.09817477 302.0 2032.0 3782.0 3878.0 2113000346
cell 2 11 -2.62 -0.44178647 0.1 0.09817477 302.0 2032.0 3782.0 3878.0 2113000347
cell 2 11 -2.62 -0.3436117 0.1 0.09817477 302.0 2032.0 3782.0 3878.0 2113000348
cell 2 11 -2.62 -0.24543693 0.1 0.09817477 302.0 2032.0 3782.0 3878.0 2113000349
cell 2 11 -2.62 -0.14726216 0.1 0.09817477 302.0 2032.0 3782.0 3878.0 2113000350
cell 2 11 -2.62 -0.04908739 0.1 0.09817477 302.0 2032.0 3782.0 3878.0 2113000351
cell 2 11 -2.62 0.04908739 0.1 0.09817477 302.0 2032.0 3782.0 3878.0 2113000352
cell 2 11 -2.62 0.14726216 0.1 0.09817477 302.0 2032.0 3782.0 3878.0 2113000353
cell 2 11 -2.62 0.24543693 0.1 0.09817477 302.0 2032.0 3782.0 3878.0 2113000354
cell 2 11 -2.62 0.3436117 0.1 0.09817477 302.0 2032.0 3782.0 3878.0 2113000355
cell 2 11 -2.62 0.44178647 0.1 0.09817477 302.0 2032.0 3782.0 3878.0 2113000356
cell 2 11 -2.62 0.53996124 0.1 0.09817477 302.0 2032.0 3782.0 3878.0 2113000357
cell 2 11 -2.62 0.63813601 0.1 0.09817477 302.0 2032.0 3782.0 3878.0 2113000358
cell 2 11 -2.62 0.73631078 0.1 0.09817477 302.0 2032.0 3782.0 3878.0 2113000359
cell 2 11 -2.62 0.83448555 0.1 0.09817477 302.0 2032.0 3782.0 3878.0 2113000360
cell 2 11 -2.62 0.93266032 0.1 0.09817477 302.0 2032.0 3782.0 3878.0 2113000361
cell 2 11 -2.62 1.03083509 0.1 0.09817477 302.0 2032.0 3782.0 3878.0 2113000362
cell 2 11 -2.62 1.12900986 0.1 0.09817477 302.0 2032.0 3782.0 3878.0 2113000363
cell 2 11 -2.62 1.22718463 0.1 0.09817477 302.0 2032.0 3782.0 3878.0 2113000364
cell 2 11 -2.62 1.3253594 0.1 0.09817477 302.0 2032.0 3782.0 3878.0 2113000365
cell 2 11 -2.62 1.42353417 0.1 0.09817477 302.0 2032.0 3782.0 3878.0 2113000366
cell 2 11 -2.62 1.52170894 0.1 0.09817477 302.0 2032.0 3782.0 3878.0 2113000367
cell 2 11 -2.62 1.61988371 0.1 0.09817477 302.0 2032.0 3782.0 3878.0 2113000368
cell 2 11 -2.62 1.71805848 0.1 0.09817477 302.0 2032.0 3782.0 3878.0 2113000369
cell 2 11 -2.62 1.81623325 0.1 0.09817477 302.0 2032.0 3782.0 3878.0 2113000370
cell 2 11 -2.62 1.91440802 0.1 0.09817477 302.0 2032.0 3782.0 3878.0 2113000371
cell 2 11 -2.62 2.01258279 0.1 0.09817477 302.0 2032.0 3782.0 3878.0 2113000372
cell 2 11 -2.62 2.11075756 0.1 0.09817477 302.0 2032.0 3782.0 3878.0 2113000373
cell 2 11 -2.62 2.20893233 0.1 0.09817477 302.0 2032.0 3782.0 3878.0 2113000374
cell 2 11 -2.62 2.3071071 0.1 0.09817477 302.0 2032.0 3782.0 3878.0 2113000375
cell 2 11 -2.62 2.40528188 0.1 0.09817477 302.0 2032.0 3782.0 3878.0 2113000376
cell 2 11 -2.62 2.50345665 0.1 0.09817477 302.0 2032.0 3782.0 3878.0 2113000377
cell 2 11 -2.62 2.60163142 0.1 0.09817477 302.0 2032.0 3782.0 3878.0 2113000378
cell 2 11 -2.62 2.69980619 0.1 0.09817477 302.0 2032.0 3782.0 3878.0 2113000379
cell 2 11 -2.62 2.79798096 0.1 0.09817477 302.0 2032.0 3782.0 3878.0 2113000380
cell 2 11 -2.62 2.89615573 0.1 0.09817477 302.0 2032.0 3782.0 3878.0 2113000381
cell 2 11 -2.62 2.9943305 0.1 0.09817477 302.0 2032.0 3782.0 3878.0 2113000382
cell 2 11 -2.62 3.09250527 0.1 0.09817477 302.0 2032.0 3782.0 3878.0 2113000383
cell 2 11 -2.52 -3.09250527 0.1 0.09817477 302.0 2032.0 3782.0 3878.0 2113000384
cell 2 11 -2.52 -2.9943305 0.1 0.09817477 302.0 2032.0 3782.0 3878.0 2113000385
cell 2 11 -2.52 -2.89615573 0.1 0.09817477 302.0 2032.0 3782.0 3878.0 2113000386
cell 2 11 -2.52 -2.79798096 0.1 0.09817477 302.0 2032.0 3782.0 3878.0 2113000387
cell 2 11 -2.52 -2.69980619 0.1 0.09817477 302.0 2032.0 3782.0 3878.0 2113000388
cell 2 11 -2.52 -2.60163142 0.1 0.09817477 302.0 2032.0 3782.0 3878.0 2113000389
cell 2 11 -2.52 -2.50345665 0.1 0.09817477 302.0 2032.0 3782.0 3878.0 2113000390
cell 2 11 -2.52 -2.40528188 0.1 0.09817477 302.0 2032.0 3782.0 3878.0 2113000391
cell 2 11 -2.52 -2.3071071 0.1 0.09817477 302.0 2032.0 3782.0 3878.0 2113000392
cell 2 11 -2.52 -2.20893233 0.1 0.09817477 302.0 2032.0 3782.0 3878.0 2113000393
cell 2 11 -2.52 -2.11075756 0.1 0.09817477 302.0 2032.0 3782.0 3878.0 2113000394
cell 2 11 -2.52 -2.01258279 0.1 0.09817477 302.0 2032.0 3782.0 3878.0 2113000395
cell 2 11 -2.52 -1.91440802 0.1 0.09817477 302.0 2032.0 3782.0 3878.0 2113000396
cell 2 11 -2.52 -1.81623325 0.1 0.09817477 302.0 2032.0 3782.0 3878.0 2113000397
cell 2 11 -2.52 -1.71805848 0.1 0.09817477 302.0 2032.0 3782.0 3878.0 2113000398
cell 2 11 -2.52 -1.61988371 0.1 0.09817477 302.0 2032.0 3782.0 3878.0 2113000399
cell 2 11 -2.52 -1.52170894 0.1 0.09817477 302.0 2032.0 3782.0 3878.0 2113000400
cell 2 11 -2.52 -1.42353417 0.1 0.09817477 302.0 2032.0 3782.0 3878.0 2113000401
cell 2 11 -2.52 -1.3253594 0.1 0.09817477 302.0 2032.0 3782.0 3878.0 2113000402
cell 2 11 -2.52 -1.22718463 0.1 0.09817477 302.0 2032.0 3782.0 3878.0 2113000403
cell 2 11 -2.52 -1.12900986 0.1 0.09817477 302.0 2032.0 3782.0 3878.0 2113000404
cell 2 11 -2.52 -1.03083509 0.1 0.09817477 302.0 2032.0 3782.0 3878.0 2113000405
cell 2 11 -2.52 -0.93266032 0.1 0.09817477 302.0 2032.0 3782.0 3878.0 2113000406
cell 2 11 -2.52 -0.83448555 0.1 0.09817477 302.0 2032.0 3782.0 3878.0 2113000407
cell 2 11 -2.52 -0.73631078 0.1 0.09817477 302.0 2032.0 3782.0 3878.0 2113000408
cell 2 11 -2.52 -0.63813601 0.1 0.09817477 302.0 2032.0 3782.0 3878.0 2113000409
cell 2 11 -2.52 -0.53996124 0.1 0.09817477 302.0 2032.0 3782.0 3878.0 2113000410
cell 2 11 -2.52 -0.44178647 0.1 0.09817477 302.0 2032.0 3782.0 3878.0 2113000411
cell 2 11 -2.52 -0.3436117 0.1 0.09817477 302.0 2032.0 3782.0 3878.0 2113000412
cell 2 11 -2.52 -0.24543693 0.1 0.09817477 302.0 2032.0 3782.0 3878.0 2113000413
cell 2 11 -2.52 -0.14726216 0.1 0.09817477 302.0 2032.0 3782.0 3878.0 2113000414
cell 2 11 -2.52 -0.04908739 0.1 0.09817477 302.0 2032.0 3782.0 3878.0 2113000415
cell 2 11 -2.52 0.04908739 0.1 0.09817477 302.0 2032.0 3782.0 3878.0 2113000416
cell 2 11 -2.52 0.14726216 0.1 0.09817477 302.0 2032.0 3782.0 3878.0 2113000417
cell 2 11 -2.52 0.24543693 0.1 0.09817477 302.0 2032.0 3782.0 3878.0 2113000418
cell 2 11 -2.52 0.3436117 0.1 0.09817477 302.0 2032.0 3782.0 3878.0 2113000419
cell 2 11 -2.52 0.44178647 0.1 0.09817477 302.0 2032.0 3782.0 3878.0 2113000420
cell 2 11 -2.52 0.53996124 0.1 0.09817477 302.0 2032.0 3782.0 3878.0 2113000421
cell 2 11 -2.52 0.63813601 0.1 0.09817477 302.0 2032.0 3782.0 3878.0 2113000422
cell 2 11 -2.52 0.73631078 0.1 0.09817477 302.0 2032.0 3782.0 3878.0 2113000423
cell 2 11 -2.52 0.83448555 0.1 0.09817477 302.0 2032.0 3782.0 3878.0 2113000424
cell 2 11 -2.52 0.93266032 0.1 0.09817477 302.0 2032.0 3782.0 3878.0 2113000425
cell 2 11 -2.52 1.03083509 0.1 0.09817477 302.0 2032.0 3782.0 3878.0 2113000426
cell 2 11 -2.52 1.12900986 0.1 0.09817477 302.0 2032.0 3782.0 3878.0 2113000427
cell 2 11 -2.52 1.22718463 0.1 0.09817477 302.0 2032.0 3782.0 3878.0 2113000428
cell 2 11 -2.52 1.3253594 0.1 0.09817477 302.0 2032.0 3782.0 3878.0 2113000429
cell 2 11 -2.52 1.42353417 0.1 0.09817477 302.0 2032.0 3782.0 3878.0 2113000430
cell 2 11 -2.52 1.52170894 0.1 0.09817477 302.0 2032.0 3782.0 3878.0 2113000431
cell 2 11 -2.52 1.61988371 0.1 0.09817477 302.0 2032.0 3782.0 3878.0 2113000432
cell 2 11 -2.52 1.71805848 0.1 0.09817477 302.0 2032.0 3782.0 3878.0 2113000433
cell 2 11 -2.52 1.81623325 0.1 0.09817477 302.0 2032.0 3782.0 3878.0 2113000434
cell 2 11 -2.52 1.91440802 0.1 0.09817477 302.0 2032.0 3782.0 3878.0 2113000435
cell 2 11 -2.52 2.01258279 0.1 0.09817477 302.0 2032.0 3782.0 3878.0 2113000436
cell 2 11 -2.52 2.11075756 0.1 0.09817477 302.0 2032.0 3782.0 3878.0 2113000437
cell 2 11 -2.52 2.20893233 0.1 0.09817477 302.0 2032.0 3782.0 3878.0 2113000438
cell 2 11 -2.52 2.3071071 0.1 0.09817477 302.0 2032.0 3782.0 3878.0 2113000439
cell 2 11 -2.52 2.40528188 0.1 0.09817477 302.0 2032.0 3782.0 3878.0 2113000440
cell 2 11 -2.52 2.50345665 0.1 0.09817477 302.0 2032.0 3782.0 3878.0 2113000441
cell 2 11 -2.52 2.60163142 0.1 0.09817477 302.0 2032.0 3782.0 3878.0 2113000442
cell 2 11 -2.52 2.69980619 0.1 0.09817477 302.0 2032.0 3782.0 3878.0 2113000443
cell 2 11 -2.52 2.79798096 0.1 0.09817477 302.0 2032.0 3782.0 3878.0 2113000444
cell 2 11 -2.52 2.89615573 0.1 0.09817477 302.0 2032.0 3782.0 3878.0 2113000445
cell 2 11 -2.52 2.9943305 0.1 0.09817477 302.0 2032.0 3782.0 3878.0 2113000446
cell 2 11 -2.52 3.09250527 0.1 0.09817477 302.0 2032.0 3782.0 3878.0 2113000447
cell 2 11 -2.42 -3.09250527 0.1 0.09817477 302.0 2032.0 3782.0 3878.0 2113000448
cell 2 11 -2.42 -2.9943305 0.1 0.09817477 302.0 2032.0 3782.0 3878.0 2113000449
cell 2 11 -2.42 -2.89615573 0.1 0.09817477 302.0 2032.0 3782.0 3878.0 2113000450
cell 2 11 -2.42 -2.79798096 0.1 0.09817477 302.0 2032.0 3782.0 3878.0 2113000451
cell 2 11 -2.42 -2.69980619 0.1 0.09817477 302.0 2032.0 3782.0 3878.0 2113000452
cell 2 11 -2.42 -2.60163142 0.1 0.09817477 302.0 2032.0 3782.0 3878.0 2113000453
cell 2 11 -2.42 -2.50345665 0.1 0.09817477 302.0 2032.0 3782.0 3878.0 2113000454
cell 2 11 -2.42 -2.40528188 0.1 0.09817477 302.0 2032.0 3782.0 3878.0 2113000455
cell 2 11 -2.42 -2.3071071 0.1 0.09817477 302.0 2032.0 3782.0 3878.0 2113000456
cell 2 11 -2.42 -2.20893233 0.1 0.09817477 302.0 2032.0 3782.0 3878.0 2113000457
cell 2 11 -2.42 -2.11075756 0.1 0.09817477 302.0 2032.0 3782.0 3878.0 2113000458
cell 2 11 -2.42 -2.01258279 0.1 0.09817477 302.0 2032.0 3782.0 3878.0 2113000459
cell 2 11 -2.42 -1.91440802 0.1 0.09817477 302.0 2032.0 3782.0 3878.0 2113000460
cell 2 11 -2.42 -1.81623325 0.1 0.09817477 302.0 2032.0 3782.0 3878.0 2113000461
cell 2 11 -2.42 -1.71805848 0.1 0.09817477 302.0 2032.0 3782.0 3878.0 2113000462
cell 2 11 -2.42 -1.61988371 0.1 0.09817477 302.0 2032.0 3782.0 3878.0 2113000463
cell 2 11 -2.42 -1.52170894 0.1 0.09817477 302.0 2032.0 3782.0 3878.0 2113000464
cell 2 11 -2.42 -1.42353417 0.1 0.09817477 302.0 2032.0 3782.0 3878.0 2113000465
cell 2 11 -2.42 -1.3253594 0.1 0.09817477 302.0 2032.0 3782.0 3878.0 2113000466
cell 2 11 -2.42 -1.22718463 0.1 0.09817477 302.0 2032.0 3782.0 3878.0 2113000467
cell 2 11 -2.42 -1.12900986 0.1 0.09817477 302.0 2032.0 3782.0 3878.0 2113000468
cell 2 11 -2.42 -1.03083509 0.1 0.09817477 302.0 2032.0 3782.0 3878.0 2113000469
cell 2 11 -2.42 -0.93266032 0.1 0.09817477 302.0 2032.0 3782.0 3878.0 2113000470
cell 2 11 -2.42 -0.83448555 0.1 0.09817477 302.0 2032.0 3782.0 3878.0 2113000471
cell 2 11 -2.42 -0.73631078 0.1 0.09817477 302.0 2032.0 3782.0 3878.0 2113000472
cell 2 11 -2.42 -0.63813601 0.1 0.09817477 302.0 2032.0 3782.0 3878.0 2113000473
cell 2 11 -2.42 -0.53996124 0.1 0.09817477 302.0 2032.0 3782.0 3878.0 2113000474
cell 2 11 -2.42 -0.44178647 0.1 0.09817477 302.0 2032.0 3782.0 3878.0 2113000475
cell 2 11 -2.42 -0.3436117 0.1 0.09817477 302.0 2032.0 3782.0 3878.0 2113000476
cell 2 11 -2.42 -0.24543693 0.1 0.09817477 302.0 2032.0 3782.0 3878.0 2113000477
cell 2 11 -2.42 -0.14726216 0.1 0.09817477 302.0 2032.0 3782.0 3878.0 2113000478
cell 2 11 -2.42 -0.04908739 0.1 0.09817477 302.0 2032.0 3782.0 3878.0 2113000479
cell 2 11 -2.42 0.04908739 0.1 0.09817477 302.0 2032.0 3782.0 3878.0 2113000480
cell 2 11 -2.42 0.14726216 0.1 0.09817477 302.0 2032.0 3782.0 3878.0 2113000481
cell 2 11 -2.42 0.24543693 0.1 0.09817477 302.0 2032.0 3782.0 3878.0 2113000482
cell 2 11 -2.42 0.3436117 0.1 0.09817477 302.0 2032.0 3782.0 3878.0 2113000483
cell 2 11 -2.42 0.44178647 0.1 0.09817477 302.0 2032.0 3782.0 3878.0 2113000484
cell 2 11 -2.42 0.53996124 0.1 0.09817477 302.0 2032.0 3782.0 3878.0 2113000485
cell 2 11 -2.42 0.63813601 0.1 0.09817477 302.0 2032.0 3782.0 3878.0 2113000486
cell 2 11 -2.42 0.73631078 0.1 0.09817477 302.0 2032.0 3782.0 3878.0 2113000487
cell 2 11 -2.42 0.83448555 0.1 0.09817477 302.0 2032.0 3782.0 3878.0 2113000488
cell 2 11 -2.42 0.93266032 0.1 0.09817477 302.0 2032.0 3782.0 3878.0 2113000489
cell 2 11 -2.42 1.03083509 0.1 0.09817477 302.0 2032.0 3782.0 3878.0 2113000490
cell 2 11 -2.42 1.12900986 0.1 0.09817477 302.0 2032.0 3782.0 3878.0 2113000491
cell 2 11 -2.42 1.22718463 0.1 0.09817477 302.0 2032.0 3782.0 3878.0 2113000492
cell 2 11 -2.42 1.3253594 0.1 0.09817477 302.0 2032.0 3782.0 3878.0 2113000493
cell 2 11 -2.42 1.42353417 0.1 0.09817477 302.0 2032.0 3782.0 3878.0 2113000494
cell 2 11 -2.42 1.52170894 0.1 0.09817477 302.0 2032.0 3782.0 3878.0 2113000495
cell 2 11 -2.42 1.61988371 0.1 0.09817477 302.0 2032.0 3782.0 3878.0 2113000496
cell 2 11 -2.42 1.71805848 0.1 0.09817477 302.0 2032.0 3782.0 3878.0 2113000497
cell 2 11 -2.42 1.81623325 0.1 0.09817477 302.0 2032.0 3782.0 3878.0 2113000498
cell 2 11 -2.42 1.91440802 0.1 0.09817477 302.0 2032.0 3782.0 3878.0 2113000499
cell 2 11 -2.42 2.01258279 0.1 0.09817477 302.0 2032.0 3782.0 3878.0 2113000500
cell 2 11 -2.42 2.11075756 0.1 0.09817477 302.0 2032.0 3782.0 3878.0 2113000501
cell 2 11 -2.42 2.20893233 0.1 0.09817477 302.0 2032.0 3782.0 3878.0 2113000502
cell 2 11 -2.42 2.3071071 0.1 0.09817477 302.0 2032.0 3782.0 3878.0 2113000503
cell 2 11 -2.42 2.40528188 0.1 0.09817477 302.0 2032.0 3782.0 3878.0 2113000504
cell 2 11 -2.42 2.50345665 0.1 0.09817477 302.0 2032.0 3782.0 3878.0 2113000505
cell 2 11 -2.42 2.60163142 0.1 0.09817477 302.0 2032.0 3782.0 3878.0 2113000506
cell 2 11 -2.42 2.69980619 0.1 0.09817477 302.0 2032.0 3782.0 3878.0 2113000507
cell 2 11 -2.42 2.79798096 0.1 0.09817477 302.0 2032.0 3782.0 3878.0 2113000508
cell 2 11 -2.42 2.89615573 0.1 0.09817477 302.0 2032.0 3782.0 3878.0 2113000509
cell 2 11 -2.42 2.9943305 0.1 0.09817477 302.0 2032.0 3782.0 3878.0 2113000510
cell 2 11 -2.42 3.09250527 0.1 0.09817477 302.0 2032.0 3782.0 3878.0 2113000511
cell 2 11 2.42 -3.09250527 0.1 0.09817477 302.0 2032.0 3782.0 3878.0 2113000576
cell 2 11 2.42 -2.9943305 0.1 0.09817477 302.0 2032.0 3782.0 3878.0 2113000577
cell 2 11 2.42 -2.89615573 0.1 0.09817477 302.0 2032.0 3782.0 3878.0 2113000578
cell 2 11 2.42 -2.79798096 0.1 0.09817477 302.0 2032.0 3782.0 3878.0 2113000579
cell 2 11 2.42 -2.69980619 0.1 0.09817477 302.0 2032.0 3782.0 3878.0 2113000580
cell 2 11 2.42 -2.60163142 0.1 0.09817477 302.0 2032.0 3782.0 3878.0 2113000581
cell 2 11 2.42 -2.50345665 0.1 0.09817477 302.0 2032.0 3782.0 3878.0 2113000582
cell 2 11 2.42 -2.40528188 0.1 0.09817477 302.0 2032.0 3782.0 3878.0 2113000583
cell 2 11 2.42 -2.3071071 0.1 0.09817477 302.0 2032.0 3782.0 3878.0 2113000584
cell 2 11 2.42 -2.20893233 0.1 0.09817477 302.0 2032.0 3782.0 3878.0 2113000585
cell 2 11 2.42 -2.11075756 0.1 0.09817477 302.0 2032.0 3782.0 3878.0 2113000586
cell 2 11 2.42 -2.01258279 0.1 0.09817477 302.0 2032.0 3782.0 3878.0 2113000587
cell 2 11 2.42 -1.91440802 0.1 0.09817477 302.0 2032.0 3782.0 3878.0 2113000588
cell 2 11 2.42 -1.81623325 0.1 0.09817477 302.0 2032.0 3782.0 3878.0 2113000589
cell 2 11 2.42 -1.71805848 0.1 0.09817477 302.0 2032.0 3782.0 3878.0 2113000590
cell 2 11 2.42 -1.61988371 0.1 0.09817477 302.0 2032.0 3782.0 3878.0 2113000591
cell 2 11 2.42 -1.52170894 0.1 0.09817477 302.0 2032.0 3782.0 3878.0 2113000592
cell 2 11 2.42 -1.42353417 0.1 0.09817477 302.0 2032.0 3782.0 3878.0 2113000593
cell 2 11 2.42 -1.3253594 0.1 0.09817477 302.0 2032.0 3782.0 3878.0 2113000594
cell 2 11 2.42 -1.22718463 0.1 0.09817477 302.0 2032.0 3782.0 3878.0 2113000595
cell 2 11 2.42 -1.12900986 0.1 0.09817477 302.0 2032.0 3782.0 3878.0 2113000596
cell 2 11 2.42 -1.03083509 0.1 0.09817477 302.0 2032.0 3782.0 3878.0 2113000597
cell 2 11 2.42 -0.93266032 0.1 0.09817477 302.0 2032.0 3782.0 3878.0 2113000598
cell 2 11 2.42 -0.83448555 0.1 0.09817477 302.0 2032.0 3782.0 3878.0 2113000599
cell 2 11 2.42 -0.73631078 0.1 0.09817477 302.0 2032.0 3782.0 3878.0 2113000600
cell 2 11 2.42 -0.63813601 0.1 0.09817477 302.0 2032.0 3782.0 3878.0 2113000601
cell 2 11 2.42 -0.53996124 0.1 0.09817477 302.0 2032.0 3782.0 3878.0 2113000602
cell 2 11 2.42 -0.44178647 0.1 0.09817477 302.0 2032.0 3782.0 3878.0 2113000603
cell 2 11 2.42 -0.3436117 0.1 0.09817477 302.0 2032.0 3782.0 3878.0 2113000604
cell 2 11 2.42 -0.24543693 0.1 0.09817477 302.0 2032.0 3782.0 3878.0 2113000605
cell 2 11 2.42 -0.14726216 0.1 0.09817477 302.0 2032.0 3782.0 3878.0 2113000606
cell 2 11 2.42 -0.04908739 0.1 0.09817477 302.0 2032.0 3782.0 3878.0 2113000607
cell 2 11 2.42 0.04908739 0.1 0.09817477 302.0 2032.0 3782.0 3878.0 2113000608
cell 2 11 2.42 0.14726216 0.1 0.09817477 302.0 2032.0 3782.0 3878.0 2113000609
cell 2 11 2.42 0.24543693 0.1 0.09817477 302.0 2032.0 3782.0 3878.0 2113000610
cell 2 11 2.42 0.3436117 0.1 0.09817477 302.0 2032.0 3782.0 3878.0 2113000611
cell 2 11 2.42 0.44178647 0.1 0.09817477 302.0 2032.0 3782.0 3878.0 2113000612
cell 2 11 2.42 0.53996124 0.1 0.09817477 302.0 2032.0 3782.0 3878.0 2113000613
cell 2 11 2.42 0.63813601 0.1 0.09817477 302.0 2032.0 3782.0 3878.0 2113000614
cell 2 11 2.42 0.73631078 0.1 0.09817477 302.0 2032.0 3782.0 3878.0 2113000615
cell 2 11 2.42 0.83448555 0.1 0.09817477 302.0 2032.0 3782.0 3878.0 2113000616
cell 2 11 2.42 0.93266032 0.1 0.09817477 302.0 2032.0 3782.0 3878.0 2113000617
cell 2 11 2.42 1.03083509 0.1 0.09817477 302.0 2032.0 3782.0 3878.0 2113000618
cell 2 11 2.42 1.12900986 0.1 0.09817477 302.0 2032.0 3782.0 3878.0 2113000619
cell 2 11 2.42 1.22718463 0.1 0.09817477 302.0 2032.0 3782.0 3878.0 2113000620
cell 2 11 2.42 1.3253594 0.1 0.09817477 302.0 2032.0 3782.0 3878.0 2113000621
cell 2 11 2.42 1.42353417 0.1 0.09817477 302.0 2032.0 3782.0 3878.0 2113000622
cell 2 11 2.42 1.52170894 0.1 0.09817477 302.0 2032.0 3782.0 3878.0 2113000623
cell 2 11 2.42 1.61988371 0.1 0.09817477 302.0 2032.0 3782.0 3878.0 2113000624
cell 2 11 2.42 1.71805848 0.1 0.09817477 302.0 2032.0 3782.0 3878.0 2113000625
cell 2 11 2.42 1.81623325 0.1 0.09817477 302.0 2032.0 3782.0 3878.0 2113000626
cell 2 11 2.42 1.91440802 0.1 0.09817477 302.0 2032.0 3782.0 3878.0 2113000627
cell 2 11 2.42 2.01258279 0.1 0.09817477 302.0 2032.0 3782.0 3878.0 2113000628
cell 2 11 2.42 2.11075756 0.1 0.09817477 302.0 2032.0 3782.0 3878.0 2113000629
cell 2 11 2.42 2.20893233 0.1 0.09817477 302.0 2032.0 3782.0 3878.0 2113000630
cell 2 11 2.42 2.3071071 0.1 0.09817477 302.0 2032.0 3782.0 3878.0 2113000631
cell 2 11 2.42 2.40528188 0.1 0.09817477 302.0 2032.0 3782.0 3878.0 2113000632
cell 2 11 2.42 2.50345665 0.1 0.09817477 302.0 2032.0 3782.0 3878.0 2113000633
cell 2 11 2.42 2.60163142 0.1 0.09817477 302.0 2032.0 3782.0 3878.0 2113000634
cell 2 11 2.42 2.69980619 0.1 0.09817477 302.0 2032.0 3782.0 3878.0 2113000635
cell 2 11 2.42 2.79798096 0.1 0.09817477 302.0 2032.0 3782.0 3878.0 2113000636
cell 2 11 2.42 2.89615573 0.1 0.09817477 302.0 2032.0 3782.0 3878.0 2113000637
cell 2 11 2.42 2.9943305 0.1 0.09817477 302.0 2032.0 3782.0 3878.0 2113000638
cell 2 11 2.42 3.09250527 0.1 0.09817477 302.0 2032.0 3782.0 3878.0 2113000639
cell 2 11 2.52 -3.09250527 0.1 0.09817477 302.0 2032.0 3782.0 3878.0 2113000640
cell 2 11 2.52 -2.9943305 0.1 0.09817477 302.0 2032.0 3782.0 3878.0 2113000641
cell 2 11 2.52 -2.89615573 0.1 0.09817477 302.0 2032.0 3782.0 3878.0 2113000642
cell 2 11 2.52 -2.79798096 0.1 0.09817477 302.0 2032.0 3782.0 3878.0 2113000643
cell 2 11 2.52 -2.69980619 0.1 0.09817477 302.0 2032.0 3782.0 3878.0 2113000644
cell 2 11 2.52 -2.60163142 0.1 0.09817477 302.0 2032.0 3782.0 3878.0 2113000645
cell 2 11 2.52 -2.50345665 0.1 0.09817477 302.0 2032.0 3782.0 3878.0 2113000646
cell 2 11 2.52 -2.40528188 0.1 0.09817477 302.0 2032.0 3782.0 3878.0 2113000647
cell 2 11 2.52 -2.3071071 0.1 0.09817477 302.0 2032.0 3782.0 3878.0 2113000648
cell 2 11 2.52 -2.20893233 0.1 0.09817477 302.0 2032.0 3782.0 3878.0 2113000649
cell 2 11 2.52 -2.11075756 0.1 0.09817477 302.0 2032.0 3782.0 3878.0 2113000650
cell 2 11 2.52 -2.01258279 0.1 0.09817477 302.0 2032.0 3782.0 3878.0 2113000651
cell 2 11 2.52 -1.91440802 0.1 0.09817477 302.0 2032.0 3782.0 3878.0 2113000652
cell 2 11 2.52 -1.81623325 0.1 0.09817477 302.0 2032.0 3782.0 3878.0 2113000653
cell 2 11 2.52 -1.71805848 0.1 0.09817477 302.0 2032.0 3782.0 3878.0 2113000654
cell 2 11 2.52 -1.61988371 0.1 0.09817477 302.0 2032.0 3782.0 3878.0 2113000655
cell 2 11 2.52 -1.52170894 0.1 0.09817477 302.0 2032.0 3782.0 3878.0 2113000656
cell 2 11 2.52 -1.42353417 0.1 0.09817477 302.0 2032.0 3782.0 3878.0 2113000657
cell 2 11 2.52 -1.3253594 0.1 0.09817477 302.0 2032.0 3782.0 3878.0 2113000658
cell 2 11 2.52 -1.22718463 0.1 0.09817477 302.0 2032.0 3782.0 3878.0 2113000659
cell 2 11 2.52 -1.12900986 0.1 0.09817477 302.0 2032.0 3782.0 3878.0 2113000660
cell 2 11 2.52 -1.03083509 0.1 0.09817477 302.0 2032.0 3782.0 3878.0 2113000661
cell 2 11 2.52 -0.93266032 0.1 0.09817477 302.0 2032.0 3782.0 3878.0 2113000662
cell 2 11 2.52 -0.83448555 0.1 0.09817477 302.0 2032.0 3782.0 3878.0 2113000663
cell 2 11 2.52 -0.73631078 0.1 0.09817477 302.0 2032.0 3782.0 3878.0 2113000664
cell 2 11 2.52 -0.63813601 0.1 0.09817477 302.0 2032.0 3782.0 3878.0 2113000665
cell 2 11 2.52 -0.53996124 0.1 0.09817477 302.0 2032.0 3782.0 3878.0 2113000666
cell 2 11 2.52 -0.44178647 0.1 0.09817477 302.0 2032.0 3782.0 3878.0 2113000667
cell 2 11 2.52 -0.3436117 0.1 0.09817477 302.0 2032.0 3782.0 3878.0 2113000668
cell 2 11 2.52 -0.24543693 0.1 0.09817477 302.0 2032.0 3782.0 3878.0 2113000669
cell 2 11 2.52 -0.14726216 0.1 0.09817477 302.0 2032.0 3782.0 3878.0 2113000670
cell 2 11 2.52 -0.04908739 0.1 0.09817477 302.0 2032.0 3782.0 3878.0 2113000671
cell 2 11 2.52 0.04908739 0.1 0.09817477 302.0 2032.0 3782.0 3878.0 2113000672
cell 2 11 2.52 0.14726216 0.1 0.09817477 302.0 2032.0 3782.0 3878.0 2113000673
cell 2 11 2.52 0.24543693 0.1 0.09817477 302.0 2032.0 3782.0 3878.0 2113000674
cell 2 11 2.52 0.3436117 0.1 0.09817477 302.0 2032.0 3782.0 3878.0 2113000675
cell 2 11 2.52 0.44178647 0.1 0.09817477 302.0 2032.0 3782.0 3878.0 2113000676
cell 2 11 2.52 0.53996124 0.1 0.09817477 302.0 2032.0 3782.0 3878.0 2113000677
cell 2 11 2.52 0.63813601 0.1 0.09817477 302.0 2032.0 3782.0 3878.0 2113000678
cell 2 11 2.52 0.73631078 0.1 0.09817477 302.0 2032.0 3782.0 3878.0 2113000679
cell 2 11 2.52 0.83448555 0.1 0.09817477 302.0 2032.0 3782.0 3878.0 2113000680
cell 2 11 2.52 0.93266032 0.1 0.09817477 302.0 2032.0 3782.0 3878.0 2113000681
cell 2 11 2.52 1.03083509 0.1 0.09817477 302.0 2032.0 3782.0 3878.0 2113000682
cell 2 11 2.52 1.12900986 0.1 0.09817477 302.0 2032.0 3782.0 3878.0 2113000683
cell 2 11 2.52 1.22718463 0.1 0.09817477 302.0 2032.0 3782.0 3878.0 2113000684
cell 2 11 2.52 1.3253594 0.1 0.09817477 302.0 2032.0 3782.0 3878.0 2113000685
cell 2 11 2.52 1.42353417 0.1 0.09817477 302.0 2032.0 3782.0 3878.0 2113000686
cell 2 11 2.52 1.52170894 0.1 0.09817477 302.0 2032.0 3782.0 3878.0 2113000687
cell 2 11 2.52 1.61988371 0.1 0.09817477 302.0 2032.0 3782.0 3878.0 2113000688
cell 2 11 2.52 1.71805848 0.1 0.09817477 302.0 2032.0 3782.0 3878.0 2113000689
cell 2 11 2.52 1.81623325 0.1 0.09817477 302.0 2032.0 3782.0 3878.0 2113000690
cell 2 11 2.52 1.91440802 0.1 0.09817477 302.0 2032.0 3782.0 3878.0 2113000691
cell 2 11 2.52 2.01258279 0.1 0.09817477 302.0 2032.0 3782.0 3878.0 2113000692
cell 2 11 2.52 2.11075756 0.1 0.09817477 302.0 2032.0 3782.0 3878.0 2113000693
cell 2 11 2.52 2.20893233 0.1 0.09817477 302.0 2032.0 3782.0 3878.0 2113000694
cell 2 11 2.52 2.3071071 0.1 0.09817477 302.0 2032.0 3782.0 3878.0 2113000695
cell 2 11 2.52 2.40528188 0.1 0.09817477 302.0 2032.0 3782.0 3878.0 2113000696
cell 2 11 2.52 2.50345665 0.1 0.09817477 302.0 2032.0 3782.0 3878.0 2113000697
cell 2 11 2.52 2.60163142 0.1 0.09817477 302.0 2032.0 3782.0 3878.0 2113000698
cell 2 11 2.52 2.69980619 0.1 0.09817477 302.0 2032.0 3782.0 3878.0 2113000699
cell 2 11 2.52 2.79798096 0.1 0.09817477 302.0 2032.0 3782.0 3878.0 2113000700
cell 2 11 2.52 2.89615573 0.1 0.09817477 302.0 2032.0 3782.0 3878.0 2113000701
cell 2 11 2.52 2.9943305 0.1 0.09817477 302.0 2032.0 3782.0 3878.0 2113000702
cell 2 11 2.52 3.09250527 0.1 0.09817477 302.0 2032.0 3782.0 3878.0 2113000703
cell 2 11 2.62 -3.09250527 0.1 0.09817477 302.0 2032.0 3782.0 3878.0 2113000704
cell 2 11 2.62 -2.9943305 0.1 0.09817477 302.0 2032.0 3782.0 3878.0 2113000705
cell 2 11 2.62 -2.89615573 0.1 0.09817477 302.0 2032.0 3782.0 3878.0 2113000706
cell 2 11 2.62 -2.79798096 0.1 0.09817477 302.0 2032.0 3782.0 3878.0 2113000707
cell 2 11 2.62 -2.69980619 0.1 0.09817477 302.0 2032.0 3782.0 3878.0 2113000708
cell 2 11 2.62 -2.60163142 0.1 0.09817477 302.0 2032.0 3782.0 3878.0 2113000709
cell 2 11 2.62 -2.50345665 0.1 0.09817477 302.0 2032.0 3782.0 3878.0 2113000710
cell 2 11 2.62 -2.40528188 0.1 0.09817477 302.0 2032.0 3782.0 3878.0 2113000711
cell 2 11 2.62 -2.3071071 0.1 0.09817477 302.0 2032.0 3782.0 3878.0 2113000712
cell 2 11 2.62 -2.20893233 0.1 0.09817477 302.0 2032.0 3782.0 3878.0 2113000713
cell 2 11 2.62 -2.11075756 0.1 0.09817477 302.0 2032.0 3782.0 3878.0 2113000714
cell 2 11 2.62 -2.01258279 0.1 0.09817477 302.0 2032.0 3782.0 3878.0 2113000715
cell 2 11 2.62 -1.91440802 0.1 0.09817477 302.0 2032.0 3782.0 3878.0 2113000716
cell 2 11 2.62 -1.81623325 0.1 0.09817477 302.0 2032.0 3782.0 3878.0 2113000717
cell 2 11 2.62 -1.71805848 0.1 0.09817477 302.0 2032.0 3782.0 3878.0 2113000718
cell 2 11 2.62 -1.61988371 0.1 0.09817477 302.0 2032.0 3782.0 3878.0 2113000719
cell 2 11 2.62 -1.52170894 0.1 0.09817477 302.0 2032.0 3782.0 3878.0 2113000720
cell 2 11 2.62 -1.42353417 0.1 0.09817477 302.0 2032.0 3782.0 3878.0 2113000721
cell 2 11 2.62 -1.3253594 0.1 0.09817477 302.0 2032.0 3782.0 3878.0 2113000722
cell 2 11 2.62 -1.22718463 0.1 0.09817477 302.0 2032.0 3782.0 3878.0 2113000723
cell 2 11 2.62 -1.12900986 0.1 0.09817477 302.0 2032.0 3782.0 3878.0 2113000724
cell 2 11 2.62 -1.03083509 0.1 0.09817477 302.0 2032.0 3782.0 3878.0 2113000725
cell 2 11 2.62 -0.93266032 0.1 0.09817477 302.0 2032.0 3782.0 3878.0 2113000726
cell 2 11 2.62 -0.83448555 0.1 0.09817477 302.0 2032.0 3782.0 3878.0 2113000727
cell 2 11 2.62 -0.73631078 0.1 0.09817477 302.0 2032.0 3782.0 3878.0 2113000728
cell 2 11 2.62 -0.63813601 0.1 0.09817477 302.0 2032.0 3782.0 3878.0 2113000729
cell 2 11 2.62 -0.53996124 0.1 0.09817477 302.0 2032.0 3782.0 3878.0 2113000730
cell 2 11 2.62 -0.44178647 0.1 0.09817477 302.0 2032.0 3782.0 3878.0 2113000731
cell 2 11 2.62 -0.3436117 0.1 0.09817477 302.0 2032.0 3782.0 3878.0 2113000732
cell 2 11 2.62 -0.24543693 0.1 0.09817477 302.0 2032.0 3782.0 3878.0 2113000733
cell 2 11 2.62 -0.14726216 0.1 0.09817477 302.0 2032.0 3782.0 3878.0 2113000734
cell 2 11 2.62 -0.04908739 0.1 0.09817477 302.0 2032.0 3782.0 3878.0 2113000735
cell 2 11 2.62 0.04908739 0.1 0.09817477 302.0 2032.0 3782.0 3878.0 2113000736
cell 2 11 2.62 0.14726216 0.1 0.09817477 302.0 2032.0 3782.0 3878.0 2113000737
cell 2 11 2.62 0.24543693 0.1 0.09817477 302.0 2032.0 3782.0 3878.0 2113000738
cell 2 11 2.62 0.3436117 0.1 0.09817477 302.0 2032.0 3782.0 3878.0 2113000739
cell 2 11 2.62 0.44178647 0.1 0.09817477 302.0 2032.0 3782.0 3878.0 2113000740
cell 2 11 2.62 0.53996124 0.1 0.09817477 302.0 2032.0 3782.0 3878.0 2113000741
cell 2 11 2.62 0.63813601 0.1 0.09817477 302.0 2032.0 3782.0 3878.0 2113000742
cell 2 11 2.62 0.73631078 0.1 0.09817477 302.0 2032.0 3782.0 3878.0 2113000743
cell 2 11 2.62 0.83448555 0.1 0.09817477 302.0 2032.0 3782.0 3878.0 2113000744
cell 2 11 2.62 0.93266032 0.1 0.09817477 302.0 2032.0 3782.0 3878.0 2113000745
cell 2 11 2.62 1.03083509 0.1 0.09817477 302.0 2032.0 3782.0 3878.0 2113000746
cell 2 11 2.62 1.12900986 0.1 0.09817477 302.0 2032.0 3782.0 3878.0 2113000747
cell 2 11 2.62 1.22718463 0.1 0.09817477 302.0 2032.0 3782.0 3878.0 2113000748
cell 2 11 2.62 1.3253594 0.1 0.09817477 302.0 2032.0 3782.0 3878.0 2113000749
cell 2 11 2.62 1.42353417 0.1 0.09817477 302.0 2032.0 3782.0 3878.0 2113000750
cell 2 11 2.62 1.52170894 0.1 0.09817477 302.0 2032.0 3782.0 3878.0 2113000751
cell 2 11 2.62 1.61988371 0.1 0.09817477 302.0 2032.0 3782.0 3878.0 2113000752
cell 2 11 2.62 1.71805848 0.1 0.09817477 302.0 2032.0 3782.0 3878.0 2113000753
cell 2 11 2.62 1.81623325 0.1 0.09817477 302.0 2032.0 3782.0 3878.0 2113000754
cell 2 11 2.62 1.91440802 0.1 0.09817477 302.0 2032.0 3782.0 3878.0 2113000755
cell 2 11 2.62 2.01258279 0.1 0.09817477 302.0 2032.0 3782.0 3878.0 2113000756
cell 2 11 2.62 2.11075756 0.1 0.09817477 302.0 2032.0 3782.0 3878.0 2113000757
cell 2 11 2.62 2.20893233 0.1 0.09817477 302.0 2032.0 3782.0 3878.0 2113000758
cell 2 11 2.62 2.3071071 0.1 0.09817477 302.0 2032.0 3782.0 3878.0 2113000759
cell 2 11 2.62 2.40528188 0.1 0.09817477 302.0 2032.0 3782.0 3878.0 2113000760
cell 2 11 2.62 2.50345665 0.1 0.09817477 302.0 2032.0 3782.0 3878.0 2113000761
cell 2 11 2.62 2.60163142 0.1 0.09817477 302.0 2032.0 3782.0 3878.0 2113000762
cell 2 11 2.62 2.69980619 0.1 0.09817477 302.0 2032.0 3782.0 3878.0 2113000763
cell 2 11 2.62 2.79798096 0.1 0.09817477 302.0 2032.0 3782.0 3878.0 2113000764
cell 2 11 2.62 2.89615573 0.1 0.09817477 302.0 2032.0 3782.0 3878.0 2113000765
cell 2 11 2.62 2.9943305 0.1 0.09817477 302.0 2032.0 3782.0 3878.0 2113000766
cell 2 11 2.62 3.09250527 0.1 0.09817477 302.0 2032.0 3782.0 3878.0 2113000767
cell 2 11 2.72 -3.09250527 0.1 0.09817477 302.0 2032.0 3782.0 3878.0 2113000768
cell 2 11 2.72 -2.9943305 0.1 0.09817477 302.0 2032.0 3782.0 3878.0 2113000769
cell 2 11 2.72 -2.89615573 0.1 0.09817477 302.0 2032.0 3782.0 3878.0 2113000770
cell 2 11 2.72 -2.79798096 0.1 0.09817477 302.0 2032.0 3782.0 3878.0 2113000771
cell 2 11 2.72 -2.69980619 0.1 0.09817477 302.0 2032.0 3782.0 3878.0 2113000772
cell 2 11 2.72 -2.60163142 0.1 0.09817477 302.0 2032.0 3782.0 3878.0 2113000773
cell 2 11 2.72 -2.50345665 0.1 0.09817477 302.0 2032.0 3782.0 3878.0 2113000774
cell 2 11 2.72 -2.40528188 0.1 0.09817477 302.0 2032.0 3782.0 3878.0 2113000775
cell 2 11 2.72 -2.3071071 0.1 0.09817477 302.0 2032.0 3782.0 3878.0 2113000776
cell 2 11 2.72 -2.20893233 0.1 0.09817477 302.0 2032.0 3782.0 3878.0 2113000777
cell 2 11 2.72 -2.11075756 0.1 0.09817477 302.0 2032.0 3782.0 3878.0 2113000778
cell 2 11 2.72 -2.01258279 0.1 0.09817477 302.0 2032.0 3782.0 3878.0 2113000779
cell 2 11 2.72 -1.91440802 0.1 0.09817477 302.0 2032.0 3782.0 3878.0 2113000780
cell 2 11 2.72 -1.81623325 0.1 0.09817477 302.0 2032.0 3782.0 3878.0 2113000781
cell 2 11 2.72 -1.71805848 0.1 0.09817477 302.0 2032.0 3782.0 3878.0 2113000782
cell 2 11 2.72 -1.61988371 0.1 0.09817477 302.0 2032.0 3782.0 3878.0 2113000783
cell 2 11 2.72 -1.52170894 0.1 0.09817477 302.0 2032.0 3782.0 3878.0 2113000784
cell 2 11 2.72 -1.42353417 0.1 0.09817477 302.0 2032.0 3782.0 3878.0 2113000785
cell 2 11 2.72 -1.3253594 0.1 0.09817477 302.0 2032.0 3782.0 3878.0 2113000786
cell 2 11 2.72 -1.22718463 0.1 0.09817477 302.0 2032.0 3782.0 3878.0 2113000787
cell 2 11 2.72 -1.12900986 0.1 0.09817477 302.0 2032.0 3782.0 3878.0 2113000788
cell 2 11 2.72 -1.03083509 0.1 0.09817477 302.0 2032.0 3782.0 3878.0 2113000789
cell 2 11 2.72 -0.93266032 0.1 0.09817477 302.0 2032.0 3782.0 3878.0 2113000790
cell 2 11 2.72 -0.83448555 0.1 0.09817477 302.0 2032.0 3782.0 3878.0 2113000791
cell 2 11 2.72 -0.73631078 0.1 0.09817477 302.0 2032.0 3782.0 3878.0 2113000792
cell 2 11 2.72 -0.63813601 0.1 0.09817477 302.0 2032.0 3782.0 3878.0 2113000793
cell 2 11 2.72 -0.53996124 0.1 0.09817477 302.0 2032.0 3782.0 3878.0 2113000794
cell 2 11 2.72 -0.44178647 0.1 0.09817477 302.0 2032.0 3782.0 3878.0 2113000795
cell 2 11 2.72 -0.3436117 0.1 0.09817477 302.0 2032.0 3782.0 3878.0 2113000796
cell 2 11 2.72 -0.24543693 0.1 0.09817477 302.0 2032.0 3782.0 3878.0 2113000797
cell 2 11 2.72 -0.14726216 0.1 0.09817477 302.0 2032.0 3782.0 3878.0 2113000798
cell 2 11 2.72 -0.04908739 0.1 0.09817477 302.0 2032.0 3782.0 3878.0 2113000799
cell 2 11 2.72 0.04908739 0.1 0.09817477 302.0 2032.0 3782.0 3878.0 2113000800
cell 2 11 2.72 0.14726216 0.1 0.09817477 302.0 2032.0 3782.0 3878.0 2113000801
cell 2 11 2.72 0.24543693 0.1 0.09817477 302.0 2032.0 3782.0 3878.0 2113000802
cell 2 11 2.72 0.3436117 0.1 0.09817477 302.0 2032.0 3782.0 3878.0 2113000803
cell 2 11 2.72 0.44178647 0.1 0.09817477 302.0 2032.0 3782.0 3878.0 2113000804
cell 2 11 2.72 0.53996124 0.1 0.09817477 302.0 2032.0 3782.0 3878.0 2113000805
cell 2 11 2.72 0.63813601 0.1 0.09817477 302.0 2032.0 3782.0 3878.0 2113000806
cell 2 11 2.72 0.73631078 0.1 0.09817477 302.0 2032.0 3782.0 3878.0 2113000807
cell 2 11 2.72 0.83448555 0.1 0.09817477 302.0 2032.0 3782.0 3878.0 2113000808
cell 2 11 2.72 0.93266032 0.1 0.09817477 302.0 2032.0 3782.0 3878.0 2113000809
cell 2 11 2.72 1.03083509 0.1 0.09817477 302.0 2032.0 3782.0 3878.0 2113000810
cell 2 11 2.72 1.12900986 0.1 0.09817477 302.0 2032.0 3782.0 3878.0 2113000811
cell 2 11 2.72 1.22718463 0.1 0.09817477 302.0 2032.0 3782.0 3878.0 2113000812
cell 2 11 2.72 1.3253594 0.1 0.09817477 302.0 2032.0 3782.0 3878.0 2113000813
cell 2 11 2.72 1.42353417 0.1 0.09817477 302.0 2032.0 3782.0 3878.0 2113000814
cell 2 11 2.72 1.52170894 0.1 0.09817477 302.0 2032.0 3782.0 3878.0 2113000815
cell 2 11 2.72 1.61988371 0.1 0.09817477 302.0 2032.0 3782.0 3878.0 2113000816
cell 2 11 2.72 1.71805848 0.1 0.09817477 302.0 2032.0 3782.0 3878.0 2113000817
cell 2 11 2.72 1.81623325 0.1 0.09817477 302.0 2032.0 3782.0 3878.0 2113000818
cell 2 11 2.72 1.91440802 0.1 0.09817477 302.0 2032.0 3782.0 3878.0 2113000819
cell 2 11 2.72 2.01258279 0.1 0.09817477 302.0 2032.0 3782.0 3878.0 2113000820
cell 2 11 2.72 2.11075756 0.1 0.09817477 302.0 2032.0 3782.0 3878.0 2113000821
cell 2 11 2.72 2.20893233 0.1 0.09817477 302.0 2032.0 3782.0 3878.0 2113000822
cell 2 11 2.72 2.3071071 0.1 0.09817477 302.0 2032.0 3782.0 3878.0 2113000823
cell 2 11 2.72 2.40528188 0.1 0.09817477 302.0 2032.0 3782.0 3878.0 2113000824
cell 2 11 2.72 2.50345665 0.1 0.09817477 302.0 2032.0 3782.0 3878.0 2113000825
cell 2 11 2.72 2.60163142 0.1 0.09817477 302.0 2032.0 3782.0 3878.0 2113000826
cell 2 11 2.72 2.69980619 0.1 0.09817477 302.0 2032.0 3782.0 3878.0 2113000827
cell 2 11 2.72 2.79798096 0.1 0.09817477 302.0 2032.0 3782.0 3878.0 2113000828
cell 2 11 2.72 2.89615573 0.1 0.09817477 302.0 2032.0 3782.0 3878.0 2113000829
cell 2 11 2.72 2.9943305 0.1 0.09817477 302.0 2032.0 3782.0 3878.0 2113000830
cell 2 11 2.72 3.09250527 0.1 0.09817477 302.0 2032.0 3782.0 3878.0 2113000831
cell 2 11 2.82 -3.09250527 0.1 0.09817477 302.0 2032.0 3782.0 3878.0 2113000832
cell 2 11 2.82 -2.9943305 0.1 0.09817477 302.0 2032.0 3782.0 3878.0 2113000833
cell 2 11 2.82 -2.89615573 0.1 0.09817477 302.0 2032.0 3782.0 3878.0 2113000834
cell 2 11 2.82 -2.79798096 0.1 0.09817477 302.0 2032.0 3782.0 3878.0 2113000835
cell 2 11 2.82 -2.69980619 0.1 0.09817477 302.0 2032.0 3782.0 3878.0 2113000836
cell 2 11 2.82 -2.60163142 0.1 0.09817477 302.0 2032.0 3782.0 3878.0 2113000837
cell 2 11 2.82 -2.50345665 0.1 0.09817477 302.0 2032.0 3782.0 3878.0 2113000838
cell 2 11 2.82 -2.40528188 0.1 0.09817477 302.0 2032.0 3782.0 3878.0 2113000839
cell 2 11 2.82 -2.3071071 0.1 0.09817477 302.0 2032.0 3782.0 3878.0 2113000840
cell 2 11 2.82 -2.20893233 0.1 0.09817477 302.0 2032.0 3782.0 3878.0 2113000841
cell 2 11 2.82 -2.11075756 0.1 0.09817477 302.0 2032.0 3782.0 3878.0 2113000842
cell 2 11 2.82 -2.01258279 0.1 0.09817477 302.0 2032.0 3782.0 3878.0 2113000843
cell 2 11 2.82 -1.91440802 0.1 0.09817477 302.0 2032.0 3782.0 3878.0 2113000844
cell 2 11 2.82 -1.81623325 0.1 0.09817477 302.0 2032.0 3782.0 3878.0 2113000845
cell 2 11 2.82 -1.71805848 0.1 0.09817477 302.0 2032.0 3782.0 3878.0 2113000846
cell 2 11 2.82 -1.61988371 0.1 0.09817477 302.0 2032.0 3782.0 3878.0 2113000847
cell 2 11 2.82 -1.52170894 0.1 0.09817477 302.0 2032.0 3782.0 3878.0 2113000848
cell 2 11 2.82 -1.42353417 0.1 0.09817477 302.0 2032.0 3782.0 3878.0 2113000849
cell 2 11 2.82 -1.3253594 0.1 0.09817477 302.0 2032.0 3782.0 3878.0 2113000850
cell 2 11 2.82 -1.22718463 0.1 0.09817477 302.0 2032.0 3782.0 3878.0 2113000851
cell 2 11 2.82 -1.12900986 0.1 0.09817477 302.0 2032.0 3782.0 3878.0 2113000852
cell 2 11 2.82 -1.03083509 0.1 0.09817477 302.0 2032.0 3782.0 3878.0 2113000853
cell 2 11 2.82 -0.93266032 0.1 0.09817477 302.0 2032.0 3782.0 3878.0 2113000854
cell 2 11 2.82 -0.83448555 0.1 0.09817477 302.0 2032.0 3782.0 3878.0 2113000855
cell 2 11 2.82 -0.73631078 0.1 0.09817477 302.0 2032.0 3782.0 3878.0 2113000856
cell 2 11 2.82 -0.63813601 0.1 0.09817477 302.0 2032.0 3782.0 3878.0 2113000857
cell 2 11 2.82 -0.53996124 0.1 0.09817477 302.0 2032.0 3782.0 3878.0 2113000858
cell 2 11 2.82 -0.44178647 0.1 0.09817477 302.0 2032.0 3782.0 3878.0 2113000859
cell 2 11 2.82 -0.3436117 0.1 0.09817477 302.0 2032.0 3782.0 3878.0 2113000860
cell 2 11 2.82 -0.24543693 0.1 0.09817477 302.0 2032.0 3782.0 3878.0 2113000861
cell 2 11 2.82 -0.14726216 0.1 0.09817477 302.0 2032.0 3782.0 3878.0 2113000862
cell 2 11 2.82 -0.04908739 0.1 0.09817477 302.0 2032.0 3782.0 3878.0 2113000863
cell 2 11 2.82 0.04908739 0.1 0.09817477 302.0 2032.0 3782.0 3878.0 2113000864
cell 2 11 2.82 0.14726216 0.1 0.09817477 302.0 2032.0 3782.0 3878.0 2113000865
cell 2 11 2.82 0.24543693 0.1 0.09817477 302.0 2032.0 3782.0 3878.0 2113000866
cell 2 11 2.82 0.3436117 0.1 0.09817477 302.0 2032.0 3782.0 3878.0 2113000867
cell 2 11 2.82 0.44178647 0.1 0.09817477 302.0 2032.0 3782.0 3878.0 2113000868
cell 2 11 2.82 0.53996124 0.1 0.09817477 302.0 2032.0 3782.0 3878.0 2113000869
cell 2 11 2.82 0.63813601 0.1 0.09817477 302.0 2032.0 3782.0 3878.0 2113000870
cell 2 11 2.82 0.73631078 0.1 0.09817477 302.0 2032.0 3782.0 3878.0 2113000871
cell 2 11 2.82 0.83448555 0.1 0.09817477 302.0 2032.0 3782.0 3878.0 2113000872
cell 2 11 2.82 0.93266032 0.1 0.09817477 302.0 2032.0 3782.0 3878.0 2113000873
cell 2 11 2.82 1.03083509 0.1 0.09817477 302.0 2032.0 3782.0 3878.0 2113000874
cell 2 11 2.82 1.12900986 0.1 0.09817477 302.0 2032.0 3782.0 3878.0 2113000875
cell 2 11 2.82 1.22718463 0.1 0.09817477 302.0 2032.0 3782.0 3878.0 2113000876
cell 2 11 2.82 1.3253594 0.1 0.09817477 302.0 2032.0 3782.0 3878.0 2113000877
cell 2 11 2.82 1.42353417 0.1 0.09817477 302.0 2032.0 3782.0 3878.0 2113000878
cell 2 11 2.82 1.52170894 0.1 0.09817477 302.0 2032.0 3782.0 3878.0 2113000879
cell 2 11 2.82 1.61988371 0.1 0.09817477 302.0 2032.0 3782.0 3878.0 2113000880
cell 2 11 2.82 1.71805848 0.1 0.09817477 302.0 2032.0 3782.0 3878.0 2113000881
cell 2 11 2.82 1.81623325 0.1 0.09817477 302.0 2032.0 3782.0 3878.0 2113000882
cell 2 11 2.82 1.91440802 0.1 0.09817477 302.0 2032.0 3782.0 3878.0 2113000883
cell 2 11 2.82 2.01258279 0.1 0.09817477 302.0 2032.0 3782.0 3878.0 2113000884
cell 2 11 2.82 2.11075756 0.1 0.09817477 302.0 2032.0 3782.0 3878.0 2113000885
cell 2 11 2.82 2.20893233 0.1 0.09817477 302.0 2032.0 3782.0 3878.0 2113000886
cell 2 11 2.82 2.3071071 0.1 0.09817477 302.0 2032.0 3782.0 3878.0 2113000887
cell 2 11 2.82 2.40528188 0.1 0.09817477 302.0 2032.0 3782.0 3878.0 2113000888
cell 2 11 2.82 2.50345665 0.1 0.09817477 302.0 2032.0 3782.0 3878.0 2113000889
cell 2 11 2.82 2.60163142 0.1 0.09817477 302.0 2032.0 3782.0 3878.0 2113000890
cell 2 11 2.82 2.69980619 0.1 0.09817477 302.0 2032.0 3782.0 3878.0 2113000891
cell 2 11 2.82 2.79798096 0.1 0.09817477 302.0 2032.0 3782.0 3878.0 2113000892
cell 2 11 2.82 2.89615573 0.1 0.09817477 302.0 2032.0 3782.0 3878.0 2113000893
cell 2 11 2.82 2.9943305 0.1 0.09817477 302.0 2032.0 3782.0 3878.0 2113000894
cell 2 11 2.82 3.09250527 0.1 0.09817477 302.0 2032.0 3782.0 3878.0 2113000895
cell 2 11 2.92 -3.09250527 0.1 0.09817477 302.0 2032.0 3782.0 3878.0 2113000896
cell 2 11 2.92 -2.9943305 0.1 0.09817477 302.0 2032.0 3782.0 3878.0 2113000897
cell 2 11 2.92 -2.89615573 0.1 0.09817477 302.0 2032.0 3782.0 3878.0 2113000898
cell 2 11 2.92 -2.79798096 0.1 0.09817477 302.0 2032.0 3782.0 3878.0 2113000899
cell 2 11 2.92 -2.69980619 0.1 0.09817477 302.0 2032.0 3782.0 3878.0 2113000900
cell 2 11 2.92 -2.60163142 0.1 0.09817477 302.0 2032.0 3782.0 3878.0 2113000901
cell 2 11 2.92 -2.50345665 0.1 0.09817477 302.0 2032.0 3782.0 3878.0 2113000902
cell 2 11 2.92 -2.40528188 0.1 0.09817477 302.0 2032.0 3782.0 3878.0 2113000903
cell 2 11 2.92 -2.3071071 0.1 0.09817477 302.0 2032.0 3782.0 3878.0 2113000904
cell 2 11 2.92 -2.20893233 0.1 0.09817477 302.0 2032.0 3782.0 3878.0 2113000905
cell 2 11 2.92 -2.11075756 0.1 0.09817477 302.0 2032.0 3782.0 3878.0 2113000906
cell 2 11 2.92 -2.01258279 0.1 0.09817477 302.0 2032.0 3782.0 3878.0 2113000907
cell 2 11 2.92 -1.91440802 0.1 0.09817477 302.0 2032.0 3782.0 3878.0 2113000908
cell 2 11 2.92 -1.81623325 0.1 0.09817477 302.0 2032.0 3782.0 3878.0 2113000909
cell 2 11 2.92 -1.71805848 0.1 0.09817477 302.0 2032.0 3782.0 3878.0 2113000910
cell 2 11 2.92 -1.61988371 0.1 0.09817477 302.0 2032.0 3782.0 3878.0 2113000911
cell 2 11 2.92 -1.52170894 0.1 0.09817477 302.0 2032.0 3782.0 3878.0 2113000912
cell 2 11 2.92 -1.42353417 0.1 0.09817477 302.0 2032.0 3782.0 3878.0 2113000913
cell 2 11 2.92 -1.3253594 0.1 0.09817477 302.0 2032.0 3782.0 3878.0 2113000914
cell 2 11 2.92 -1.22718463 0.1 0.09817477 302.0 2032.0 3782.0 3878.0 2113000915
cell 2 11 2.92 -1.12900986 0.1 0.09817477 302.0 2032.0 3782.0 3878.0 2113000916
cell 2 11 2.92 -1.03083509 0.1 0.09817477 302.0 2032.0 3782.0 3878.0 2113000917
cell 2 11 2.92 -0.93266032 0.1 0.09817477 302.0 2032.0 3782.0 3878.0 2113000918
cell 2 11 2.92 -0.83448555 0.1 0.09817477 302.0 2032.0 3782.0 3878.0 2113000919
cell 2 11 2.92 -0.73631078 0.1 0.09817477 302.0 2032.0 3782.0 3878.0 2113000920
cell 2 11 2.92 -0.63813601 0.1 0.09817477 302.0 2032.0 3782.0 3878.0 2113000921
cell 2 11 2.92 -0.53996124 0.1 0.09817477 302.0 2032.0 3782.0 3878.0 2113000922
cell 2 11 2.92 -0.44178647 0.1 0.09817477 302.0 2032.0 3782.0 3878.0 2113000923
cell 2 11 2.92 -0.3436117 0.1 0.09817477 302.0 2032.0 3782.0 3878.0 2113000924
cell 2 11 2.92 -0.24543693 0.1 0.09817477 302.0 2032.0 3782.0 3878.0 2113000925
cell 2 11 2.92 -0.14726216 0.1 0.09817477 302.0 2032.0 3782.0 3878.0 2113000926
cell 2 11 2.92 -0.04908739 0.1 0.09817477 302.0 2032.0 3782.0 3878.0 2113000927
cell 2 11 2.92 0.04908739 0.1 0.09817477 302.0 2032.0 3782.0 3878.0 2113000928
cell 2 11 2.92 0.14726216 0.1 0.09817477 302.0 2032.0 3782.0 3878.0 2113000929
cell 2 11 2.92 0.24543693 0.1 0.09817477 302.0 2032.0 3782.0 3878.0 2113000930
cell 2 11 2.92 0.3436117 0.1 0.09817477 302.0 2032.0 3782.0 3878.0 2113000931
cell 2 11 2.92 0.44178647 0.1 0.09817477 302.0 2032.0 3782.0 3878.0 2113000932
cell 2 11 2.92 0.53996124 0.1 0.09817477 302.0 2032.0 3782.0 3878.0 2113000933
cell 2 11 2.92 0.63813601 0.1 0.09817477 302.0 2032.0 3782.0 3878.0 2113000934
cell 2 11 2.92 0.73631078 0.1 0.09817477 302.0 2032.0 3782.0 3878.0 2113000935
cell 2 11 2.92 0.83448555 0.1 0.09817477 302.0 2032.0 3782.0 3878.0 2113000936
cell 2 11 2.92 0.93266032 0.1 0.09817477 302.0 2032.0 3782.0 3878.0 2113000937
cell 2 11 2.92 1.03083509 0.1 0.09817477 302.0 2032.0 3782.0 3878.0 2113000938
cell 2 11 2.92 1.12900986 0.1 0.09817477 302.0 2032.0 3782.0 3878.0 2113000939
cell 2 11 2.92 1.22718463 0.1 0.09817477 302.0 2032.0 3782.0 3878.0 2113000940
cell 2 11 2.92 1.3253594 0.1 0.09817477 302.0 2032.0 3782.0 3878.0 2113000941
cell 2 11 2.92 1.42353417 0.1 0.09817477 302.0 2032.0 3782.0 3878.0 2113000942
cell 2 11 2.92 1.52170894 0.1 0.09817477 302.0 2032.0 3782.0 3878.0 2113000943
cell 2 11 2.92 1.61988371 0.1 0.09817477 302.0 2032.0 3782.0 3878.0 2113000944
cell 2 11 2.92 1.71805848 0.1 0.09817477 302.0 2032.0 3782.0 3878.0 2113000945
cell 2 11 2.92 1.81623325 0.1 0.09817477 302.0 2032.0 3782.0 3878.0 2113000946
cell 2 11 2.92 1.91440802 0.1 0.09817477 302.0 2032.0 3782.0 3878.0 2113000947
cell 2 11 2.92 2.01258279 0.1 0.09817477 302.0 2032.0 3782.0 3878.0 2113000948
cell 2 11 2.92 2.11075756 0.1 0.09817477 302.0 2032.0 3782.0 3878.0 2113000949
cell 2 11 2.92 2.20893233 0.1 0.09817477 302.0 2032.0 3782.0 3878.0 2113000950
cell 2 11 2.92 2.3071071 0.1 0.09817477 302.0 2032.0 3782.0 3878.0 2113000951
cell 2 11 2.92 2.40528188 0.1 0.09817477 302.0 2032.0 3782.0 3878.0 2113000952
cell 2 11 2.92 2.50345665 0.1 0.09817477 302.0 2032.0 3782.0 3878.0 2113000953
cell 2 11 2.92 2.60163142 0.1 0.09817477 302.0 2032.0 3782.0 3878.0 2113000954
cell 2 11 2.92 2.69980619 0.1 0.09817477 302.0 2032.0 3782.0 3878.0 2113000955
cell 2 11 2.92 2.79798096 0.1 0.09817477 302.0 2032.0 3782.0 3878.0 2113000956
cell 2 11 2.92 2.89615573 0.1 0.09817477 302.0 2032.0 3782.0 3878.0 2113000957
cell 2 11 2.92 2.9943305 0.1 0.09817477 302.0 2032.0 3782.0 3878.0 2113000958
cell 2 11 2.92 3.09250527 0.1 0.09817477 302.0 2032.0 3782.0 3878.0 2113000959
cell 2 11 3.02 -3.09250527 0.1 0.09817477 302.0 2032.0 3782.0 3878.0 2113000960
cell 2 11 3.02 -2.9943305 0.1 0.09817477 302.0 2032.0 3782.0 3878.0 2113000961
cell 2 11 3.02 -2.89615573 0.1 0.09817477 302.0 2032.0 3782.0 3878.0 2113000962
cell 2 11 3.02 -2.79798096 0.1 0.09817477 302.0 2032.0 3782.0 3878.0 2113000963
cell 2 11 3.02 -2.69980619 0.1 0.09817477 302.0 2032.0 3782.0 3878.0 2113000964
cell 2 11 3.02 -2.60163142 0.1 0.09817477 302.0 2032.0 3782.0 3878.0 2113000965
cell 2 11 3.02 -2.50345665 0.1 0.09817477 302.0 2032.0 3782.0 3878.0 2113000966
cell 2 11 3.02 -2.40528188 0.1 0.09817477 302.0 2032.0 3782.0 3878.0 2113000967
cell 2 11 3.02 -2.3071071 0.1 0.09817477 302.0 2032.0 3782.0 3878.0 2113000968
cell 2 11 3.02 -2.20893233 0.1 0.09817477 302.0 2032.0 3782.0 3878.0 2113000969
cell 2 11 3.02 -2.11075756 0.1 0.09817477 302.0 2032.0 3782.0 3878.0 2113000970
cell 2 11 3.02 -2.01258279 0.1 0.09817477 302.0 2032.0 3782.0 3878.0 2113000971
cell 2 11 3.02 -1.91440802 0.1 0.09817477 302.0 2032.0 3782.0 3878.0 2113000972
cell 2 11 3.02 -1.81623325 0.1 0.09817477 302.0 2032.0 3782.0 3878.0 2113000973
cell 2 11 3.02 -1.71805848 0.1 0.09817477 302.0 2032.0 3782.0 3878.0 2113000974
cell 2 11 3.02 -1.61988371 0.1 0.09817477 302.0 2032.0 3782.0 3878.0 2113000975
cell 2 11 3.02 -1.52170894 0.1 0.09817477 302.0 2032.0 3782.0 3878.0 2113000976
cell 2 11 3.02 -1.42353417 0.1 0.09817477 302.0 2032.0 3782.0 3878.0 2113000977
cell 2 11 3.02 -1.3253594 0.1 0.09817477 302.0 2032.0 3782.0 3878.0 2113000978
cell 2 11 3.02 -1.22718463 0.1 0.09817477 302.0 2032.0 3782.0 3878.0 2113000979
cell 2 11 3.02 -1.12900986 0.1 0.09817477 302.0 2032.0 3782.0 3878.0 2113000980
cell 2 11 3.02 -1.03083509 0.1 0.09817477 302.0 2032.0 3782.0 3878.0 2113000981
cell 2 11 3.02 -0.93266032 0.1 0.09817477 302.0 2032.0 3782.0 3878.0 2113000982
cell 2 11 3.02 -0.83448555 0.1 0.09817477 302.0 2032.0 3782.0 3878.0 2113000983
cell 2 11 3.02 -0.73631078 0.1 0.09817477 302.0 2032.0 3782.0 3878.0 2113000984
cell 2 11 3.02 -0.63813601 0.1 0.09817477 302.0 2032.0 3782.0 3878.0 2113000985
cell 2 11 3.02 -0.53996124 0.1 0.09817477 302.0 2032.0 3782.0 3878.0 2113000986
cell 2 11 3.02 -0.44178647 0.1 0.09817477 302.0 2032.0 3782.0 3878.0 2113000987
cell 2 11 3.02 -0.3436117 0.1 0.09817477 302.0 2032.0 3782.0 3878.0 2113000988
cell 2 11 3.02 -0.24543693 0.1 0.09817477 302.0 2032.0 3782.0 3878.0 2113000989
cell 2 11 3.02 -0.14726216 0.1 0.09817477 302.0 2032.0 3782.0 3878.0 2113000990
cell 2 11 3.02 -0.04908739 0.1 0.09817477 302.0 2032.0 3782.0 3878.0 2113000991
cell 2 11 3.02 0.04908739 0.1 0.09817477 302.0 2032.0 3782.0 3878.0 2113000992
cell 2 11 3.02 0.14726216 0.1 0.09817477 302.0 2032.0 3782.0 3878.0 2113000993
cell 2 11 3.02 0.24543693 0.1 0.09817477 302.0 2032.0 3782.0 3878.0 2113000994
cell 2 11 3.02 0.3436117 0.1 0.09817477 302.0 2032.0 3782.0 3878.0 2113000995
cell 2 11 3.02 0.44178647 0.1 0.09817477 302.0 2032.0 3782.0 3878.0 2113000996
cell 2 11 3.02 0.53996124 0.1 0.09817477 302.0 2032.0 3782.0 3878.0 2113000997
cell 2 11 3.02 0.63813601 0.1 0.09817477 302.0 2032.0 3782.0 3878.0 2113000998
cell 2 11 3.02 0.73631078 0.1 0.09817477 302.0 2032.0 3782.0 3878.0 2113000999
cell 2 11 3.02 0.83448555 0.1 0.09817477 302.0 2032.0 3782.0 3878.0 2113001000
cell 2 11 3.02 0.93266032 0.1 0.09817477 302.0 2032.0 3782.0 3878.0 2113001001
cell 2 11 3.02 1.03083509 0.1 0.09817477 302.0 2032.0 3782.0 3878.0 2113001002
cell 2 11 3.02 1.12900986 0.1 0.09817477 302.0 2032.0 3782.0 3878.0 2113001003
cell 2 11 3.02 1.22718463 0.1 0.09817477 302.0 2032.0 3782.0 3878.0 2113001004
cell 2 11 3.02 1.3253594 0.1 0.09817477 302.0 2032.0 3782.0 3878.0 2113001005
cell 2 11 3.02 1.42353417 0.1 0.09817477 302.0 2032.0 3782.0 3878.0 2113001006
cell 2 11 3.02 1.52170894 0.1 0.09817477 302.0 2032.0 3782.0 3878.0 2113001007
cell 2 11 3.02 1.61988371 0.1 0.09817477 302.0 2032.0 3782.0 3878.0 2113001008
cell 2 11 3.02 1.71805848 0.1 0.09817477 302.0 2032.0 3782.0 3878.0 2113001009
cell 2 11 3.02 1.81623325 0.1 0.09817477 302.0 2032.0 3782.0 3878.0 2113001010
cell 2 11 3.02 1.91440802 0.1 0.09817477 302.0 2032.0 3782.0 3878.0 2113001011
cell 2 11 3.02 2.01258279 0.1 0.09817477 302.0 2032.0 3782.0 3878.0 2113001012
cell 2 11 3.02 2.11075756 0.1 0.09817477 302.0 2032.0 3782.0 3878.0 2113001013
cell 2 11 3.02 2.20893233 0.1 0.09817477 302.0 2032.0 3782.0 3878.0 2113001014
cell 2 11 3.02 2.3071071 0.1 0.09817477 302.0 2032.0 3782.0 3878.0 2113001015
cell 2 11 3.02 2.40528188 0.1 0.09817477 302.0 2032.0 3782.0 3878.0 2113001016
cell 2 11 3.02 2.50345665 0.1 0.09817477 302.0 2032.0 3782.0 3878.0 2113001017
cell 2 11 3.02 2.60163142 0.1 0.09817477 302.0 2032.0 3782.0 3878.0 2113001018
cell 2 11 3.02 2.69980619 0.1 0.09817477 302.0 2032.0 3782.0 3878.0 2113001019
cell 2 11 3.02 2.79798096 0.1 0.09817477 302.0 2032.0 3782.0 3878.0 2113001020
cell 2 11 3.02 2.89615573 0.1 0.09817477 302.0 2032.0 3782.0 3878.0 2113001021
cell 2 11 3.02 2.9943305 0.1 0.09817477 302.0 2032.0 3782.0 3878.0 2113001022
cell 2 11 3.02 3.09250527 0.1 0.09817477 302.0 2032.0 3782.0 3878.0 2113001023
cell 2 11 3.12 -3.09250527 0.1 0.09817477 302.0 2032.0 3782.0 3878.0 2113001024
cell 2 11 3.12 -2.9943305 0.1 0.09817477 302.0 2032.0 3782.0 3878.0 2113001025
cell 2 11 3.12 -2.89615573 0.1 0.09817477 302.0 2032.0 3782.0 3878.0 2113001026
cell 2 11 3.12 -2.79798096 0.1 0.09817477 302.0 2032.0 3782.0 3878.0 2113001027
cell 2 11 3.12 -2.69980619 0.1 0.09817477 302.0 2032.0 3782.0 3878.0 2113001028
cell 2 11 3.12 -2.60163142 0.1 0.09817477 302.0 2032.0 3782.0 3878.0 2113001029
cell 2 11 3.12 -2.50345665 0.1 0.09817477 302.0 2032.0 3782.0 3878.0 2113001030
cell 2 11 3.12 -2.40528188 0.1 0.09817477 302.0 2032.0 3782.0 3878.0 2113001031
cell 2 11 3.12 -2.3071071 0.1 0.09817477 302.0 2032.0 3782.0 3878.0 2113001032
cell 2 11 3.12 -2.20893233 0.1 0.09817477 302.0 2032.0 3782.0 3878.0 2113001033
cell 2 11 3.12 -2.11075756 0.1 0.09817477 302.0 2032.0 3782.0 3878.0 2113001034
cell 2 11 3.12 -2.01258279 0.1 0.09817477 302.0 2032.0 3782.0 3878.0 2113001035
cell 2 11 3.12 -1.91440802 0.1 0.09817477 302.0 2032.0 3782.0 3878.0 2113001036
cell 2 11 3.12 -1.81623325 0.1 0.09817477 302.0 2032.0 3782.0 3878.0 2113001037
cell 2 11 3.12 -1.71805848 0.1 0.09817477 302.0 2032.0 3782.0 3878.0 2113001038
cell 2 11 3.12 -1.61988371 0.1 0.09817477 302.0 2032.0 3782.0 3878.0 2113001039
cell 2 11 3.12 -1.52170894 0.1 0.09817477 302.0 2032.0 3782.0 3878.0 2113001040
cell 2 11 3.12 -1.42353417 0.1 0.09817477 302.0 2032.0 3782.0 3878.0 2113001041
cell 2 11 3.12 -1.3253594 0.1 0.09817477 302.0 2032.0 3782.0 3878.0 2113001042
cell 2 11 3.12 -1.22718463 0.1 0.09817477 302.0 2032.0 3782.0 3878.0 2113001043
cell 2 11 3.12 -1.12900986 0.1 0.09817477 302.0 2032.0 3782.0 3878.0 2113001044
cell 2 11 3.12 -1.03083509 0.1 0.09817477 302.0 2032.0 3782.0 3878.0 2113001045
cell 2 11 3.12 -0.93266032 0.1 0.09817477 302.0 2032.0 3782.0 3878.0 2113001046
cell 2 11 3.12 -0.83448555 0.1 0.09817477 302.0 2032.0 3782.0 3878.0 2113001047
cell 2 11 3.12 -0.73631078 0.1 0.09817477 302.0 2032.0 3782.0 3878.0 2113001048
cell 2 11 3.12 -0.63813601 0.1 0.09817477 302.0 2032.0 3782.0 3878.0 2113001049
cell 2 11 3.12 -0.53996124 0.1 0.09817477 302.0 2032.0 3782.0 3878.0 2113001050
cell 2 11 3.12 -0.44178647 0.1 0.09817477 302.0 2032.0 3782.0 3878.0 2113001051
cell 2 11 3.12 -0.3436117 0.1 0.09817477 302.0 2032.0 3782.0 3878.0 2113001052
cell 2 11 3.12 -0.24543693 0.1 0.09817477 302.0 2032.0 3782.0 3878.0 2113001053
cell 2 11 3.12 -0.14726216 0.1 0.09817477 302.0 2032.0 3782.0 3878.0 2113001054
cell 2 11 3.12 -0.04908739 0.1 0.09817477 302.0 2032.0 3782.0 3878.0 2113001055
cell 2 11 3.12 0.04908739 0.1 0.09817477 302.0 2032.0 3782.0 3878.0 2113001056
cell 2 11 3.12 0.14726216 0.1 0.09817477 302.0 2032.0 3782.0 3878.0 2113001057
cell 2 11 3.12 0.24543693 0.1 0.09817477 302.0 2032.0 3782.0 3878.0 2113001058
cell 2 11 3.12 0.3436117 0.1 0.09817477 302.0 2032.0 3782.0 3878.0 2113001059
cell 2 11 3.12 0.44178647 0.1 0.09817477 302.0 2032.0 3782.0 3878.0 2113001060
cell 2 11 3.12 0.53996124 0.1 0.09817477 302.0 2032.0 3782.0 3878.0 2113001061
cell 2 11 3.12 0.63813601 0.1 0.09817477 302.0 2032.0 3782.0 3878.0 2113001062
cell 2 11 3.12 0.73631078 0.1 0.09817477 302.0 2032.0 3782.0 3878.0 2113001063
cell 2 11 3.12 0.83448555 0.1 0.09817477 302.0 2032.0 3782.0 3878.0 2113001064
cell 2 11 3.12 0.93266032 0.1 0.09817477 302.0 2032.0 3782.0 3878.0 2113001065
cell 2 11 3.12 1.03083509 0.1 0.09817477 302.0 2032.0 3782.0 3878.0 2113001066
cell 2 11 3.12 1.12900986 0.1 0.09817477 302.0 2032.0 3782.0 3878.0 2113001067
cell 2 11 3.12 1.22718463 0.1 0.09817477 302.0 2032.0 3782.0 3878.0 2113001068
cell 2 11 3.12 1.3253594 0.1 0.09817477 302.0 2032.0 3782.0 3878.0 2113001069
cell 2 11 3.12 1.42353417 0.1 0.09817477 302.0 2032.0 3782.0 3878.0 2113001070
cell 2 11 3.12 1.52170894 0.1 0.09817477 302.0 2032.0 3782.0 3878.0 2113001071
cell 2 11 3.12 1.61988371 0.1 0.09817477 302.0 2032.0 3782.0 3878.0 2113001072
cell 2 11 3.12 1.71805848 0.1 0.09817477 302.0 2032.0 3782.0 3878.0 2113001073
cell 2 11 3.12 1.81623325 0.1 0.09817477 302.0 2032.0 3782.0 3878.0 2113001074
cell 2 11 3.12 1.91440802 0.1 0.09817477 302.0 2032.0 3782.0 3878.0 2113001075
cell 2 11 3.12 2.01258279 0.1 0.09817477 302.0 2032.0 3782.0 3878.0 2113001076
cell 2 11 3.12 2.11075756 0.1 0.09817477 302.0 2032.0 3782.0 3878.0 2113001077
cell 2 11 3.12 2.20893233 0.1 0.09817477 302.0 2032.0 3782.0 3878.0 2113001078
cell 2 11 3.12 2.3071071 0.1 0.09817477 302.0 2032.0 3782.0 3878.0 2113001079
cell 2 11 3.12 2.40528188 0.1 0.09817477 302.0 2032.0 3782.0 3878.0 2113001080
cell 2 11 3.12 2.50345665 0.1 0.09817477 302.0 2032.0 3782.0 3878.0 2113001081
cell 2 11 3.12 2.60163142 0.1 0.09817477 302.0 2032.0 3782.0 3878.0 2113001082
cell 2 11 3.12 2.69980619 0.1 0.09817477 302.0 2032.0 3782.0 3878.0 2113001083
cell 2 11 3.12 2.79798096 0.1 0.09817477 302.0 2032.0 3782.0 3878.0 2113001084
cell 2 11 3.12 2.89615573 0.1 0.09817477 302.0 2032.0 3782.0 3878.0 2113001085
cell 2 11 3.12 2.9943305 0.1 0.09817477 302.0 2032.0 3782.0 3878.0 2113001086
cell 2 11 3.12 3.09250527 0.1 0.09817477 302.0 2032.0 3782.0 3878.0 2113001087
