# sample segmentation eta phi delta_eta delta_phi rmin rmax zmin zmax
config 1 5 0 0.0 0.71601178 3883.0 3883.0 0 3024.0
eta_bins -0.6 -0.4 -0.2 -0.0 0.2 0.4 0.6
phi_bins -3.1416 -3.0434 -2.9452 -2.8471 -2.7489 -2.6507 -2.5525 -2.4544 -2.3562 -2.258 -2.1598 -2.0617 -1.9635 -1.8653 -1.7671 -1.669 -1.5708 -1.4726 -1.3744 -1.2763 -1.1781 -1.0799 -0.9817 -0.8836 -0.7854 -0.6872 -0.589 -0.4909 -0.3927 -0.2945 -0.1963 -0.0982 0.0 0.0982 0.1963 0.2945 0.3927 0.4909 0.589 0.6872 0.7854 0.8836 0.9817 1.0799 1.1781 1.2763 1.3744 1.4726 1.5708 1.669 1.7671 1.8653 1.9635 2.0617 2.1598 2.258 2.3562 2.4544 2.5525 2.6507 2.7489 2.8471 2.9452 3.0434 3.1416
cell 1 5 -0.5 -3.09250527 0.2 0.09817477 3883.0 3883.0 0 3024.0 1050000000
cell 1 5 -0.5 -2.9943305 0.2 0.09817477 3883.0 3883.0 0 3024.0 1050000001
cell 1 5 -0.5 -2.89615573 0.2 0.09817477 3883.0 3883.0 0 3024.0 1050000002
cell 1 5 -0.5 -2.79798096 0.2 0.09817477 3883.0 3883.0 0 3024.0 1050000003
cell 1 5 -0.5 -2.69980619 0.2 0.09817477 3883.0 3883.0 0 3024.0 1050000004
cell 1 5 -0.5 -2.60163142 0.2 0.09817477 3883.0 3883.0 0 3024.0 1050000005
cell 1 5 -0.5 -2.50345665 0.2 0.09817477 3883.0 3883.0 0 3024.0 1050000006
cell 1 5 -0.5 -2.40528188 0.2 0.09817477 3883.0 3883.0 0 3024.0 1050000007
cell 1 5 -0.5 -2.3071071 0.2 0.09817477 3883.0 3883.0 0 3024.0 1050000008
cell 1 5 -0.5 -2.20893233 0.2 0.09817477 3883.0 3883.0 0 3024.0 1050000009
cell 1 5 -0.5 -2.11075756 0.2 0.09817477 3883.0 3883.0 0 3024.0 1050000010
cell 1 5 -0.5 -2.01258279 0.2 0.09817477 3883.0 3883.0 0 3024.0 1050000011
cell 1 5 -0.5 -1.91440802 0.2 0.09817477 3883.0 3883.0 0 3024.0 1050000012
cell 1 5 -0.5 -1.81623325 0.2 0.09817477 3883.0 3883.0 0 3024.0 1050000013
cell 1 5 -0.5 -1.71805848 0.2 0.09817477 3883.0 3883.0 0 3024.0 1050000014
cell 1 5 -0.5 -1.61988371 0.2 0.09817477 3883.0 3883.0 0 3024.0 1050000015
cell 1 5 -0.5 -1.52170894 0.2 0.09817477 3883.0 3883.0 0 3024.0 1050000016
cell 1 5 -0.5 -1.42353417 0.2 0.09817477 3883.0 3883.0 0 3024.0 1050000017
cell 1 5 -0.5 -1.3253594 0.2 0.09817477 3883.0 3883.0 0 3024.0 1050000018
cell 1 5 -0.5 -1.22718463 0.2 0.09817477 3883.0 3883.0 0 3024.0 1050000019
cell 1 5 -0.5 -1.12900986 0.2 0.09817477 3883.0 3883.0 0 3024.0 1050000020
cell 1 5 -0.5 -1.03083509 0.2 0.09817477 3883.0 3883.0 0 3024.0 1050000021
cell 1 5 -0.5 -0.93266032 0.2 0.09817477 3883.0 3883.0 0 3024.0 1050000022
cell 1 5 -0.5 -0.83448555 0.2 0.09817477 3883.0 3883.0 0 3024.0 1050000023
cell 1 5 -0.5 -0.73631078 0.2 0.09817477 3883.0 3883.0 0 3024.0 1050000024
cell 1 5 -0.5 -0.63813601 0.2 0.09817477 3883.0 3883.0 0 3024.0 1050000025
cell 1 5 -0.5 -0.53996124 0.2 0.09817477 3883.0 3883.0 0 3024.0 1050000026
cell 1 5 -0.5 -0.44178647 0.2 0.09817477 3883.0 3883.0 0 3024.0 1050000027
cell 1 5 -0.5 -0.3436117 0.2 0.09817477 3883.0 3883.0 0 3024.0 1050000028
cell 1 5 -0.5 -0.24543693 0.2 0.09817477 3883.0 3883.0 0 3024.0 1050000029
cell 1 5 -0.5 -0.14726216 0.2 0.09817477 3883.0 3883.0 0 3024.0 1050000030
cell 1 5 -0.5 -0.04908739 0.2 0.09817477 3883.0 3883.0 0 3024.0 1050000031
cell 1 5 -0.5 0.04908739 0.2 0.09817477 3883.0 3883.0 0 3024.0 1050000032
cell 1 5 -0.5 0.14726216 0.2 0.09817477 3883.0 3883.0 0 3024.0 1050000033
cell 1 5 -0.5 0.24543693 0.2 0.09817477 3883.0 3883.0 0 3024.0 1050000034
cell 1 5 -0.5 0.3436117 0.2 0.09817477 3883.0 3883.0 0 3024.0 1050000035
cell 1 5 -0.5 0.44178647 0.2 0.09817477 3883.0 3883.0 0 3024.0 1050000036
cell 1 5 -0.5 0.53996124 0.2 0.09817477 3883.0 3883.0 0 3024.0 1050000037
cell 1 5 -0.5 0.63813601 0.2 0.09817477 3883.0 3883.0 0 3024.0 1050000038
cell 1 5 -0.5 0.73631078 0.2 0.09817477 3883.0 3883.0 0 3024.0 1050000039
cell 1 5 -0.5 0.83448555 0.2 0.09817477 3883.0 3883.0 0 3024.0 1050000040
cell 1 5 -0.5 0.93266032 0.2 0.09817477 3883.0 3883.0 0 3024.0 1050000041
cell 1 5 -0.5 1.03083509 0.2 0.09817477 3883.0 3883.0 0 3024.0 1050000042
cell 1 5 -0.5 1.12900986 0.2 0.09817477 3883.0 3883.0 0 3024.0 1050000043
cell 1 5 -0.5 1.22718463 0.2 0.09817477 3883.0 3883.0 0 3024.0 1050000044
cell 1 5 -0.5 1.3253594 0.2 0.09817477 3883.0 3883.0 0 3024.0 1050000045
cell 1 5 -0.5 1.42353417 0.2 0.09817477 3883.0 3883.0 0 3024.0 1050000046
cell 1 5 -0.5 1.52170894 0.2 0.09817477 3883.0 3883.0 0 3024.0 1050000047
cell 1 5 -0.5 1.61988371 0.2 0.09817477 3883.0 3883.0 0 3024.0 1050000048
cell 1 5 -0.5 1.71805848 0.2 0.09817477 3883.0 3883.0 0 3024.0 1050000049
cell 1 5 -0.5 1.81623325 0.2 0.09817477 3883.0 3883.0 0 3024.0 1050000050
cell 1 5 -0.5 1.91440802 0.2 0.09817477 3883.0 3883.0 0 3024.0 1050000051
cell 1 5 -0.5 2.01258279 0.2 0.09817477 3883.0 3883.0 0 3024.0 1050000052
cell 1 5 -0.5 2.11075756 0.2 0.09817477 3883.0 3883.0 0 3024.0 1050000053
cell 1 5 -0.5 2.20893233 0.2 0.09817477 3883.0 3883.0 0 3024.0 1050000054
cell 1 5 -0.5 2.3071071 0.2 0.09817477 3883.0 3883.0 0 3024.0 1050000055
cell 1 5 -0.5 2.40528188 0.2 0.09817477 3883.0 3883.0 0 3024.0 1050000056
cell 1 5 -0.5 2.50345665 0.2 0.09817477 3883.0 3883.0 0 3024.0 1050000057
cell 1 5 -0.5 2.60163142 0.2 0.09817477 3883.0 3883.0 0 3024.0 1050000058
cell 1 5 -0.5 2.69980619 0.2 0.09817477 3883.0 3883.0 0 3024.0 1050000059
cell 1 5 -0.5 2.79798096 0.2 0.09817477 3883.0 3883.0 0 3024.0 1050000060
cell 1 5 -0.5 2.89615573 0.2 0.09817477 3883.0 3883.0 0 3024.0 1050000061
cell 1 5 -0.5 2.9943305 0.2 0.09817477 3883.0 3883.0 0 3024.0 1050000062
cell 1 5 -0.5 3.09250527 0.2 0.09817477 3883.0 3883.0 0 3024.0 1050000063
cell 1 5 -0.3 -3.09250527 0.2 0.09817477 3883.0 3883.0 0 3024.0 1050000064
cell 1 5 -0.3 -2.9943305 0.2 0.09817477 3883.0 3883.0 0 3024.0 1050000065
cell 1 5 -0.3 -2.89615573 0.2 0.09817477 3883.0 3883.0 0 3024.0 1050000066
cell 1 5 -0.3 -2.79798096 0.2 0.09817477 3883.0 3883.0 0 3024.0 1050000067
cell 1 5 -0.3 -2.69980619 0.2 0.09817477 3883.0 3883.0 0 3024.0 1050000068
cell 1 5 -0.3 -2.60163142 0.2 0.09817477 3883.0 3883.0 0 3024.0 1050000069
cell 1 5 -0.3 -2.50345665 0.2 0.09817477 3883.0 3883.0 0 3024.0 1050000070
cell 1 5 -0.3 -2.40528188 0.2 0.09817477 3883.0 3883.0 0 3024.0 1050000071
cell 1 5 -0.3 -2.3071071 0.2 0.09817477 3883.0 3883.0 0 3024.0 1050000072
cell 1 5 -0.3 -2.20893233 0.2 0.09817477 3883.0 3883.0 0 3024.0 1050000073
cell 1 5 -0.3 -2.11075756 0.2 0.09817477 3883.0 3883.0 0 3024.0 1050000074
cell 1 5 -0.3 -2.01258279 0.2 0.09817477 3883.0 3883.0 0 3024.0 1050000075
cell 1 5 -0.3 -1.91440802 0.2 0.09817477 3883.0 3883.0 0 3024.0 1050000076
cell 1 5 -0.3 -1.81623325 0.2 0.09817477 3883.0 3883.0 0 3024.0 1050000077
cell 1 5 -0.3 -1.71805848 0.2 0.09817477 3883.0 3883.0 0 3024.0 1050000078
cell 1 5 -0.3 -1.61988371 0.2 0.09817477 3883.0 3883.0 0 3024.0 1050000079
cell 1 5 -0.3 -1.52170894 0.2 0.09817477 3883.0 3883.0 0 3024.0 1050000080
cell 1 5 -0.3 -1.42353417 0.2 0.09817477 3883.0 3883.0 0 3024.0 1050000081
cell 1 5 -0.3 -1.3253594 0.2 0.09817477 3883.0 3883.0 0 3024.0 1050000082
cell 1 5 -0.3 -1.22718463 0.2 0.09817477 3883.0 3883.0 0 3024.0 1050000083
cell 1 5 -0.3 -1.12900986 0.2 0.09817477 3883.0 3883.0 0 3024.0 1050000084
cell 1 5 -0.3 -1.03083509 0.2 0.09817477 3883.0 3883.0 0 3024.0 1050000085
cell 1 5 -0.3 -0.93266032 0.2 0.09817477 3883.0 3883.0 0 3024.0 1050000086
cell 1 5 -0.3 -0.83448555 0.2 0.09817477 3883.0 3883.0 0 3024.0 1050000087
cell 1 5 -0.3 -0.73631078 0.2 0.09817477 3883.0 3883.0 0 3024.0 1050000088
cell 1 5 -0.3 -0.63813601 0.2 0.09817477 3883.0 3883.0 0 3024.0 1050000089
cell 1 5 -0.3 -0.53996124 0.2 0.09817477 3883.0 3883.0 0 3024.0 1050000090
cell 1 5 -0.3 -0.44178647 0.2 0.09817477 3883.0 3883.0 0 3024.0 1050000091
cell 1 5 -0.3 -0.3436117 0.2 0.09817477 3883.0 3883.0 0 3024.0 1050000092
cell 1 5 -0.3 -0.24543693 0.2 0.09817477 3883.0 3883.0 0 3024.0 1050000093
cell 1 5 -0.3 -0.14726216 0.2 0.09817477 3883.0 3883.0 0 3024.0 1050000094
cell 1 5 -0.3 -0.04908739 0.2 0.09817477 3883.0 3883.0 0 3024.0 1050000095
cell 1 5 -0.3 0.04908739 0.2 0.09817477 3883.0 3883.0 0 3024.0 1050000096
cell 1 5 -0.3 0.14726216 0.2 0.09817477 3883.0 3883.0 0 3024.0 1050000097
cell 1 5 -0.3 0.24543693 0.2 0.09817477 3883.0 3883.0 0 3024.0 1050000098
cell 1 5 -0.3 0.3436117 0.2 0.09817477 3883.0 3883.0 0 3024.0 1050000099
cell 1 5 -0.3 0.44178647 0.2 0.09817477 3883.0 3883.0 0 3024.0 1050000100
cell 1 5 -0.3 0.53996124 0.2 0.09817477 3883.0 3883.0 0 3024.0 1050000101
cell 1 5 -0.3 0.63813601 0.2 0.09817477 3883.0 3883.0 0 3024.0 1050000102
cell 1 5 -0.3 0.73631078 0.2 0.09817477 3883.0 3883.0 0 3024.0 1050000103
cell 1 5 -0.3 0.83448555 0.2 0.09817477 3883.0 3883.0 0 3024.0 1050000104
cell 1 5 -0.3 0.93266032 0.2 0.09817477 3883.0 3883.0 0 3024.0 1050000105
cell 1 5 -0.3 1.03083509 0.2 0.09817477 3883.0 3883.0 0 3024.0 1050000106
cell 1 5 -0.3 1.12900986 0.2 0.09817477 3883.0 3883.0 0 3024.0 1050000107
cell 1 5 -0.3 1.22718463 0.2 0.09817477 3883.0 3883.0 0 3024.0 1050000108
cell 1 5 -0.3 1.3253594 0.2 0.09817477 3883.0 3883.0 0 3024.0 1050000109
cell 1 5 -0.3 1.42353417 0.2 0.09817477 3883.0 3883.0 0 3024.0 1050000110
cell 1 5 -0.3 1.52170894 0.2 0.09817477 3883.0 3883.0 0 3024.0 1050000111
cell 1 5 -0.3 1.61988371 0.2 0.09817477 3883.0 3883.0 0 3024.0 1050000112
cell 1 5 -0.3 1.71805848 0.2 0.09817477 3883.0 3883.0 0 3024.0 1050000113
cell 1 5 -0.3 1.81623325 0.2 0.09817477 3883.0 3883.0 0 3024.0 1050000114
cell 1 5 -0.3 1.91440802 0.2 0.09817477 3883.0 3883.0 0 3024.0 1050000115
cell 1 5 -0.3 2.01258279 0.2 0.09817477 3883.0 3883.0 0 3024.0 1050000116
cell 1 5 -0.3 2.11075756 0.2 0.09817477 3883.0 3883.0 0 3024.0 1050000117
cell 1 5 -0.3 2.20893233 0.2 0.09817477 3883.0 3883.0 0 3024.0 1050000118
cell 1 5 -0.3 2.3071071 0.2 0.09817477 3883.0 3883.0 0 3024.0 1050000119
cell 1 5 -0.3 2.40528188 0.2 0.09817477 3883.0 3883.0 0 3024.0 1050000120
cell 1 5 -0.3 2.50345665 0.2 0.09817477 3883.0 3883.0 0 3024.0 1050000121
cell 1 5 -0.3 2.60163142 0.2 0.09817477 3883.0 3883.0 0 3024.0 1050000122
cell 1 5 -0.3 2.69980619 0.2 0.09817477 3883.0 3883.0 0 3024.0 1050000123
cell 1 5 -0.3 2.79798096 0.2 0.09817477 3883.0 3883.0 0 3024.0 1050000124
cell 1 5 -0.3 2.89615573 0.2 0.09817477 3883.0 3883.0 0 3024.0 1050000125
cell 1 5 -0.3 2.9943305 0.2 0.09817477 3883.0 3883.0 0 3024.0 1050000126
cell 1 5 -0.3 3.09250527 0.2 0.09817477 3883.0 3883.0 0 3024.0 1050000127
cell 1 5 -0.1 -3.09250527 0.2 0.09817477 3883.0 3883.0 0 3024.0 1050000128
cell 1 5 -0.1 -2.9943305 0.2 0.09817477 3883.0 3883.0 0 3024.0 1050000129
cell 1 5 -0.1 -2.89615573 0.2 0.09817477 3883.0 3883.0 0 3024.0 1050000130
cell 1 5 -0.1 -2.79798096 0.2 0.09817477 3883.0 3883.0 0 3024.0 1050000131
cell 1 5 -0.1 -2.69980619 0.2 0.09817477 3883.0 3883.0 0 3024.0 1050000132
cell 1 5 -0.1 -2.60163142 0.2 0.09817477 3883.0 3883.0 0 3024.0 1050000133
cell 1 5 -0.1 -2.50345665 0.2 0.09817477 3883.0 3883.0 0 3024.0 1050000134
cell 1 5 -0.1 -2.40528188 0.2 0.09817477 3883.0 3883.0 0 3024.0 1050000135
cell 1 5 -0.1 -2.3071071 0.2 0.09817477 3883.0 3883.0 0 3024.0 1050000136
cell 1 5 -0.1 -2.20893233 0.2 0.09817477 3883.0 3883.0 0 3024.0 1050000137
cell 1 5 -0.1 -2.11075756 0.2 0.09817477 3883.0 3883.0 0 3024.0 1050000138
cell 1 5 -0.1 -2.01258279 0.2 0.09817477 3883.0 3883.0 0 3024.0 1050000139
cell 1 5 -0.1 -1.91440802 0.2 0.09817477 3883.0 3883.0 0 3024.0 1050000140
cell 1 5 -0.1 -1.81623325 0.2 0.09817477 3883.0 3883.0 0 3024.0 1050000141
cell 1 5 -0.1 -1.71805848 0.2 0.09817477 3883.0 3883.0 0 3024.0 1050000142
cell 1 5 -0.1 -1.61988371 0.2 0.09817477 3883.0 3883.0 0 3024.0 1050000143
cell 1 5 -0.1 -1.52170894 0.2 0.09817477 3883.0 3883.0 0 3024.0 1050000144
cell 1 5 -0.1 -1.42353417 0.2 0.09817477 3883.0 3883.0 0 3024.0 1050000145
cell 1 5 -0.1 -1.3253594 0.2 0.09817477 3883.0 3883.0 0 3024.0 1050000146
cell 1 5 -0.1 -1.22718463 0.2 0.09817477 3883.0 3883.0 0 3024.0 1050000147
cell 1 5 -0.1 -1.12900986 0.2 0.09817477 3883.0 3883.0 0 3024.0 1050000148
cell 1 5 -0.1 -1.03083509 0.2 0.09817477 3883.0 3883.0 0 3024.0 1050000149
cell 1 5 -0.1 -0.93266032 0.2 0.09817477 3883.0 3883.0 0 3024.0 1050000150
cell 1 5 -0.1 -0.83448555 0.2 0.09817477 3883.0 3883.0 0 3024.0 1050000151
cell 1 5 -0.1 -0.73631078 0.2 0.09817477 3883.0 3883.0 0 3024.0 1050000152
cell 1 5 -0.1 -0.63813601 0.2 0.09817477 3883.0 3883.0 0 3024.0 1050000153
cell 1 5 -0.1 -0.53996124 0.2 0.09817477 3883.0 3883.0 0 3024.0 1050000154
cell 1 5 -0.1 -0.44178647 0.2 0.09817477 3883.0 3883.0 0 3024.0 1050000155
cell 1 5 -0.1 -0.3436117 0.2 0.09817477 3883.0 3883.0 0 3024.0 1050000156
cell 1 5 -0.1 -0.24543693 0.2 0.09817477 3883.0 3883.0 0 3024.0 1050000157
cell 1 5 -0.1 -0.14726216 0.2 0.09817477 3883.0 3883.0 0 3024.0 1050000158
cell 1 5 -0.1 -0.04908739 0.2 0.09817477 3883.0 3883.0 0 3024.0 1050000159
cell 1 5 -0.1 0.04908739 0.2 0.09817477 3883.0 3883.0 0 3024.0 1050000160
cell 1 5 -0.1 0.14726216 0.2 0.09817477 3883.0 3883.0 0 3024.0 1050000161
cell 1 5 -0.1 0.24543693 0.2 0.09817477 3883.0 3883.0 0 3024.0 1050000162
cell 1 5 -0.1 0.3436117 0.2 0.09817477 3883.0 3883.0 0 3024.0 1050000163
cell 1 5 -0.1 0.44178647 0.2 0.09817477 3883.0 3883.0 0 3024.0 1050000164
cell 1 5 -0.1 0.53996124 0.2 0.09817477 3883.0 3883.0 0 3024.0 1050000165
cell 1 5 -0.1 0.63813601 0.2 0.09817477 3883.0 3883.0 0 3024.0 1050000166
cell 1 5 -0.1 0.73631078 0.2 0.09817477 3883.0 3883.0 0 3024.0 1050000167
cell 1 5 -0.1 0.83448555 0.2 0.09817477 3883.0 3883.0 0 3024.0 1050000168
cell 1 5 -0.1 0.93266032 0.2 0.09817477 3883.0 3883.0 0 3024.0 1050000169
cell 1 5 -0.1 1.03083509 0.2 0.09817477 3883.0 3883.0 0 3024.0 1050000170
cell 1 5 -0.1 1.12900986 0.2 0.09817477 3883.0 3883.0 0 3024.0 1050000171
cell 1 5 -0.1 1.22718463 0.2 0.09817477 3883.0 3883.0 0 3024.0 1050000172
cell 1 5 -0.1 1.3253594 0.2 0.09817477 3883.0 3883.0 0 3024.0 1050000173
cell 1 5 -0.1 1.42353417 0.2 0.09817477 3883.0 3883.0 0 3024.0 1050000174
cell 1 5 -0.1 1.52170894 0.2 0.09817477 3883.0 3883.0 0 3024.0 1050000175
cell 1 5 -0.1 1.61988371 0.2 0.09817477 3883.0 3883.0 0 3024.0 1050000176
cell 1 5 -0.1 1.71805848 0.2 0.09817477 3883.0 3883.0 0 3024.0 1050000177
cell 1 5 -0.1 1.81623325 0.2 0.09817477 3883.0 3883.0 0 3024.0 1050000178
cell 1 5 -0.1 1.91440802 0.2 0.09817477 3883.0 3883.0 0 3024.0 1050000179
cell 1 5 -0.1 2.01258279 0.2 0.09817477 3883.0 3883.0 0 3024.0 1050000180
cell 1 5 -0.1 2.11075756 0.2 0.09817477 3883.0 3883.0 0 3024.0 1050000181
cell 1 5 -0.1 2.20893233 0.2 0.09817477 3883.0 3883.0 0 3024.0 1050000182
cell 1 5 -0.1 2.3071071 0.2 0.09817477 3883.0 3883.0 0 3024.0 1050000183
cell 1 5 -0.1 2.40528188 0.2 0.09817477 3883.0 3883.0 0 3024.0 1050000184
cell 1 5 -0.1 2.50345665 0.2 0.09817477 3883.0 3883.0 0 3024.0 1050000185
cell 1 5 -0.1 2.60163142 0.2 0.09817477 3883.0 3883.0 0 3024.0 1050000186
cell 1 5 -0.1 2.69980619 0.2 0.09817477 3883.0 3883.0 0 3024.0 1050000187
cell 1 5 -0.1 2.79798096 0.2 0.09817477 3883.0 3883.0 0 3024.0 1050000188
cell 1 5 -0.1 2.89615573 0.2 0.09817477 3883.0 3883.0 0 3024.0 1050000189
cell 1 5 -0.1 2.9943305 0.2 0.09817477 3883.0 3883.0 0 3024.0 1050000190
cell 1 5 -0.1 3.09250527 0.2 0.09817477 3883.0 3883.0 0 3024.0 1050000191
cell 1 5 0.1 -3.09250527 0.2 0.09817477 3883.0 3883.0 0 3024.0 1050000192
cell 1 5 0.1 -2.9943305 0.2 0.09817477 3883.0 3883.0 0 3024.0 1050000193
cell 1 5 0.1 -2.89615573 0.2 0.09817477 3883.0 3883.0 0 3024.0 1050000194
cell 1 5 0.1 -2.79798096 0.2 0.09817477 3883.0 3883.0 0 3024.0 1050000195
cell 1 5 0.1 -2.69980619 0.2 0.09817477 3883.0 3883.0 0 3024.0 1050000196
cell 1 5 0.1 -2.60163142 0.2 0.09817477 3883.0 3883.0 0 3024.0 1050000197
cell 1 5 0.1 -2.50345665 0.2 0.09817477 3883.0 3883.0 0 3024.0 1050000198
cell 1 5 0.1 -2.40528188 0.2 0.09817477 3883.0 3883.0 0 3024.0 1050000199
cell 1 5 0.1 -2.3071071 0.2 0.09817477 3883.0 3883.0 0 3024.0 1050000200
cell 1 5 0.1 -2.20893233 0.2 0.09817477 3883.0 3883.0 0 3024.0 1050000201
cell 1 5 0.1 -2.11075756 0.2 0.09817477 3883.0 3883.0 0 3024.0 1050000202
cell 1 5 0.1 -2.01258279 0.2 0.09817477 3883.0 3883.0 0 3024.0 1050000203
cell 1 5 0.1 -1.91440802 0.2 0.09817477 3883.0 3883.0 0 3024.0 1050000204
cell 1 5 0.1 -1.81623325 0.2 0.09817477 3883.0 3883.0 0 3024.0 1050000205
cell 1 5 0.1 -1.71805848 0.2 0.09817477 3883.0 3883.0 0 3024.0 1050000206
cell 1 5 0.1 -1.61988371 0.2 0.09817477 3883.0 3883.0 0 3024.0 1050000207
cell 1 5 0.1 -1.52170894 0.2 0.09817477 3883.0 3883.0 0 3024.0 1050000208
cell 1 5 0.1 -1.42353417 0.2 0.09817477 3883.0 3883.0 0 3024.0 1050000209
cell 1 5 0.1 -1.3253594 0.2 0.09817477 3883.0 3883.0 0 3024.0 1050000210
cell 1 5 0.1 -1.22718463 0.2 0.09817477 3883.0 3883.0 0 3024.0 1050000211
cell 1 5 0.1 -1.12900986 0.2 0.09817477 3883.0 3883.0 0 3024.0 1050000212
cell 1 5 0.1 -1.03083509 0.2 0.09817477 3883.0 3883.0 0 3024.0 1050000213
cell 1 5 0.1 -0.93266032 0.2 0.09817477 3883.0 3883.0 0 3024.0 1050000214
cell 1 5 0.1 -0.83448555 0.2 0.09817477 3883.0 3883.0 0 3024.0 1050000215
cell 1 5 0.1 -0.73631078 0.2 0.09817477 3883.0 3883.0 0 3024.0 1050000216
cell 1 5 0.1 -0.63813601 0.2 0.09817477 3883.0 3883.0 0 3024.0 1050000217
cell 1 5 0.1 -0.53996124 0.2 0.09817477 3883.0 3883.0 0 3024.0 1050000218
cell 1 5 0.1 -0.44178647 0.2 0.09817477 3883.0 3883.0 0 3024.0 1050000219
cell 1 5 0.1 -0.3436117 0.2 0.09817477 3883.0 3883.0 0 3024.0 1050000220
cell 1 5 0.1 -0.24543693 0.2 0.09817477 3883.0 3883.0 0 3024.0 1050000221
cell 1 5 0.1 -0.14726216 0.2 0.09817477 3883.0 3883.0 0 3024.0 1050000222
cell 1 5 0.1 -0.04908739 0.2 0.09817477 3883.0 3883.0 0 3024.0 1050000223
cell 1 5 0.1 0.04908739 0.2 0.09817477 3883.0 3883.0 0 3024.0 1050000224
cell 1 5 0.1 0.14726216 0.2 0.09817477 3883.0 3883.0 0 3024.0 1050000225
cell 1 5 0.1 0.24543693 0.2 0.09817477 3883.0 3883.0 0 3024.0 1050000226
cell 1 5 0.1 0.3436117 0.2 0.09817477 3883.0 3883.0 0 3024.0 1050000227
cell 1 5 0.1 0.44178647 0.2 0.09817477 3883.0 3883.0 0 3024.0 1050000228
cell 1 5 0.1 0.53996124 0.2 0.09817477 3883.0 3883.0 0 3024.0 1050000229
cell 1 5 0.1 0.63813601 0.2 0.09817477 3883.0 3883.0 0 3024.0 1050000230
cell 1 5 0.1 0.73631078 0.2 0.09817477 3883.0 3883.0 0 3024.0 1050000231
cell 1 5 0.1 0.83448555 0.2 0.09817477 3883.0 3883.0 0 3024.0 1050000232
cell 1 5 0.1 0.93266032 0.2 0.09817477 3883.0 3883.0 0 3024.0 1050000233
cell 1 5 0.1 1.03083509 0.2 0.09817477 3883.0 3883.0 0 3024.0 1050000234
cell 1 5 0.1 1.12900986 0.2 0.09817477 3883.0 3883.0 0 3024.0 1050000235
cell 1 5 0.1 1.22718463 0.2 0.09817477 3883.0 3883.0 0 3024.0 1050000236
cell 1 5 0.1 1.3253594 0.2 0.09817477 3883.0 3883.0 0 3024.0 1050000237
cell 1 5 0.1 1.42353417 0.2 0.09817477 3883.0 3883.0 0 3024.0 1050000238
cell 1 5 0.1 1.52170894 0.2 0.09817477 3883.0 3883.0 0 3024.0 1050000239
cell 1 5 0.1 1.61988371 0.2 0.09817477 3883.0 3883.0 0 3024.0 1050000240
cell 1 5 0.1 1.71805848 0.2 0.09817477 3883.0 3883.0 0 3024.0 1050000241
cell 1 5 0.1 1.81623325 0.2 0.09817477 3883.0 3883.0 0 3024.0 1050000242
cell 1 5 0.1 1.91440802 0.2 0.09817477 3883.0 3883.0 0 3024.0 1050000243
cell 1 5 0.1 2.01258279 0.2 0.09817477 3883.0 3883.0 0 3024.0 1050000244
cell 1 5 0.1 2.11075756 0.2 0.09817477 3883.0 3883.0 0 3024.0 1050000245
cell 1 5 0.1 2.20893233 0.2 0.09817477 3883.0 3883.0 0 3024.0 1050000246
cell 1 5 0.1 2.3071071 0.2 0.09817477 3883.0 3883.0 0 3024.0 1050000247
cell 1 5 0.1 2.40528188 0.2 0.09817477 3883.0 3883.0 0 3024.0 1050000248
cell 1 5 0.1 2.50345665 0.2 0.09817477 3883.0 3883.0 0 3024.0 1050000249
cell 1 5 0.1 2.60163142 0.2 0.09817477 3883.0 3883.0 0 3024.0 1050000250
cell 1 5 0.1 2.69980619 0.2 0.09817477 3883.0 3883.0 0 3024.0 1050000251
cell 1 5 0.1 2.79798096 0.2 0.09817477 3883.0 3883.0 0 3024.0 1050000252
cell 1 5 0.1 2.89615573 0.2 0.09817477 3883.0 3883.0 0 3024.0 1050000253
cell 1 5 0.1 2.9943305 0.2 0.09817477 3883.0 3883.0 0 3024.0 1050000254
cell 1 5 0.1 3.09250527 0.2 0.09817477 3883.0 3883.0 0 3024.0 1050000255
cell 1 5 0.3 -3.09250527 0.2 0.09817477 3883.0 3883.0 0 3024.0 1050000256
cell 1 5 0.3 -2.9943305 0.2 0.09817477 3883.0 3883.0 0 3024.0 1050000257
cell 1 5 0.3 -2.89615573 0.2 0.09817477 3883.0 3883.0 0 3024.0 1050000258
cell 1 5 0.3 -2.79798096 0.2 0.09817477 3883.0 3883.0 0 3024.0 1050000259
cell 1 5 0.3 -2.69980619 0.2 0.09817477 3883.0 3883.0 0 3024.0 1050000260
cell 1 5 0.3 -2.60163142 0.2 0.09817477 3883.0 3883.0 0 3024.0 1050000261
cell 1 5 0.3 -2.50345665 0.2 0.09817477 3883.0 3883.0 0 3024.0 1050000262
cell 1 5 0.3 -2.40528188 0.2 0.09817477 3883.0 3883.0 0 3024.0 1050000263
cell 1 5 0.3 -2.3071071 0.2 0.09817477 3883.0 3883.0 0 3024.0 1050000264
cell 1 5 0.3 -2.20893233 0.2 0.09817477 3883.0 3883.0 0 3024.0 1050000265
cell 1 5 0.3 -2.11075756 0.2 0.09817477 3883.0 3883.0 0 3024.0 1050000266
cell 1 5 0.3 -2.01258279 0.2 0.09817477 3883.0 3883.0 0 3024.0 1050000267
cell 1 5 0.3 -1.91440802 0.2 0.09817477 3883.0 3883.0 0 3024.0 1050000268
cell 1 5 0.3 -1.81623325 0.2 0.09817477 3883.0 3883.0 0 3024.0 1050000269
cell 1 5 0.3 -1.71805848 0.2 0.09817477 3883.0 3883.0 0 3024.0 1050000270
cell 1 5 0.3 -1.61988371 0.2 0.09817477 3883.0 3883.0 0 3024.0 1050000271
cell 1 5 0.3 -1.52170894 0.2 0.09817477 3883.0 3883.0 0 3024.0 1050000272
cell 1 5 0.3 -1.42353417 0.2 0.09817477 3883.0 3883.0 0 3024.0 1050000273
cell 1 5 0.3 -1.3253594 0.2 0.09817477 3883.0 3883.0 0 3024.0 1050000274
cell 1 5 0.3 -1.22718463 0.2 0.09817477 3883.0 3883.0 0 3024.0 1050000275
cell 1 5 0.3 -1.12900986 0.2 0.09817477 3883.0 3883.0 0 3024.0 1050000276
cell 1 5 0.3 -1.03083509 0.2 0.09817477 3883.0 3883.0 0 3024.0 1050000277
cell 1 5 0.3 -0.93266032 0.2 0.09817477 3883.0 3883.0 0 3024.0 1050000278
cell 1 5 0.3 -0.83448555 0.2 0.09817477 3883.0 3883.0 0 3024.0 1050000279
cell 1 5 0.3 -0.73631078 0.2 0.09817477 3883.0 3883.0 0 3024.0 1050000280
cell 1 5 0.3 -0.63813601 0.2 0.09817477 3883.0 3883.0 0 3024.0 1050000281
cell 1 5 0.3 -0.53996124 0.2 0.09817477 3883.0 3883.0 0 3024.0 1050000282
cell 1 5 0.3 -0.44178647 0.2 0.09817477 3883.0 3883.0 0 3024.0 1050000283
cell 1 5 0.3 -0.3436117 0.2 0.09817477 3883.0 3883.0 0 3024.0 1050000284
cell 1 5 0.3 -0.24543693 0.2 0.09817477 3883.0 3883.0 0 3024.0 1050000285
cell 1 5 0.3 -0.14726216 0.2 0.09817477 3883.0 3883.0 0 3024.0 1050000286
cell 1 5 0.3 -0.04908739 0.2 0.09817477 3883.0 3883.0 0 3024.0 1050000287
cell 1 5 0.3 0.04908739 0.2 0.09817477 3883.0 3883.0 0 3024.0 1050000288
cell 1 5 0.3 0.14726216 0.2 0.09817477 3883.0 3883.0 0 3024.0 1050000289
cell 1 5 0.3 0.24543693 0.2 0.09817477 3883.0 3883.0 0 3024.0 1050000290
cell 1 5 0.3 0.3436117 0.2 0.09817477 3883.0 3883.0 0 3024.0 1050000291
cell 1 5 0.3 0.44178647 0.2 0.09817477 3883.0 3883.0 0 3024.0 1050000292
cell 1 5 0.3 0.53996124 0.2 0.09817477 3883.0 3883.0 0 3024.0 1050000293
cell 1 5 0.3 0.63813601 0.2 0.09817477 3883.0 3883.0 0 3024.0 1050000294
cell 1 5 0.3 0.73631078 0.2 0.09817477 3883.0 3883.0 0 3024.0 1050000295
cell 1 5 0.3 0.83448555 0.2 0.09817477 3883.0 3883.0 0 3024.0 1050000296
cell 1 5 0.3 0.93266032 0.2 0.09817477 3883.0 3883.0 0 3024.0 1050000297
cell 1 5 0.3 1.03083509 0.2 0.09817477 3883.0 3883.0 0 3024.0 1050000298
cell 1 5 0.3 1.12900986 0.2 0.09817477 3883.0 3883.0 0 3024.0 1050000299
cell 1 5 0.3 1.22718463 0.2 0.09817477 3883.0 3883.0 0 3024.0 1050000300
cell 1 5 0.3 1.3253594 0.2 0.09817477 3883.0 3883.0 0 3024.0 1050000301
cell 1 5 0.3 1.42353417 0.2 0.09817477 3883.0 3883.0 0 3024.0 1050000302
cell 1 5 0.3 1.52170894 0.2 0.09817477 3883.0 3883.0 0 3024.0 1050000303
cell 1 5 0.3 1.61988371 0.2 0.09817477 3883.0 3883.0 0 3024.0 1050000304
cell 1 5 0.3 1.71805848 0.2 0.09817477 3883.0 3883.0 0 3024.0 1050000305
cell 1 5 0.3 1.81623325 0.2 0.09817477 3883.0 3883.0 0 3024.0 1050000306
cell 1 5 0.3 1.91440802 0.2 0.09817477 3883.0 3883.0 0 3024.0 1050000307
cell 1 5 0.3 2.01258279 0.2 0.09817477 3883.0 3883.0 0 3024.0 1050000308
cell 1 5 0.3 2.11075756 0.2 0.09817477 3883.0 3883.0 0 3024.0 1050000309
cell 1 5 0.3 2.20893233 0.2 0.09817477 3883.0 3883.0 0 3024.0 1050000310
cell 1 5 0.3 2.3071071 0.2 0.09817477 3883.0 3883.0 0 3024.0 1050000311
cell 1 5 0.3 2.40528188 0.2 0.09817477 3883.0 3883.0 0 3024.0 1050000312
cell 1 5 0.3 2.50345665 0.2 0.09817477 3883.0 3883.0 0 3024.0 1050000313
cell 1 5 0.3 2.60163142 0.2 0.09817477 3883.0 3883.0 0 3024.0 1050000314
cell 1 5 0.3 2.69980619 0.2 0.09817477 3883.0 3883.0 0 3024.0 1050000315
cell 1 5 0.3 2.79798096 0.2 0.09817477 3883.0 3883.0 0 3024.0 1050000316
cell 1 5 0.3 2.89615573 0.2 0.09817477 3883.0 3883.0 0 3024.0 1050000317
cell 1 5 0.3 2.9943305 0.2 0.09817477 3883.0 3883.0 0 3024.0 1050000318
cell 1 5 0.3 3.09250527 0.2 0.09817477 3883.0 3883.0 0 3024.0 1050000319
cell 1 5 0.5 -3.09250527 0.2 0.09817477 3883.0 3883.0 0 3024.0 1050000320
cell 1 5 0.5 -2.9943305 0.2 0.09817477 3883.0 3883.0 0 3024.0 1050000321
cell 1 5 0.5 -2.89615573 0.2 0.09817477 3883.0 3883.0 0 3024.0 1050000322
cell 1 5 0.5 -2.79798096 0.2 0.09817477 3883.0 3883.0 0 3024.0 1050000323
cell 1 5 0.5 -2.69980619 0.2 0.09817477 3883.0 3883.0 0 3024.0 1050000324
cell 1 5 0.5 -2.60163142 0.2 0.09817477 3883.0 3883.0 0 3024.0 1050000325
cell 1 5 0.5 -2.50345665 0.2 0.09817477 3883.0 3883.0 0 3024.0 1050000326
cell 1 5 0.5 -2.40528188 0.2 0.09817477 3883.0 3883.0 0 3024.0 1050000327
cell 1 5 0.5 -2.3071071 0.2 0.09817477 3883.0 3883.0 0 3024.0 1050000328
cell 1 5 0.5 -2.20893233 0.2 0.09817477 3883.0 3883.0 0 3024.0 1050000329
cell 1 5 0.5 -2.11075756 0.2 0.09817477 3883.0 3883.0 0 3024.0 1050000330
cell 1 5 0.5 -2.01258279 0.2 0.09817477 3883.0 3883.0 0 3024.0 1050000331
cell 1 5 0.5 -1.91440802 0.2 0.09817477 3883.0 3883.0 0 3024.0 1050000332
cell 1 5 0.5 -1.81623325 0.2 0.09817477 3883.0 3883.0 0 3024.0 1050000333
cell 1 5 0.5 -1.71805848 0.2 0.09817477 3883.0 3883.0 0 3024.0 1050000334
cell 1 5 0.5 -1.61988371 0.2 0.09817477 3883.0 3883.0 0 3024.0 1050000335
cell 1 5 0.5 -1.52170894 0.2 0.09817477 3883.0 3883.0 0 3024.0 1050000336
cell 1 5 0.5 -1.42353417 0.2 0.09817477 3883.0 3883.0 0 3024.0 1050000337
cell 1 5 0.5 -1.3253594 0.2 0.09817477 3883.0 3883.0 0 3024.0 1050000338
cell 1 5 0.5 -1.22718463 0.2 0.09817477 3883.0 3883.0 0 3024.0 1050000339
cell 1 5 0.5 -1.12900986 0.2 0.09817477 3883.0 3883.0 0 3024.0 1050000340
cell 1 5 0.5 -1.03083509 0.2 0.09817477 3883.0 3883.0 0 3024.0 1050000341
cell 1 5 0.5 -0.93266032 0.2 0.09817477 3883.0 3883.0 0 3024.0 1050000342
cell 1 5 0.5 -0.83448555 0.2 0.09817477 3883.0 3883.0 0 3024.0 1050000343
cell 1 5 0.5 -0.73631078 0.2 0.09817477 3883.0 3883.0 0 3024.0 1050000344
cell 1 5 0.5 -0.63813601 0.2 0.09817477 3883.0 3883.0 0 3024.0 1050000345
cell 1 5 0.5 -0.53996124 0.2 0.09817477 3883.0 3883.0 0 3024.0 1050000346
cell 1 5 0.5 -0.44178647 0.2 0.09817477 3883.0 3883.0 0 3024.0 1050000347
cell 1 5 0.5 -0.3436117 0.2 0.09817477 3883.0 3883.0 0 3024.0 1050000348
cell 1 5 0.5 -0.24543693 0.2 0.09817477 3883.0 3883.0 0 3024.0 1050000349
cell 1 5 0.5 -0.14726216 0.2 0.09817477 3883.0 3883.0 0 3024.0 1050000350
cell 1 5 0.5 -0.04908739 0.2 0.09817477 3883.0 3883.0 0 3024.0 1050000351
cell 1 5 0.5 0.04908739 0.2 0.09817477 3883.0 3883.0 0 3024.0 1050000352
cell 1 5 0.5 0.14726216 0.2 0.09817477 3883.0 3883.0 0 3024.0 1050000353
cell 1 5 0.5 0.24543693 0.2 0.09817477 3883.0 3883.0 0 3024.0 1050000354
cell 1 5 0.5 0.3436117 0.2 0.09817477 3883.0 3883.0 0 3024.0 1050000355
cell 1 5 0.5 0.44178647 0.2 0.09817477 3883.0 3883.0 0 3024.0 1050000356
cell 1 5 0.5 0.53996124 0.2 0.09817477 3883.0 3883.0 0 3024.0 1050000357
cell 1 5 0.5 0.63813601 0.2 0.09817477 3883.0 3883.0 0 3024.0 1050000358
cell 1 5 0.5 0.73631078 0.2 0.09817477 3883.0 3883.0 0 3024.0 1050000359
cell 1 5 0.5 0.83448555 0.2 0.09817477 3883.0 3883.0 0 3024.0 1050000360
cell 1 5 0.5 0.93266032 0.2 0.09817477 3883.0 3883.0 0 3024.0 1050000361
cell 1 5 0.5 1.03083509 0.2 0.09817477 3883.0 3883.0 0 3024.0 1050000362
cell 1 5 0.5 1.12900986 0.2 0.09817477 3883.0 3883.0 0 3024.0 1050000363
cell 1 5 0.5 1.22718463 0.2 0.09817477 3883.0 3883.0 0 3024.0 1050000364
cell 1 5 0.5 1.3253594 0.2 0.09817477 3883.0 3883.0 0 3024.0 1050000365
cell 1 5 0.5 1.42353417 0.2 0.09817477 3883.0 3883.0 0 3024.0 1050000366
cell 1 5 0.5 1.52170894 0.2 0.09817477 3883.0 3883.0 0 3024.0 1050000367
cell 1 5 0.5 1.61988371 0.2 0.09817477 3883.0 3883.0 0 3024.0 1050000368
cell 1 5 0.5 1.71805848 0.2 0.09817477 3883.0 3883.0 0 3024.0 1050000369
cell 1 5 0.5 1.81623325 0.2 0.09817477 3883.0 3883.0 0 3024.0 1050000370
cell 1 5 0.5 1.91440802 0.2 0.09817477 3883.0 3883.0 0 3024.0 1050000371
cell 1 5 0.5 2.01258279 0.2 0.09817477 3883.0 3883.0 0 3024.0 1050000372
cell 1 5 0.5 2.11075756 0.2 0.09817477 3883.0 3883.0 0 3024.0 1050000373
cell 1 5 0.5 2.20893233 0.2 0.09817477 3883.0 3883.0 0 3024.0 1050000374
cell 1 5 0.5 2.3071071 0.2 0.09817477 3883.0 3883.0 0 3024.0 1050000375
cell 1 5 0.5 2.40528188 0.2 0.09817477 3883.0 3883.0 0 3024.0 1050000376
cell 1 5 0.5 2.50345665 0.2 0.09817477 3883.0 3883.0 0 3024.0 1050000377
cell 1 5 0.5 2.60163142 0.2 0.09817477 3883.0 3883.0 0 3024.0 1050000378
cell 1 5 0.5 2.69980619 0.2 0.09817477 3883.0 3883.0 0 3024.0 1050000379
cell 1 5 0.5 2.79798096 0.2 0.09817477 3883.0 3883.0 0 3024.0 1050000380
cell 1 5 0.5 2.89615573 0.2 0.09817477 3883.0 3883.0 0 3024.0 1050000381
cell 1 5 0.5 2.9943305 0.2 0.09817477 3883.0 3883.0 0 3024.0 1050000382
cell 1 5 0.5 3.09250527 0.2 0.09817477 3883.0 3883.0 0 3024.0 1050000383
