# sample segmentation eta phi delta_eta delta_phi rmin rmax zmin zmax
config 2 13 1 2.5 3.2 302.0 2032.0 4208.0 4262.0
eta_bins -3.2 -3.1 -3.0 -2.9 -2.8 -2.7 -2.6 -2.5 2.5 2.6 2.7 2.8 2.9 3.0 3.1 3.2
phi_bins -3.1416 -3.0434 -2.9452 -2.8471 -2.7489 -2.6507 -2.5525 -2.4544 -2.3562 -2.258 -2.1598 -2.0617 -1.9635 -1.8653 -1.7671 -1.669 -1.5708 -1.4726 -1.3744 -1.2763 -1.1781 -1.0799 -0.9817 -0.8836 -0.7854 -0.6872 -0.589 -0.4909 -0.3927 -0.2945 -0.1963 -0.0982 0.0 0.0982 0.1963 0.2945 0.3927 0.4909 0.589 0.6872 0.7854 0.8836 0.9817 1.0799 1.1781 1.2763 1.3744 1.4726 1.5708 1.669 1.7671 1.8653 1.9635 2.0617 2.1598 2.258 2.3562 2.4544 2.5525 2.6507 2.7489 2.8471 2.9452 3.0434 3.1416
cell 2 13 -3.15 -3.09250527 0.1 0.09817477 302.0 2032.0 4208.0 4262.0 2131000000
cell 2 13 -3.15 -2.9943305 0.1 0.09817477 302.0 2032.0 4208.0 4262.0 2131000001
cell 2 13 -3.15 -2.89615573 0.1 0.09817477 302.0 2032.0 4208.0 4262.0 2131000002
cell 2 13 -3.15 -2.79798096 0.1 0.09817477 302.0 2032.0 4208.0 4262.0 2131000003
cell 2 13 -3.15 -2.69980619 0.1 0.09817477 302.0 2032.0 4208.0 4262.0 2131000004
cell 2 13 -3.15 -2.60163142 0.1 0.09817477 302.0 2032.0 4208.0 4262.0 2131000005
cell 2 13 -3.15 -2.50345665 0.1 0.09817477 302.0 2032.0 4208.0 4262.0 2131000006
cell 2 13 -3.15 -2.40528188 0.1 0.09817477 302.0 2032.0 4208.0 4262.0 2131000007
cell 2 13 -3.15 -2.3071071 0.1 0.09817477 302.0 2032.0 4208.0 4262.0 2131000008
cell 2 13 -3.15 -2.20893233 0.1 0.09817477 302.0 2032.0 4208.0 4262.0 2131000009
cell 2 13 -3.15 -2.11075756 0.1 0.09817477 302.0 2032.0 4208.0 4262.0 2131000010
cell 2 13 -3.15 -2.01258279 0.1 0.09817477 302.0 2032.0 4208.0 4262.0 2131000011
cell 2 13 -3.15 -1.91440802 0.1 0.09817477 302.0 2032.0 4208.0 4262.0 2131000012
cell 2 13 -3.15 -1.81623325 0.1 0.09817477 302.0 2032.0 4208.0 4262.0 2131000013
cell 2 13 -3.15 -1.71805848 0.1 0.09817477 302.0 2032.0 4208.0 4262.0 2131000014
cell 2 13 -3.15 -1.61988371 0.1 0.09817477 302.0 2032.0 4208.0 4262.0 2131000015
cell 2 13 -3.15 -1.52170894 0.1 0.09817477 302.0 2032.0 4208.0 4262.0 2131000016
cell 2 13 -3.15 -1.42353417 0.1 0.09817477 302.0 2032.0 4208.0 4262.0 2131000017
cell 2 13 -3.15 -1.3253594 0.1 0.09817477 302.0 2032.0 4208.0 4262.0 2131000018
cell 2 13 -3.15 -1.22718463 0.1 0.09817477 302.0 2032.0 4208.0 4262.0 2131000019
cell 2 13 -3.15 -1.12900986 0.1 0.09817477 302.0 2032.0 4208.0 4262.0 2131000020
cell 2 13 -3.15 -1.03083509 0.1 0.09817477 302.0 2032.0 4208.0 4262.0 2131000021
cell 2 13 -3.15 -0.93266032 0.1 0.09817477 302.0 2032.0 4208.0 4262.0 2131000022
cell 2 13 -3.15 -0.83448555 0.1 0.09817477 302.0 2032.0 4208.0 4262.0 2131000023
cell 2 13 -3.15 -0.73631078 0.1 0.09817477 302.0 2032.0 4208.0 4262.0 2131000024
cell 2 13 -3.15 -0.63813601 0.1 0.09817477 302.0 2032.0 4208.0 4262.0 2131000025
cell 2 13 -3.15 -0.53996124 0.1 0.09817477 302.0 2032.0 4208.0 4262.0 2131000026
cell 2 13 -3.15 -0.44178647 0.1 0.09817477 302.0 2032.0 4208.0 4262.0 2131000027
cell 2 13 -3.15 -0.3436117 0.1 0.09817477 302.0 2032.0 4208.0 4262.0 2131000028
cell 2 13 -3.15 -0.24543693 0.1 0.09817477 302.0 2032.0 4208.0 4262.0 2131000029
cell 2 13 -3.15 -0.14726216 0.1 0.09817477 302.0 2032.0 4208.0 4262.0 2131000030
cell 2 13 -3.15 -0.04908739 0.1 0.09817477 302.0 2032.0 4208.0 4262.0 2131000031
cell 2 13 -3.15 0.04908739 0.1 0.09817477 302.0 2032.0 4208.0 4262.0 2131000032
cell 2 13 -3.15 0.14726216 0.1 0.09817477 302.0 2032.0 4208.0 4262.0 2131000033
cell 2 13 -3.15 0.24543693 0.1 0.09817477 302.0 2032.0 4208.0 4262.0 2131000034
cell 2 13 -3.15 0.3436117 0.1 0.09817477 302.0 2032.0 4208.0 4262.0 2131000035
cell 2 13 -3.15 0.44178647 0.1 0.09817477 302.0 2032.0 4208.0 4262.0 2131000036
cell 2 13 -3.15 0.53996124 0.1 0.09817477 302.0 2032.0 4208.0 4262.0 2131000037
cell 2 13 -3.15 0.63813601 0.1 0.09817477 302.0 2032.0 4208.0 4262.0 2131000038
cell 2 13 -3.15 0.73631078 0.1 0.09817477 302.0 2032.0 4208.0 4262.0 2131000039
cell 2 13 -3.15 0.83448555 0.1 0.09817477 302.0 2032.0 4208.0 4262.0 2131000040
cell 2 13 -3.15 0.93266032 0.1 0.09817477 302.0 2032.0 4208.0 4262.0 2131000041
cell 2 13 -3.15 1.03083509 0.1 0.09817477 302.0 2032.0 4208.0 4262.0 2131000042
cell 2 13 -3.15 1.12900986 0.1 0.09817477 302.0 2032.0 4208.0 4262.0 2131000043
cell 2 13 -3.15 1.22718463 0.1 0.09817477 302.0 2032.0 4208.0 4262.0 2131000044
cell 2 13 -3.15 1.3253594 0.1 0.09817477 302.0 2032.0 4208.0 4262.0 2131000045
cell 2 13 -3.15 1.42353417 0.1 0.09817477 302.0 2032.0 4208.0 4262.0 2131000046
cell 2 13 -3.15 1.52170894 0.1 0.09817477 302.0 2032.0 4208.0 4262.0 2131000047
cell 2 13 -3.15 1.61988371 0.1 0.09817477 302.0 2032.0 4208.0 4262.0 2131000048
cell 2 13 -3.15 1.71805848 0.1 0.09817477 302.0 2032.0 4208.0 4262.0 2131000049
cell 2 13 -3.15 1.81623325 0.1 0.09817477 302.0 2032.0 4208.0 4262.0 2131000050
cell 2 13 -3.15 1.91440802 0.1 0.09817477 302.0 2032.0 4208.0 4262.0 2131000051
cell 2 13 -3.15 2.01258279 0.1 0.09817477 302.0 2032.0 4208.0 4262.0 2131000052
cell 2 13 -3.15 2.11075756 0.1 0.09817477 302.0 2032.0 4208.0 4262.0 2131000053
cell 2 13 -3.15 2.20893233 0.1 0.09817477 302.0 2032.0 4208.0 4262.0 2131000054
cell 2 13 -3.15 2.3071071 0.1 0.09817477 302.0 2032.0 4208.0 4262.0 2131000055
cell 2 13 -3.15 2.40528188 0.1 0.09817477 302.0 2032.0 4208.0 4262.0 2131000056
cell 2 13 -3.15 2.50345665 0.1 0.09817477 302.0 2032.0 4208.0 4262.0 2131000057
cell 2 13 -3.15 2.60163142 0.1 0.09817477 302.0 2032.0 4208.0 4262.0 2131000058
cell 2 13 -3.15 2.69980619 0.1 0.09817477 302.0 2032.0 4208.0 4262.0 2131000059
cell 2 13 -3.15 2.79798096 0.1 0.09817477 302.0 2032.0 4208.0 4262.0 2131000060
cell 2 13 -3.15 2.89615573 0.1 0.09817477 302.0 2032.0 4208.0 4262.0 2131000061
cell 2 13 -3.15 2.9943305 0.1 0.09817477 302.0 2032.0 4208.0 4262.0 2131000062
cell 2 13 -3.15 3.09250527 0.1 0.09817477 302.0 2032.0 4208.0 4262.0 2131000063
cell 2 13 -3.05 -3.09250527 0.1 0.09817477 302.0 2032.0 4208.0 4262.0 2131000064
cell 2 13 -3.05 -2.9943305 0.1 0.09817477 302.0 2032.0 4208.0 4262.0 2131000065
cell 2 13 -3.05 -2.89615573 0.1 0.09817477 302.0 2032.0 4208.0 4262.0 2131000066
cell 2 13 -3.05 -2.79798096 0.1 0.09817477 302.0 2032.0 4208.0 4262.0 2131000067
cell 2 13 -3.05 -2.69980619 0.1 0.09817477 302.0 2032.0 4208.0 4262.0 2131000068
cell 2 13 -3.05 -2.60163142 0.1 0.09817477 302.0 2032.0 4208.0 4262.0 2131000069
cell 2 13 -3.05 -2.50345665 0.1 0.09817477 302.0 2032.0 4208.0 4262.0 2131000070
cell 2 13 -3.05 -2.40528188 0.1 0.09817477 302.0 2032.0 4208.0 4262.0 2131000071
cell 2 13 -3.05 -2.3071071 0.1 0.09817477 302.0 2032.0 4208.0 4262.0 2131000072
cell 2 13 -3.05 -2.20893233 0.1 0.09817477 302.0 2032.0 4208.0 4262.0 2131000073
cell 2 13 -3.05 -2.11075756 0.1 0.09817477 302.0 2032.0 4208.0 4262.0 2131000074
cell 2 13 -3.05 -2.01258279 0.1 0.09817477 302.0 2032.0 4208.0 4262.0 2131000075
cell 2 13 -3.05 -1.91440802 0.1 0.09817477 302.0 2032.0 4208.0 4262.0 2131000076
cell 2 13 -3.05 -1.81623325 0.1 0.09817477 302.0 2032.0 4208.0 4262.0 2131000077
cell 2 13 -3.05 -1.71805848 0.1 0.09817477 302.0 2032.0 4208.0 4262.0 2131000078
cell 2 13 -3.05 -1.61988371 0.1 0.09817477 302.0 2032.0 4208.0 4262.0 2131000079
cell 2 13 -3.05 -1.52170894 0.1 0.09817477 302.0 2032.0 4208.0 4262.0 2131000080
cell 2 13 -3.05 -1.42353417 0.1 0.09817477 302.0 2032.0 4208.0 4262.0 2131000081
cell 2 13 -3.05 -1.3253594 0.1 0.09817477 302.0 2032.0 4208.0 4262.0 2131000082
cell 2 13 -3.05 -1.22718463 0.1 0.09817477 302.0 2032.0 4208.0 4262.0 2131000083
cell 2 13 -3.05 -1.12900986 0.1 0.09817477 302.0 2032.0 4208.0 4262.0 2131000084
cell 2 13 -3.05 -1.03083509 0.1 0.09817477 302.0 2032.0 4208.0 4262.0 2131000085
cell 2 13 -3.05 -0.93266032 0.1 0.09817477 302.0 2032.0 4208.0 4262.0 2131000086
cell 2 13 -3.05 -0.83448555 0.1 0.09817477 302.0 2032.0 4208.0 4262.0 2131000087
cell 2 13 -3.05 -0.73631078 0.1 0.09817477 302.0 2032.0 4208.0 4262.0 2131000088
cell 2 13 -3.05 -0.63813601 0.1 0.09817477 302.0 2032.0 4208.0 4262.0 2131000089
cell 2 13 -3.05 -0.53996124 0.1 0.09817477 302.0 2032.0 4208.0 4262.0 2131000090
cell 2 13 -3.05 -0.44178647 0.1 0.09817477 302.0 2032.0 4208.0 4262.0 2131000091
cell 2 13 -3.05 -0.3436117 0.1 0.09817477 302.0 2032.0 4208.0 4262.0 2131000092
cell 2 13 -3.05 -0.24543693 0.1 0.09817477 302.0 2032.0 4208.0 4262.0 2131000093
cell 2 13 -3.05 -0.14726216 0.1 0.09817477 302.0 2032.0 4208.0 4262.0 2131000094
cell 2 13 -3.05 -0.04908739 0.1 0.09817477 302.0 2032.0 4208.0 4262.0 2131000095
cell 2 13 -3.05 0.04908739 0.1 0.09817477 302.0 2032.0 4208.0 4262.0 2131000096
cell 2 13 -3.05 0.14726216 0.1 0.09817477 302.0 2032.0 4208.0 4262.0 2131000097
cell 2 13 -3.05 0.24543693 0.1 0.09817477 302.0 2032.0 4208.0 4262.0 2131000098
cell 2 13 -3.05 0.3436117 0.1 0.09817477 302.0 2032.0 4208.0 4262.0 2131000099
cell 2 13 -3.05 0.44178647 0.1 0.09817477 302.0 2032.0 4208.0 4262.0 2131000100
cell 2 13 -3.05 0.53996124 0.1 0.09817477 302.0 2032.0 4208.0 4262.0 2131000101
cell 2 13 -3.05 0.63813601 0.1 0.09817477 302.0 2032.0 4208.0 4262.0 2131000102
cell 2 13 -3.05 0.73631078 0.1 0.09817477 302.0 2032.0 4208.0 4262.0 2131000103
cell 2 13 -3.05 0.83448555 0.1 0.09817477 302.0 2032.0 4208.0 4262.0 2131000104
cell 2 13 -3.05 0.93266032 0.1 0.09817477 302.0 2032.0 4208.0 4262.0 2131000105
cell 2 13 -3.05 1.03083509 0.1 0.09817477 302.0 2032.0 4208.0 4262.0 2131000106
cell 2 13 -3.05 1.12900986 0.1 0.09817477 302.0 2032.0 4208.0 4262.0 2131000107
cell 2 13 -3.05 1.22718463 0.1 0.09817477 302.0 2032.0 4208.0 4262.0 2131000108
cell 2 13 -3.05 1.3253594 0.1 0.09817477 302.0 2032.0 4208.0 4262.0 2131000109
cell 2 13 -3.05 1.42353417 0.1 0.09817477 302.0 2032.0 4208.0 4262.0 2131000110
cell 2 13 -3.05 1.52170894 0.1 0.09817477 302.0 2032.0 4208.0 4262.0 2131000111
cell 2 13 -3.05 1.61988371 0.1 0.09817477 302.0 2032.0 4208.0 4262.0 2131000112
cell 2 13 -3.05 1.71805848 0.1 0.09817477 302.0 2032.0 4208.0 4262.0 2131000113
cell 2 13 -3.05 1.81623325 0.1 0.09817477 302.0 2032.0 4208.0 4262.0 2131000114
cell 2 13 -3.05 1.91440802 0.1 0.09817477 302.0 2032.0 4208.0 4262.0 2131000115
cell 2 13 -3.05 2.01258279 0.1 0.09817477 302.0 2032.0 4208.0 4262.0 2131000116
cell 2 13 -3.05 2.11075756 0.1 0.09817477 302.0 2032.0 4208.0 4262.0 2131000117
cell 2 13 -3.05 2.20893233 0.1 0.09817477 302.0 2032.0 4208.0 4262.0 2131000118
cell 2 13 -3.05 2.3071071 0.1 0.09817477 302.0 2032.0 4208.0 4262.0 2131000119
cell 2 13 -3.05 2.40528188 0.1 0.09817477 302.0 2032.0 4208.0 4262.0 2131000120
cell 2 13 -3.05 2.50345665 0.1 0.09817477 302.0 2032.0 4208.0 4262.0 2131000121
cell 2 13 -3.05 2.60163142 0.1 0.09817477 302.0 2032.0 4208.0 4262.0 2131000122
cell 2 13 -3.05 2.69980619 0.1 0.09817477 302.0 2032.0 4208.0 4262.0 2131000123
cell 2 13 -3.05 2.79798096 0.1 0.09817477 302.0 2032.0 4208.0 4262.0 2131000124
cell 2 13 -3.05 2.89615573 0.1 0.09817477 302.0 2032.0 4208.0 4262.0 2131000125
cell 2 13 -3.05 2.9943305 0.1 0.09817477 302.0 2032.0 4208.0 4262.0 2131000126
cell 2 13 -3.05 3.09250527 0.1 0.09817477 302.0 2032.0 4208.0 4262.0 2131000127
cell 2 13 -2.95 -3.09250527 0.1 0.09817477 302.0 2032.0 4208.0 4262.0 2131000128
cell 2 13 -2.95 -2.9943305 0.1 0.09817477 302.0 2032.0 4208.0 4262.0 2131000129
cell 2 13 -2.95 -2.89615573 0.1 0.09817477 302.0 2032.0 4208.0 4262.0 2131000130
cell 2 13 -2.95 -2.79798096 0.1 0.09817477 302.0 2032.0 4208.0 4262.0 2131000131
cell 2 13 -2.95 -2.69980619 0.1 0.09817477 302.0 2032.0 4208.0 4262.0 2131000132
cell 2 13 -2.95 -2.60163142 0.1 0.09817477 302.0 2032.0 4208.0 4262.0 2131000133
cell 2 13 -2.95 -2.50345665 0.1 0.09817477 302.0 2032.0 4208.0 4262.0 2131000134
cell 2 13 -2.95 -2.40528188 0.1 0.09817477 302.0 2032.0 4208.0 4262.0 2131000135
cell 2 13 -2.95 -2.3071071 0.1 0.09817477 302.0 2032.0 4208.0 4262.0 2131000136
cell 2 13 -2.95 -2.20893233 0.1 0.09817477 302.0 2032.0 4208.0 4262.0 2131000137
cell 2 13 -2.95 -2.11075756 0.1 0.09817477 302.0 2032.0 4208.0 4262.0 2131000138
cell 2 13 -2.95 -2.01258279 0.1 0.09817477 302.0 2032.0 4208.0 4262.0 2131000139
cell 2 13 -2.95 -1.91440802 0.1 0.09817477 302.0 2032.0 4208.0 4262.0 2131000140
cell 2 13 -2.95 -1.81623325 0.1 0.09817477 302.0 2032.0 4208.0 4262.0 2131000141
cell 2 13 -2.95 -1.71805848 0.1 0.09817477 302.0 2032.0 4208.0 4262.0 2131000142
cell 2 13 -2.95 -1.61988371 0.1 0.09817477 302.0 2032.0 4208.0 4262.0 2131000143
cell 2 13 -2.95 -1.52170894 0.1 0.09817477 302.0 2032.0 4208.0 4262.0 2131000144
cell 2 13 -2.95 -1.42353417 0.1 0.09817477 302.0 2032.0 4208.0 4262.0 2131000145
cell 2 13 -2.95 -1.3253594 0.1 0.09817477 302.0 2032.0 4208.0 4262.0 2131000146
cell 2 13 -2.95 -1.22718463 0.1 0.09817477 302.0 2032.0 4208.0 4262.0 2131000147
cell 2 13 -2.95 -1.12900986 0.1 0.09817477 302.0 2032.0 4208.0 4262.0 2131000148
cell 2 13 -2.95 -1.03083509 0.1 0.09817477 302.0 2032.0 4208.0 4262.0 2131000149
cell 2 13 -2.95 -0.93266032 0.1 0.09817477 302.0 2032.0 4208.0 4262.0 2131000150
cell 2 13 -2.95 -0.83448555 0.1 0.09817477 302.0 2032.0 4208.0 4262.0 2131000151
cell 2 13 -2.95 -0.73631078 0.1 0.09817477 302.0 2032.0 4208.0 4262.0 2131000152
cell 2 13 -2.95 -0.63813601 0.1 0.09817477 302.0 2032.0 4208.0 4262.0 2131000153
cell 2 13 -2.95 -0.53996124 0.1 0.09817477 302.0 2032.0 4208.0 4262.0 2131000154
cell 2 13 -2.95 -0.44178647 0.1 0.09817477 302.0 2032.0 4208.0 4262.0 2131000155
cell 2 13 -2.95 -0.3436117 0.1 0.09817477 302.0 2032.0 4208.0 4262.0 2131000156
cell 2 13 -2.95 -0.24543693 0.1 0.09817477 302.0 2032.0 4208.0 4262.0 2131000157
cell 2 13 -2.95 -0.14726216 0.1 0.09817477 302.0 2032.0 4208.0 4262.0 2131000158
cell 2 13 -2.95 -0.04908739 0.1 0.09817477 302.0 2032.0 4208.0 4262.0 2131000159
cell 2 13 -2.95 0.04908739 0.1 0.09817477 302.0 2032.0 4208.0 4262.0 2131000160
cell 2 13 -2.95 0.14726216 0.1 0.09817477 302.0 2032.0 4208.0 4262.0 2131000161
cell 2 13 -2.95 0.24543693 0.1 0.09817477 302.0 2032.0 4208.0 4262.0 2131000162
cell 2 13 -2.95 0.3436117 0.1 0.09817477 302.0 2032.0 4208.0 4262.0 2131000163
cell 2 13 -2.95 0.44178647 0.1 0.09817477 302.0 2032.0 4208.0 4262.0 2131000164
cell 2 13 -2.95 0.53996124 0.1 0.09817477 302.0 2032.0 4208.0 4262.0 2131000165
cell 2 13 -2.95 0.63813601 0.1 0.09817477 302.0 2032.0 4208.0 4262.0 2131000166
cell 2 13 -2.95 0.73631078 0.1 0.09817477 302.0 2032.0 4208.0 4262.0 2131000167
cell 2 13 -2.95 0.83448555 0.1 0.09817477 302.0 2032.0 4208.0 4262.0 2131000168
cell 2 13 -2.95 0.93266032 0.1 0.09817477 302.0 2032.0 4208.0 4262.0 2131000169
cell 2 13 -2.95 1.03083509 0.1 0.09817477 302.0 2032.0 4208.0 4262.0 2131000170
cell 2 13 -2.95 1.12900986 0.1 0.09817477 302.0 2032.0 4208.0 4262.0 2131000171
cell 2 13 -2.95 1.22718463 0.1 0.09817477 302.0 2032.0 4208.0 4262.0 2131000172
cell 2 13 -2.95 1.3253594 0.1 0.09817477 302.0 2032.0 4208.0 4262.0 2131000173
cell 2 13 -2.95 1.42353417 0.1 0.09817477 302.0 2032.0 4208.0 4262.0 2131000174
cell 2 13 -2.95 1.52170894 0.1 0.09817477 302.0 2032.0 4208.0 4262.0 2131000175
cell 2 13 -2.95 1.61988371 0.1 0.09817477 302.0 2032.0 4208.0 4262.0 2131000176
cell 2 13 -2.95 1.71805848 0.1 0.09817477 302.0 2032.0 4208.0 4262.0 2131000177
cell 2 13 -2.95 1.81623325 0.1 0.09817477 302.0 2032.0 4208.0 4262.0 2131000178
cell 2 13 -2.95 1.91440802 0.1 0.09817477 302.0 2032.0 4208.0 4262.0 2131000179
cell 2 13 -2.95 2.01258279 0.1 0.09817477 302.0 2032.0 4208.0 4262.0 2131000180
cell 2 13 -2.95 2.11075756 0.1 0.09817477 302.0 2032.0 4208.0 4262.0 2131000181
cell 2 13 -2.95 2.20893233 0.1 0.09817477 302.0 2032.0 4208.0 4262.0 2131000182
cell 2 13 -2.95 2.3071071 0.1 0.09817477 302.0 2032.0 4208.0 4262.0 2131000183
cell 2 13 -2.95 2.40528188 0.1 0.09817477 302.0 2032.0 4208.0 4262.0 2131000184
cell 2 13 -2.95 2.50345665 0.1 0.09817477 302.0 2032.0 4208.0 4262.0 2131000185
cell 2 13 -2.95 2.60163142 0.1 0.09817477 302.0 2032.0 4208.0 4262.0 2131000186
cell 2 13 -2.95 2.69980619 0.1 0.09817477 302.0 2032.0 4208.0 4262.0 2131000187
cell 2 13 -2.95 2.79798096 0.1 0.09817477 302.0 2032.0 4208.0 4262.0 2131000188
cell 2 13 -2.95 2.89615573 0.1 0.09817477 302.0 2032.0 4208.0 4262.0 2131000189
cell 2 13 -2.95 2.9943305 0.1 0.09817477 302.0 2032.0 4208.0 4262.0 2131000190
cell 2 13 -2.95 3.09250527 0.1 0.09817477 302.0 2032.0 4208.0 4262.0 2131000191
cell 2 13 -2.85 -3.09250527 0.1 0.09817477 302.0 2032.0 4208.0 4262.0 2131000192
cell 2 13 -2.85 -2.9943305 0.1 0.09817477 302.0 2032.0 4208.0 4262.0 2131000193
cell 2 13 -2.85 -2.89615573 0.1 0.09817477 302.0 2032.0 4208.0 4262.0 2131000194
cell 2 13 -2.85 -2.79798096 0.1 0.09817477 302.0 2032.0 4208.0 4262.0 2131000195
cell 2 13 -2.85 -2.69980619 0.1 0.09817477 302.0 2032.0 4208.0 4262.0 2131000196
cell 2 13 -2.85 -2.60163142 0.1 0.09817477 302.0 2032.0 4208.0 4262.0 2131000197
cell 2 13 -2.85 -2.50345665 0.1 0.09817477 302.0 2032.0 4208.0 4262.0 2131000198
cell 2 13 -2.85 -2.40528188 0.1 0.09817477 302.0 2032.0 4208.0 4262.0 2131000199
cell 2 13 -2.85 -2.3071071 0.1 0.09817477 302.0 2032.0 4208.0 4262.0 2131000200
cell 2 13 -2.85 -2.20893233 0.1 0.09817477 302.0 2032.0 4208.0 4262.0 2131000201
cell 2 13 -2.85 -2.11075756 0.1 0.09817477 302.0 2032.0 4208.0 4262.0 2131000202
cell 2 13 -2.85 -2.01258279 0.1 0.09817477 302.0 2032.0 4208.0 4262.0 2131000203
cell 2 13 -2.85 -1.91440802 0.1 0.09817477 302.0 2032.0 4208.0 4262.0 2131000204
cell 2 13 -2.85 -1.81623325 0.1 0.09817477 302.0 2032.0 4208.0 4262.0 2131000205
cell 2 13 -2.85 -1.71805848 0.1 0.09817477 302.0 2032.0 4208.0 4262.0 2131000206
cell 2 13 -2.85 -1.61988371 0.1 0.09817477 302.0 2032.0 4208.0 4262.0 2131000207
cell 2 13 -2.85 -1.52170894 0.1 0.09817477 302.0 2032.0 4208.0 4262.0 2131000208
cell 2 13 -2.85 -1.42353417 0.1 0.09817477 302.0 2032.0 4208.0 4262.0 2131000209
cell 2 13 -2.85 -1.3253594 0.1 0.09817477 302.0 2032.0 4208.0 4262.0 2131000210
cell 2 13 -2.85 -1.22718463 0.1 0.09817477 302.0 2032.0 4208.0 4262.0 2131000211
cell 2 13 -2.85 -1.12900986 0.1 0.09817477 302.0 2032.0 4208.0 4262.0 2131000212
cell 2 13 -2.85 -1.03083509 0.1 0.09817477 302.0 2032.0 4208.0 4262.0 2131000213
cell 2 13 -2.85 -0.93266032 0.1 0.09817477 302.0 2032.0 4208.0 4262.0 2131000214
cell 2 13 -2.85 -0.83448555 0.1 0.09817477 302.0 2032.0 4208.0 4262.0 2131000215
cell 2 13 -2.85 -0.73631078 0.1 0.09817477 302.0 2032.0 4208.0 4262.0 2131000216
cell 2 13 -2.85 -0.63813601 0.1 0.09817477 302.0 2032.0 4208.0 4262.0 2131000217
cell 2 13 -2.85 -0.53996124 0.1 0.09817477 302.0 2032.0 4208.0 4262.0 2131000218
cell 2 13 -2.85 -0.44178647 0.1 0.09817477 302.0 2032.0 4208.0 4262.0 2131000219
cell 2 13 -2.85 -0.3436117 0.1 0.09817477 302.0 2032.0 4208.0 4262.0 2131000220
cell 2 13 -2.85 -0.24543693 0.1 0.09817477 302.0 2032.0 4208.0 4262.0 2131000221
cell 2 13 -2.85 -0.14726216 0.1 0.09817477 302.0 2032.0 4208.0 4262.0 2131000222
cell 2 13 -2.85 -0.04908739 0.1 0.09817477 302.0 2032.0 4208.0 4262.0 2131000223
cell 2 13 -2.85 0.04908739 0.1 0.09817477 302.0 2032.0 4208.0 4262.0 2131000224
cell 2 13 -2.85 0.14726216 0.1 0.09817477 302.0 2032.0 4208.0 4262.0 2131000225
cell 2 13 -2.85 0.24543693 0.1 0.09817477 302.0 2032.0 4208.0 4262.0 2131000226
cell 2 13 -2.85 0.3436117 0.1 0.09817477 302.0 2032.0 4208.0 4262.0 2131000227
cell 2 13 -2.85 0.44178647 0.1 0.09817477 302.0 2032.0 4208.0 4262.0 2131000228
cell 2 13 -2.85 0.53996124 0.1 0.09817477 302.0 2032.0 4208.0 4262.0 2131000229
cell 2 13 -2.85 0.63813601 0.1 0.09817477 302.0 2032.0 4208.0 4262.0 2131000230
cell 2 13 -2.85 0.73631078 0.1 0.09817477 302.0 2032.0 4208.0 4262.0 2131000231
cell 2 13 -2.85 0.83448555 0.1 0.09817477 302.0 2032.0 4208.0 4262.0 2131000232
cell 2 13 -2.85 0.93266032 0.1 0.09817477 302.0 2032.0 4208.0 4262.0 2131000233
cell 2 13 -2.85 1.03083509 0.1 0.09817477 302.0 2032.0 4208.0 4262.0 2131000234
cell 2 13 -2.85 1.12900986 0.1 0.09817477 302.0 2032.0 4208.0 4262.0 2131000235
cell 2 13 -2.85 1.22718463 0.1 0.09817477 302.0 2032.0 4208.0 4262.0 2131000236
cell 2 13 -2.85 1.3253594 0.1 0.09817477 302.0 2032.0 4208.0 4262.0 2131000237
cell 2 13 -2.85 1.42353417 0.1 0.09817477 302.0 2032.0 4208.0 4262.0 2131000238
cell 2 13 -2.85 1.52170894 0.1 0.09817477 302.0 2032.0 4208.0 4262.0 2131000239
cell 2 13 -2.85 1.61988371 0.1 0.09817477 302.0 2032.0 4208.0 4262.0 2131000240
cell 2 13 -2.85 1.71805848 0.1 0.09817477 302.0 2032.0 4208.0 4262.0 2131000241
cell 2 13 -2.85 1.81623325 0.1 0.09817477 302.0 2032.0 4208.0 4262.0 2131000242
cell 2 13 -2.85 1.91440802 0.1 0.09817477 302.0 2032.0 4208.0 4262.0 2131000243
cell 2 13 -2.85 2.01258279 0.1 0.09817477 302.0 2032.0 4208.0 4262.0 2131000244
cell 2 13 -2.85 2.11075756 0.1 0.09817477 302.0 2032.0 4208.0 4262.0 2131000245
cell 2 13 -2.85 2.20893233 0.1 0.09817477 302.0 2032.0 4208.0 4262.0 2131000246
cell 2 13 -2.85 2.3071071 0.1 0.09817477 302.0 2032.0 4208.0 4262.0 2131000247
cell 2 13 -2.85 2.40528188 0.1 0.09817477 302.0 2032.0 4208.0 4262.0 2131000248
cell 2 13 -2.85 2.50345665 0.1 0.09817477 302.0 2032.0 4208.0 4262.0 2131000249
cell 2 13 -2.85 2.60163142 0.1 0.09817477 302.0 2032.0 4208.0 4262.0 2131000250
cell 2 13 -2.85 2.69980619 0.1 0.09817477 302.0 2032.0 4208.0 4262.0 2131000251
cell 2 13 -2.85 2.79798096 0.1 0.09817477 302.0 2032.0 4208.0 4262.0 2131000252
cell 2 13 -2.85 2.89615573 0.1 0.09817477 302.0 2032.0 4208.0 4262.0 2131000253
cell 2 13 -2.85 2.9943305 0.1 0.09817477 302.0 2032.0 4208.0 4262.0 2131000254
cell 2 13 -2.85 3.09250527 0.1 0.09817477 302.0 2032.0 4208.0 4262.0 2131000255
cell 2 13 -2.75 -3.09250527 0.1 0.09817477 302.0 2032.0 4208.0 4262.0 2131000256
cell 2 13 -2.75 -2.9943305 0.1 0.09817477 302.0 2032.0 4208.0 4262.0 2131000257
cell 2 13 -2.75 -2.89615573 0.1 0.09817477 302.0 2032.0 4208.0 4262.0 2131000258
cell 2 13 -2.75 -2.79798096 0.1 0.09817477 302.0 2032.0 4208.0 4262.0 2131000259
cell 2 13 -2.75 -2.69980619 0.1 0.09817477 302.0 2032.0 4208.0 4262.0 2131000260
cell 2 13 -2.75 -2.60163142 0.1 0.09817477 302.0 2032.0 4208.0 4262.0 2131000261
cell 2 13 -2.75 -2.50345665 0.1 0.09817477 302.0 2032.0 4208.0 4262.0 2131000262
cell 2 13 -2.75 -2.40528188 0.1 0.09817477 302.0 2032.0 4208.0 4262.0 2131000263
cell 2 13 -2.75 -2.3071071 0.1 0.09817477 302.0 2032.0 4208.0 4262.0 2131000264
cell 2 13 -2.75 -2.20893233 0.1 0.09817477 302.0 2032.0 4208.0 4262.0 2131000265
cell 2 13 -2.75 -2.11075756 0.1 0.09817477 302.0 2032.0 4208.0 4262.0 2131000266
cell 2 13 -2.75 -2.01258279 0.1 0.09817477 302.0 2032.0 4208.0 4262.0 2131000267
cell 2 13 -2.75 -1.91440802 0.1 0.09817477 302.0 2032.0 4208.0 4262.0 2131000268
cell 2 13 -2.75 -1.81623325 0.1 0.09817477 302.0 2032.0 4208.0 4262.0 2131000269
cell 2 13 -2.75 -1.71805848 0.1 0.09817477 302.0 2032.0 4208.0 4262.0 2131000270
cell 2 13 -2.75 -1.61988371 0.1 0.09817477 302.0 2032.0 4208.0 4262.0 2131000271
cell 2 13 -2.75 -1.52170894 0.1 0.09817477 302.0 2032.0 4208.0 4262.0 2131000272
cell 2 13 -2.75 -1.42353417 0.1 0.09817477 302.0 2032.0 4208.0 4262.0 2131000273
cell 2 13 -2.75 -1.3253594 0.1 0.09817477 302.0 2032.0 4208.0 4262.0 2131000274
cell 2 13 -2.75 -1.22718463 0.1 0.09817477 302.0 2032.0 4208.0 4262.0 2131000275
cell 2 13 -2.75 -1.12900986 0.1 0.09817477 302.0 2032.0 4208.0 4262.0 2131000276
cell 2 13 -2.75 -1.03083509 0.1 0.09817477 302.0 2032.0 4208.0 4262.0 2131000277
cell 2 13 -2.75 -0.93266032 0.1 0.09817477 302.0 2032.0 4208.0 4262.0 2131000278
cell 2 13 -2.75 -0.83448555 0.1 0.09817477 302.0 2032.0 4208.0 4262.0 2131000279
cell 2 13 -2.75 -0.73631078 0.1 0.09817477 302.0 2032.0 4208.0 4262.0 2131000280
cell 2 13 -2.75 -0.63813601 0.1 0.09817477 302.0 2032.0 4208.0 4262.0 2131000281
cell 2 13 -2.75 -0.53996124 0.1 0.09817477 302.0 2032.0 4208.0 4262.0 2131000282
cell 2 13 -2.75 -0.44178647 0.1 0.09817477 302.0 2032.0 4208.0 4262.0 2131000283
cell 2 13 -2.75 -0.3436117 0.1 0.09817477 302.0 2032.0 4208.0 4262.0 2131000284
cell 2 13 -2.75 -0.24543693 0.1 0.09817477 302.0 2032.0 4208.0 4262.0 2131000285
cell 2 13 -2.75 -0.14726216 0.1 0.09817477 302.0 2032.0 4208.0 4262.0 2131000286
cell 2 13 -2.75 -0.04908739 0.1 0.09817477 302.0 2032.0 4208.0 4262.0 2131000287
cell 2 13 -2.75 0.04908739 0.1 0.09817477 302.0 2032.0 4208.0 4262.0 2131000288
cell 2 13 -2.75 0.14726216 0.1 0.09817477 302.0 2032.0 4208.0 4262.0 2131000289
cell 2 13 -2.75 0.24543693 0.1 0.09817477 302.0 2032.0 4208.0 4262.0 2131000290
cell 2 13 -2.75 0.3436117 0.1 0.09817477 302.0 2032.0 4208.0 4262.0 2131000291
cell 2 13 -2.75 0.44178647 0.1 0.09817477 302.0 2032.0 4208.0 4262.0 2131000292
cell 2 13 -2.75 0.53996124 0.1 0.09817477 302.0 2032.0 4208.0 4262.0 2131000293
cell 2 13 -2.75 0.63813601 0.1 0.09817477 302.0 2032.0 4208.0 4262.0 2131000294
cell 2 13 -2.75 0.73631078 0.1 0.09817477 302.0 2032.0 4208.0 4262.0 2131000295
cell 2 13 -2.75 0.83448555 0.1 0.09817477 302.0 2032.0 4208.0 4262.0 2131000296
cell 2 13 -2.75 0.93266032 0.1 0.09817477 302.0 2032.0 4208.0 4262.0 2131000297
cell 2 13 -2.75 1.03083509 0.1 0.09817477 302.0 2032.0 4208.0 4262.0 2131000298
cell 2 13 -2.75 1.12900986 0.1 0.09817477 302.0 2032.0 4208.0 4262.0 2131000299
cell 2 13 -2.75 1.22718463 0.1 0.09817477 302.0 2032.0 4208.0 4262.0 2131000300
cell 2 13 -2.75 1.3253594 0.1 0.09817477 302.0 2032.0 4208.0 4262.0 2131000301
cell 2 13 -2.75 1.42353417 0.1 0.09817477 302.0 2032.0 4208.0 4262.0 2131000302
cell 2 13 -2.75 1.52170894 0.1 0.09817477 302.0 2032.0 4208.0 4262.0 2131000303
cell 2 13 -2.75 1.61988371 0.1 0.09817477 302.0 2032.0 4208.0 4262.0 2131000304
cell 2 13 -2.75 1.71805848 0.1 0.09817477 302.0 2032.0 4208.0 4262.0 2131000305
cell 2 13 -2.75 1.81623325 0.1 0.09817477 302.0 2032.0 4208.0 4262.0 2131000306
cell 2 13 -2.75 1.91440802 0.1 0.09817477 302.0 2032.0 4208.0 4262.0 2131000307
cell 2 13 -2.75 2.01258279 0.1 0.09817477 302.0 2032.0 4208.0 4262.0 2131000308
cell 2 13 -2.75 2.11075756 0.1 0.09817477 302.0 2032.0 4208.0 4262.0 2131000309
cell 2 13 -2.75 2.20893233 0.1 0.09817477 302.0 2032.0 4208.0 4262.0 2131000310
cell 2 13 -2.75 2.3071071 0.1 0.09817477 302.0 2032.0 4208.0 4262.0 2131000311
cell 2 13 -2.75 2.40528188 0.1 0.09817477 302.0 2032.0 4208.0 4262.0 2131000312
cell 2 13 -2.75 2.50345665 0.1 0.09817477 302.0 2032.0 4208.0 4262.0 2131000313
cell 2 13 -2.75 2.60163142 0.1 0.09817477 302.0 2032.0 4208.0 4262.0 2131000314
cell 2 13 -2.75 2.69980619 0.1 0.09817477 302.0 2032.0 4208.0 4262.0 2131000315
cell 2 13 -2.75 2.79798096 0.1 0.09817477 302.0 2032.0 4208.0 4262.0 2131000316
cell 2 13 -2.75 2.89615573 0.1 0.09817477 302.0 2032.0 4208.0 4262.0 2131000317
cell 2 13 -2.75 2.9943305 0.1 0.09817477 302.0 2032.0 4208.0 4262.0 2131000318
cell 2 13 -2.75 3.09250527 0.1 0.09817477 302.0 2032.0 4208.0 4262.0 2131000319
cell 2 13 -2.65 -3.09250527 0.1 0.09817477 302.0 2032.0 4208.0 4262.0 2131000320
cell 2 13 -2.65 -2.9943305 0.1 0.09817477 302.0 2032.0 4208.0 4262.0 2131000321
cell 2 13 -2.65 -2.89615573 0.1 0.09817477 302.0 2032.0 4208.0 4262.0 2131000322
cell 2 13 -2.65 -2.79798096 0.1 0.09817477 302.0 2032.0 4208.0 4262.0 2131000323
cell 2 13 -2.65 -2.69980619 0.1 0.09817477 302.0 2032.0 4208.0 4262.0 2131000324
cell 2 13 -2.65 -2.60163142 0.1 0.09817477 302.0 2032.0 4208.0 4262.0 2131000325
cell 2 13 -2.65 -2.50345665 0.1 0.09817477 302.0 2032.0 4208.0 4262.0 2131000326
cell 2 13 -2.65 -2.40528188 0.1 0.09817477 302.0 2032.0 4208.0 4262.0 2131000327
cell 2 13 -2.65 -2.3071071 0.1 0.09817477 302.0 2032.0 4208.0 4262.0 2131000328
cell 2 13 -2.65 -2.20893233 0.1 0.09817477 302.0 2032.0 4208.0 4262.0 2131000329
cell 2 13 -2.65 -2.11075756 0.1 0.09817477 302.0 2032.0 4208.0 4262.0 2131000330
cell 2 13 -2.65 -2.01258279 0.1 0.09817477 302.0 2032.0 4208.0 4262.0 2131000331
cell 2 13 -2.65 -1.91440802 0.1 0.09817477 302.0 2032.0 4208.0 4262.0 2131000332
cell 2 13 -2.65 -1.81623325 0.1 0.09817477 302.0 2032.0 4208.0 4262.0 2131000333
cell 2 13 -2.65 -1.71805848 0.1 0.09817477 302.0 2032.0 4208.0 4262.0 2131000334
cell 2 13 -2.65 -1.61988371 0.1 0.09817477 302.0 2032.0 4208.0 4262.0 2131000335
cell 2 13 -2.65 -1.52170894 0.1 0.09817477 302.0 2032.0 4208.0 4262.0 2131000336
cell 2 13 -2.65 -1.42353417 0.1 0.09817477 302.0 2032.0 4208.0 4262.0 2131000337
cell 2 13 -2.65 -1.3253594 0.1 0.09817477 302.0 2032.0 4208.0 4262.0 2131000338
cell 2 13 -2.65 -1.22718463 0.1 0.09817477 302.0 2032.0 4208.0 4262.0 2131000339
cell 2 13 -2.65 -1.12900986 0.1 0.09817477 302.0 2032.0 4208.0 4262.0 2131000340
cell 2 13 -2.65 -1.03083509 0.1 0.09817477 302.0 2032.0 4208.0 4262.0 2131000341
cell 2 13 -2.65 -0.93266032 0.1 0.09817477 302.0 2032.0 4208.0 4262.0 2131000342
cell 2 13 -2.65 -0.83448555 0.1 0.09817477 302.0 2032.0 4208.0 4262.0 2131000343
cell 2 13 -2.65 -0.73631078 0.1 0.09817477 302.0 2032.0 4208.0 4262.0 2131000344
cell 2 13 -2.65 -0.63813601 0.1 0.09817477 302.0 2032.0 4208.0 4262.0 2131000345
cell 2 13 -2.65 -0.53996124 0.1 0.09817477 302.0 2032.0 4208.0 4262.0 2131000346
cell 2 13 -2.65 -0.44178647 0.1 0.09817477 302.0 2032.0 4208.0 4262.0 2131000347
cell 2 13 -2.65 -0.3436117 0.1 0.09817477 302.0 2032.0 4208.0 4262.0 2131000348
cell 2 13 -2.65 -0.24543693 0.1 0.09817477 302.0 2032.0 4208.0 4262.0 2131000349
cell 2 13 -2.65 -0.14726216 0.1 0.09817477 302.0 2032.0 4208.0 4262.0 2131000350
cell 2 13 -2.65 -0.04908739 0.1 0.09817477 302.0 2032.0 4208.0 4262.0 2131000351
cell 2 13 -2.65 0.04908739 0.1 0.09817477 302.0 2032.0 4208.0 4262.0 2131000352
cell 2 13 -2.65 0.14726216 0.1 0.09817477 302.0 2032.0 4208.0 4262.0 2131000353
cell 2 13 -2.65 0.24543693 0.1 0.09817477 302.0 2032.0 4208.0 4262.0 2131000354
cell 2 13 -2.65 0.3436117 0.1 0.09817477 302.0 2032.0 4208.0 4262.0 2131000355
cell 2 13 -2.65 0.44178647 0.1 0.09817477 302.0 2032.0 4208.0 4262.0 2131000356
cell 2 13 -2.65 0.53996124 0.1 0.09817477 302.0 2032.0 4208.0 4262.0 2131000357
cell 2 13 -2.65 0.63813601 0.1 0.09817477 302.0 2032.0 4208.0 4262.0 2131000358
cell 2 13 -2.65 0.73631078 0.1 0.09817477 302.0 2032.0 4208.0 4262.0 2131000359
cell 2 13 -2.65 0.83448555 0.1 0.09817477 302.0 2032.0 4208.0 4262.0 2131000360
cell 2 13 -2.65 0.93266032 0.1 0.09817477 302.0 2032.0 4208.0 4262.0 2131000361
cell 2 13 -2.65 1.03083509 0.1 0.09817477 302.0 2032.0 4208.0 4262.0 2131000362
cell 2 13 -2.65 1.12900986 0.1 0.09817477 302.0 2032.0 4208.0 4262.0 2131000363
cell 2 13 -2.65 1.22718463 0.1 0.09817477 302.0 2032.0 4208.0 4262.0 2131000364
cell 2 13 -2.65 1.3253594 0.1 0.09817477 302.0 2032.0 4208.0 4262.0 2131000365
cell 2 13 -2.65 1.42353417 0.1 0.09817477 302.0 2032.0 4208.0 4262.0 2131000366
cell 2 13 -2.65 1.52170894 0.1 0.09817477 302.0 2032.0 4208.0 4262.0 2131000367
cell 2 13 -2.65 1.61988371 0.1 0.09817477 302.0 2032.0 4208.0 4262.0 2131000368
cell 2 13 -2.65 1.71805848 0.1 0.09817477 302.0 2032.0 4208.0 4262.0 2131000369
cell 2 13 -2.65 1.81623325 0.1 0.09817477 302.0 2032.0 4208.0 4262.0 2131000370
cell 2 13 -2.65 1.91440802 0.1 0.09817477 302.0 2032.0 4208.0 4262.0 2131000371
cell 2 13 -2.65 2.01258279 0.1 0.09817477 302.0 2032.0 4208.0 4262.0 2131000372
cell 2 13 -2.65 2.11075756 0.1 0.09817477 302.0 2032.0 4208.0 4262.0 2131000373
cell 2 13 -2.65 2.20893233 0.1 0.09817477 302.0 2032.0 4208.0 4262.0 2131000374
cell 2 13 -2.65 2.3071071 0.1 0.09817477 302.0 2032.0 4208.0 4262.0 2131000375
cell 2 13 -2.65 2.40528188 0.1 0.09817477 302.0 2032.0 4208.0 4262.0 2131000376
cell 2 13 -2.65 2.50345665 0.1 0.09817477 302.0 2032.0 4208.0 4262.0 2131000377
cell 2 13 -2.65 2.60163142 0.1 0.09817477 302.0 2032.0 4208.0 4262.0 2131000378
cell 2 13 -2.65 2.69980619 0.1 0.09817477 302.0 2032.0 4208.0 4262.0 2131000379
cell 2 13 -2.65 2.79798096 0.1 0.09817477 302.0 2032.0 4208.0 4262.0 2131000380
cell 2 13 -2.65 2.89615573 0.1 0.09817477 302.0 2032.0 4208.0 4262.0 2131000381
cell 2 13 -2.65 2.9943305 0.1 0.09817477 302.0 2032.0 4208.0 4262.0 2131000382
cell 2 13 -2.65 3.09250527 0.1 0.09817477 302.0 2032.0 4208.0 4262.0 2131000383
cell 2 13 -2.55 -3.09250527 0.1 0.09817477 302.0 2032.0 4208.0 4262.0 2131000384
cell 2 13 -2.55 -2.9943305 0.1 0.09817477 302.0 2032.0 4208.0 4262.0 2131000385
cell 2 13 -2.55 -2.89615573 0.1 0.09817477 302.0 2032.0 4208.0 4262.0 2131000386
cell 2 13 -2.55 -2.79798096 0.1 0.09817477 302.0 2032.0 4208.0 4262.0 2131000387
cell 2 13 -2.55 -2.69980619 0.1 0.09817477 302.0 2032.0 4208.0 4262.0 2131000388
cell 2 13 -2.55 -2.60163142 0.1 0.09817477 302.0 2032.0 4208.0 4262.0 2131000389
cell 2 13 -2.55 -2.50345665 0.1 0.09817477 302.0 2032.0 4208.0 4262.0 2131000390
cell 2 13 -2.55 -2.40528188 0.1 0.09817477 302.0 2032.0 4208.0 4262.0 2131000391
cell 2 13 -2.55 -2.3071071 0.1 0.09817477 302.0 2032.0 4208.0 4262.0 2131000392
cell 2 13 -2.55 -2.20893233 0.1 0.09817477 302.0 2032.0 4208.0 4262.0 2131000393
cell 2 13 -2.55 -2.11075756 0.1 0.09817477 302.0 2032.0 4208.0 4262.0 2131000394
cell 2 13 -2.55 -2.01258279 0.1 0.09817477 302.0 2032.0 4208.0 4262.0 2131000395
cell 2 13 -2.55 -1.91440802 0.1 0.09817477 302.0 2032.0 4208.0 4262.0 2131000396
cell 2 13 -2.55 -1.81623325 0.1 0.09817477 302.0 2032.0 4208.0 4262.0 2131000397
cell 2 13 -2.55 -1.71805848 0.1 0.09817477 302.0 2032.0 4208.0 4262.0 2131000398
cell 2 13 -2.55 -1.61988371 0.1 0.09817477 302.0 2032.0 4208.0 4262.0 2131000399
cell 2 13 -2.55 -1.52170894 0.1 0.09817477 302.0 2032.0 4208.0 4262.0 2131000400
cell 2 13 -2.55 -1.42353417 0.1 0.09817477 302.0 2032.0 4208.0 4262.0 2131000401
cell 2 13 -2.55 -1.3253594 0.1 0.09817477 302.0 2032.0 4208.0 4262.0 2131000402
cell 2 13 -2.55 -1.22718463 0.1 0.09817477 302.0 2032.0 4208.0 4262.0 2131000403
cell 2 13 -2.55 -1.12900986 0.1 0.09817477 302.0 2032.0 4208.0 4262.0 2131000404
cell 2 13 -2.55 -1.03083509 0.1 0.09817477 302.0 2032.0 4208.0 4262.0 2131000405
cell 2 13 -2.55 -0.93266032 0.1 0.09817477 302.0 2032.0 4208.0 4262.0 2131000406
cell 2 13 -2.55 -0.83448555 0.1 0.09817477 302.0 2032.0 4208.0 4262.0 2131000407
cell 2 13 -2.55 -0.73631078 0.1 0.09817477 302.0 2032.0 4208.0 4262.0 2131000408
cell 2 13 -2.55 -0.63813601 0.1 0.09817477 302.0 2032.0 4208.0 4262.0 2131000409
cell 2 13 -2.55 -0.53996124 0.1 0.09817477 302.0 2032.0 4208.0 4262.0 2131000410
cell 2 13 -2.55 -0.44178647 0.1 0.09817477 302.0 2032.0 4208.0 4262.0 2131000411
cell 2 13 -2.55 -0.3436117 0.1 0.09817477 302.0 2032.0 4208.0 4262.0 2131000412
cell 2 13 -2.55 -0.24543693 0.1 0.09817477 302.0 2032.0 4208.0 4262.0 2131000413
cell 2 13 -2.55 -0.14726216 0.1 0.09817477 302.0 2032.0 4208.0 4262.0 2131000414
cell 2 13 -2.55 -0.04908739 0.1 0.09817477 302.0 2032.0 4208.0 4262.0 2131000415
cell 2 13 -2.55 0.04908739 0.1 0.09817477 302.0 2032.0 4208.0 4262.0 2131000416
cell 2 13 -2.55 0.14726216 0.1 0.09817477 302.0 2032.0 4208.0 4262.0 2131000417
cell 2 13 -2.55 0.24543693 0.1 0.09817477 302.0 2032.0 4208.0 4262.0 2131000418
cell 2 13 -2.55 0.3436117 0.1 0.09817477 302.0 2032.0 4208.0 4262.0 2131000419
cell 2 13 -2.55 0.44178647 0.1 0.09817477 302.0 2032.0 4208.0 4262.0 2131000420
cell 2 13 -2.55 0.53996124 0.1 0.09817477 302.0 2032.0 4208.0 4262.0 2131000421
cell 2 13 -2.55 0.63813601 0.1 0.09817477 302.0 2032.0 4208.0 4262.0 2131000422
cell 2 13 -2.55 0.73631078 0.1 0.09817477 302.0 2032.0 4208.0 4262.0 2131000423
cell 2 13 -2.55 0.83448555 0.1 0.09817477 302.0 2032.0 4208.0 4262.0 2131000424
cell 2 13 -2.55 0.93266032 0.1 0.09817477 302.0 2032.0 4208.0 4262.0 2131000425
cell 2 13 -2.55 1.03083509 0.1 0.09817477 302.0 2032.0 4208.0 4262.0 2131000426
cell 2 13 -2.55 1.12900986 0.1 0.09817477 302.0 2032.0 4208.0 4262.0 2131000427
cell 2 13 -2.55 1.22718463 0.1 0.09817477 302.0 2032.0 4208.0 4262.0 2131000428
cell 2 13 -2.55 1.3253594 0.1 0.09817477 302.0 2032.0 4208.0 4262.0 2131000429
cell 2 13 -2.55 1.42353417 0.1 0.09817477 302.0 2032.0 4208.0 4262.0 2131000430
cell 2 13 -2.55 1.52170894 0.1 0.09817477 302.0 2032.0 4208.0 4262.0 2131000431
cell 2 13 -2.55 1.61988371 0.1 0.09817477 302.0 2032.0 4208.0 4262.0 2131000432
cell 2 13 -2.55 1.71805848 0.1 0.09817477 302.0 2032.0 4208.0 4262.0 2131000433
cell 2 13 -2.55 1.81623325 0.1 0.09817477 302.0 2032.0 4208.0 4262.0 2131000434
cell 2 13 -2.55 1.91440802 0.1 0.09817477 302.0 2032.0 4208.0 4262.0 2131000435
cell 2 13 -2.55 2.01258279 0.1 0.09817477 302.0 2032.0 4208.0 4262.0 2131000436
cell 2 13 -2.55 2.11075756 0.1 0.09817477 302.0 2032.0 4208.0 4262.0 2131000437
cell 2 13 -2.55 2.20893233 0.1 0.09817477 302.0 2032.0 4208.0 4262.0 2131000438
cell 2 13 -2.55 2.3071071 0.1 0.09817477 302.0 2032.0 4208.0 4262.0 2131000439
cell 2 13 -2.55 2.40528188 0.1 0.09817477 302.0 2032.0 4208.0 4262.0 2131000440
cell 2 13 -2.55 2.50345665 0.1 0.09817477 302.0 2032.0 4208.0 4262.0 2131000441
cell 2 13 -2.55 2.60163142 0.1 0.09817477 302.0 2032.0 4208.0 4262.0 2131000442
cell 2 13 -2.55 2.69980619 0.1 0.09817477 302.0 2032.0 4208.0 4262.0 2131000443
cell 2 13 -2.55 2.79798096 0.1 0.09817477 302.0 2032.0 4208.0 4262.0 2131000444
cell 2 13 -2.55 2.89615573 0.1 0.09817477 302.0 2032.0 4208.0 4262.0 2131000445
cell 2 13 -2.55 2.9943305 0.1 0.09817477 302.0 2032.0 4208.0 4262.0 2131000446
cell 2 13 -2.55 3.09250527 0.1 0.09817477 302.0 2032.0 4208.0 4262.0 2131000447
cell 2 13 2.55 -3.09250527 0.1 0.09817477 302.0 2032.0 4208.0 4262.0 2131000512
cell 2 13 2.55 -2.9943305 0.1 0.09817477 302.0 2032.0 4208.0 4262.0 2131000513
cell 2 13 2.55 -2.89615573 0.1 0.09817477 302.0 2032.0 4208.0 4262.0 2131000514
cell 2 13 2.55 -2.79798096 0.1 0.09817477 302.0 2032.0 4208.0 4262.0 2131000515
cell 2 13 2.55 -2.69980619 0.1 0.09817477 302.0 2032.0 4208.0 4262.0 2131000516
cell 2 13 2.55 -2.60163142 0.1 0.09817477 302.0 2032.0 4208.0 4262.0 2131000517
cell 2 13 2.55 -2.50345665 0.1 0.09817477 302.0 2032.0 4208.0 4262.0 2131000518
cell 2 13 2.55 -2.40528188 0.1 0.09817477 302.0 2032.0 4208.0 4262.0 2131000519
cell 2 13 2.55 -2.3071071 0.1 0.09817477 302.0 2032.0 4208.0 4262.0 2131000520
cell 2 13 2.55 -2.20893233 0.1 0.09817477 302.0 2032.0 4208.0 4262.0 2131000521
cell 2 13 2.55 -2.11075756 0.1 0.09817477 302.0 2032.0 4208.0 4262.0 2131000522
cell 2 13 2.55 -2.01258279 0.1 0.09817477 302.0 2032.0 4208.0 4262.0 2131000523
cell 2 13 2.55 -1.91440802 0.1 0.09817477 302.0 2032.0 4208.0 4262.0 2131000524
cell 2 13 2.55 -1.81623325 0.1 0.09817477 302.0 2032.0 4208.0 4262.0 2131000525
cell 2 13 2.55 -1.71805848 0.1 0.09817477 302.0 2032.0 4208.0 4262.0 2131000526
cell 2 13 2.55 -1.61988371 0.1 0.09817477 302.0 2032.0 4208.0 4262.0 2131000527
cell 2 13 2.55 -1.52170894 0.1 0.09817477 302.0 2032.0 4208.0 4262.0 2131000528
cell 2 13 2.55 -1.42353417 0.1 0.09817477 302.0 2032.0 4208.0 4262.0 2131000529
cell 2 13 2.55 -1.3253594 0.1 0.09817477 302.0 2032.0 4208.0 4262.0 2131000530
cell 2 13 2.55 -1.22718463 0.1 0.09817477 302.0 2032.0 4208.0 4262.0 2131000531
cell 2 13 2.55 -1.12900986 0.1 0.09817477 302.0 2032.0 4208.0 4262.0 2131000532
cell 2 13 2.55 -1.03083509 0.1 0.09817477 302.0 2032.0 4208.0 4262.0 2131000533
cell 2 13 2.55 -0.93266032 0.1 0.09817477 302.0 2032.0 4208.0 4262.0 2131000534
cell 2 13 2.55 -0.83448555 0.1 0.09817477 302.0 2032.0 4208.0 4262.0 2131000535
cell 2 13 2.55 -0.73631078 0.1 0.09817477 302.0 2032.0 4208.0 4262.0 2131000536
cell 2 13 2.55 -0.63813601 0.1 0.09817477 302.0 2032.0 4208.0 4262.0 2131000537
cell 2 13 2.55 -0.53996124 0.1 0.09817477 302.0 2032.0 4208.0 4262.0 2131000538
cell 2 13 2.55 -0.44178647 0.1 0.09817477 302.0 2032.0 4208.0 4262.0 2131000539
cell 2 13 2.55 -0.3436117 0.1 0.09817477 302.0 2032.0 4208.0 4262.0 2131000540
cell 2 13 2.55 -0.24543693 0.1 0.09817477 302.0 2032.0 4208.0 4262.0 2131000541
cell 2 13 2.55 -0.14726216 0.1 0.09817477 302.0 2032.0 4208.0 4262.0 2131000542
cell 2 13 2.55 -0.04908739 0.1 0.09817477 302.0 2032.0 4208.0 4262.0 2131000543
cell 2 13 2.55 0.04908739 0.1 0.09817477 302.0 2032.0 4208.0 4262.0 2131000544
cell 2 13 2.55 0.14726216 0.1 0.09817477 302.0 2032.0 4208.0 4262.0 2131000545
cell 2 13 2.55 0.24543693 0.1 0.09817477 302.0 2032.0 4208.0 4262.0 2131000546
cell 2 13 2.55 0.3436117 0.1 0.09817477 302.0 2032.0 4208.0 4262.0 2131000547
cell 2 13 2.55 0.44178647 0.1 0.09817477 302.0 2032.0 4208.0 4262.0 2131000548
cell 2 13 2.55 0.53996124 0.1 0.09817477 302.0 2032.0 4208.0 4262.0 2131000549
cell 2 13 2.55 0.63813601 0.1 0.09817477 302.0 2032.0 4208.0 4262.0 2131000550
cell 2 13 2.55 0.73631078 0.1 0.09817477 302.0 2032.0 4208.0 4262.0 2131000551
cell 2 13 2.55 0.83448555 0.1 0.09817477 302.0 2032.0 4208.0 4262.0 2131000552
cell 2 13 2.55 0.93266032 0.1 0.09817477 302.0 2032.0 4208.0 4262.0 2131000553
cell 2 13 2.55 1.03083509 0.1 0.09817477 302.0 2032.0 4208.0 4262.0 2131000554
cell 2 13 2.55 1.12900986 0.1 0.09817477 302.0 2032.0 4208.0 4262.0 2131000555
cell 2 13 2.55 1.22718463 0.1 0.09817477 302.0 2032.0 4208.0 4262.0 2131000556
cell 2 13 2.55 1.3253594 0.1 0.09817477 302.0 2032.0 4208.0 4262.0 2131000557
cell 2 13 2.55 1.42353417 0.1 0.09817477 302.0 2032.0 4208.0 4262.0 2131000558
cell 2 13 2.55 1.52170894 0.1 0.09817477 302.0 2032.0 4208.0 4262.0 2131000559
cell 2 13 2.55 1.61988371 0.1 0.09817477 302.0 2032.0 4208.0 4262.0 2131000560
cell 2 13 2.55 1.71805848 0.1 0.09817477 302.0 2032.0 4208.0 4262.0 2131000561
cell 2 13 2.55 1.81623325 0.1 0.09817477 302.0 2032.0 4208.0 4262.0 2131000562
cell 2 13 2.55 1.91440802 0.1 0.09817477 302.0 2032.0 4208.0 4262.0 2131000563
cell 2 13 2.55 2.01258279 0.1 0.09817477 302.0 2032.0 4208.0 4262.0 2131000564
cell 2 13 2.55 2.11075756 0.1 0.09817477 302.0 2032.0 4208.0 4262.0 2131000565
cell 2 13 2.55 2.20893233 0.1 0.09817477 302.0 2032.0 4208.0 4262.0 2131000566
cell 2 13 2.55 2.3071071 0.1 0.09817477 302.0 2032.0 4208.0 4262.0 2131000567
cell 2 13 2.55 2.40528188 0.1 0.09817477 302.0 2032.0 4208.0 4262.0 2131000568
cell 2 13 2.55 2.50345665 0.1 0.09817477 302.0 2032.0 4208.0 4262.0 2131000569
cell 2 13 2.55 2.60163142 0.1 0.09817477 302.0 2032.0 4208.0 4262.0 2131000570
cell 2 13 2.55 2.69980619 0.1 0.09817477 302.0 2032.0 4208.0 4262.0 2131000571
cell 2 13 2.55 2.79798096 0.1 0.09817477 302.0 2032.0 4208.0 4262.0 2131000572
cell 2 13 2.55 2.89615573 0.1 0.09817477 302.0 2032.0 4208.0 4262.0 2131000573
cell 2 13 2.55 2.9943305 0.1 0.09817477 302.0 2032.0 4208.0 4262.0 2131000574
cell 2 13 2.55 3.09250527 0.1 0.09817477 302.0 2032.0 4208.0 4262.0 2131000575
cell 2 13 2.65 -3.09250527 0.1 0.09817477 302.0 2032.0 4208.0 4262.0 2131000576
cell 2 13 2.65 -2.9943305 0.1 0.09817477 302.0 2032.0 4208.0 4262.0 2131000577
cell 2 13 2.65 -2.89615573 0.1 0.09817477 302.0 2032.0 4208.0 4262.0 2131000578
cell 2 13 2.65 -2.79798096 0.1 0.09817477 302.0 2032.0 4208.0 4262.0 2131000579
cell 2 13 2.65 -2.69980619 0.1 0.09817477 302.0 2032.0 4208.0 4262.0 2131000580
cell 2 13 2.65 -2.60163142 0.1 0.09817477 302.0 2032.0 4208.0 4262.0 2131000581
cell 2 13 2.65 -2.50345665 0.1 0.09817477 302.0 2032.0 4208.0 4262.0 2131000582
cell 2 13 2.65 -2.40528188 0.1 0.09817477 302.0 2032.0 4208.0 4262.0 2131000583
cell 2 13 2.65 -2.3071071 0.1 0.09817477 302.0 2032.0 4208.0 4262.0 2131000584
cell 2 13 2.65 -2.20893233 0.1 0.09817477 302.0 2032.0 4208.0 4262.0 2131000585
cell 2 13 2.65 -2.11075756 0.1 0.09817477 302.0 2032.0 4208.0 4262.0 2131000586
cell 2 13 2.65 -2.01258279 0.1 0.09817477 302.0 2032.0 4208.0 4262.0 2131000587
cell 2 13 2.65 -1.91440802 0.1 0.09817477 302.0 2032.0 4208.0 4262.0 2131000588
cell 2 13 2.65 -1.81623325 0.1 0.09817477 302.0 2032.0 4208.0 4262.0 2131000589
cell 2 13 2.65 -1.71805848 0.1 0.09817477 302.0 2032.0 4208.0 4262.0 2131000590
cell 2 13 2.65 -1.61988371 0.1 0.09817477 302.0 2032.0 4208.0 4262.0 2131000591
cell 2 13 2.65 -1.52170894 0.1 0.09817477 302.0 2032.0 4208.0 4262.0 2131000592
cell 2 13 2.65 -1.42353417 0.1 0.09817477 302.0 2032.0 4208.0 4262.0 2131000593
cell 2 13 2.65 -1.3253594 0.1 0.09817477 302.0 2032.0 4208.0 4262.0 2131000594
cell 2 13 2.65 -1.22718463 0.1 0.09817477 302.0 2032.0 4208.0 4262.0 2131000595
cell 2 13 2.65 -1.12900986 0.1 0.09817477 302.0 2032.0 4208.0 4262.0 2131000596
cell 2 13 2.65 -1.03083509 0.1 0.09817477 302.0 2032.0 4208.0 4262.0 2131000597
cell 2 13 2.65 -0.93266032 0.1 0.09817477 302.0 2032.0 4208.0 4262.0 2131000598
cell 2 13 2.65 -0.83448555 0.1 0.09817477 302.0 2032.0 4208.0 4262.0 2131000599
cell 2 13 2.65 -0.73631078 0.1 0.09817477 302.0 2032.0 4208.0 4262.0 2131000600
cell 2 13 2.65 -0.63813601 0.1 0.09817477 302.0 2032.0 4208.0 4262.0 2131000601
cell 2 13 2.65 -0.53996124 0.1 0.09817477 302.0 2032.0 4208.0 4262.0 2131000602
cell 2 13 2.65 -0.44178647 0.1 0.09817477 302.0 2032.0 4208.0 4262.0 2131000603
cell 2 13 2.65 -0.3436117 0.1 0.09817477 302.0 2032.0 4208.0 4262.0 2131000604
cell 2 13 2.65 -0.24543693 0.1 0.09817477 302.0 2032.0 4208.0 4262.0 2131000605
cell 2 13 2.65 -0.14726216 0.1 0.09817477 302.0 2032.0 4208.0 4262.0 2131000606
cell 2 13 2.65 -0.04908739 0.1 0.09817477 302.0 2032.0 4208.0 4262.0 2131000607
cell 2 13 2.65 0.04908739 0.1 0.09817477 302.0 2032.0 4208.0 4262.0 2131000608
cell 2 13 2.65 0.14726216 0.1 0.09817477 302.0 2032.0 4208.0 4262.0 2131000609
cell 2 13 2.65 0.24543693 0.1 0.09817477 302.0 2032.0 4208.0 4262.0 2131000610
cell 2 13 2.65 0.3436117 0.1 0.09817477 302.0 2032.0 4208.0 4262.0 2131000611
cell 2 13 2.65 0.44178647 0.1 0.09817477 302.0 2032.0 4208.0 4262.0 2131000612
cell 2 13 2.65 0.53996124 0.1 0.09817477 302.0 2032.0 4208.0 4262.0 2131000613
cell 2 13 2.65 0.63813601 0.1 0.09817477 302.0 2032.0 4208.0 4262.0 2131000614
cell 2 13 2.65 0.73631078 0.1 0.09817477 302.0 2032.0 4208.0 4262.0 2131000615
cell 2 13 2.65 0.83448555 0.1 0.09817477 302.0 2032.0 4208.0 4262.0 2131000616
cell 2 13 2.65 0.93266032 0.1 0.09817477 302.0 2032.0 4208.0 4262.0 2131000617
cell 2 13 2.65 1.03083509 0.1 0.09817477 302.0 2032.0 4208.0 4262.0 2131000618
cell 2 13 2.65 1.12900986 0.1 0.09817477 302.0 2032.0 4208.0 4262.0 2131000619
cell 2 13 2.65 1.22718463 0.1 0.09817477 302.0 2032.0 4208.0 4262.0 2131000620
cell 2 13 2.65 1.3253594 0.1 0.09817477 302.0 2032.0 4208.0 4262.0 2131000621
cell 2 13 2.65 1.42353417 0.1 0.09817477 302.0 2032.0 4208.0 4262.0 2131000622
cell 2 13 2.65 1.52170894 0.1 0.09817477 302.0 2032.0 4208.0 4262.0 2131000623
cell 2 13 2.65 1.61988371 0.1 0.09817477 302.0 2032.0 4208.0 4262.0 2131000624
cell 2 13 2.65 1.71805848 0.1 0.09817477 302.0 2032.0 4208.0 4262.0 2131000625
cell 2 13 2.65 1.81623325 0.1 0.09817477 302.0 2032.0 4208.0 4262.0 2131000626
cell 2 13 2.65 1.91440802 0.1 0.09817477 302.0 2032.0 4208.0 4262.0 2131000627
cell 2 13 2.65 2.01258279 0.1 0.09817477 302.0 2032.0 4208.0 4262.0 2131000628
cell 2 13 2.65 2.11075756 0.1 0.09817477 302.0 2032.0 4208.0 4262.0 2131000629
cell 2 13 2.65 2.20893233 0.1 0.09817477 302.0 2032.0 4208.0 4262.0 2131000630
cell 2 13 2.65 2.3071071 0.1 0.09817477 302.0 2032.0 4208.0 4262.0 2131000631
cell 2 13 2.65 2.40528188 0.1 0.09817477 302.0 2032.0 4208.0 4262.0 2131000632
cell 2 13 2.65 2.50345665 0.1 0.09817477 302.0 2032.0 4208.0 4262.0 2131000633
cell 2 13 2.65 2.60163142 0.1 0.09817477 302.0 2032.0 4208.0 4262.0 2131000634
cell 2 13 2.65 2.69980619 0.1 0.09817477 302.0 2032.0 4208.0 4262.0 2131000635
cell 2 13 2.65 2.79798096 0.1 0.09817477 302.0 2032.0 4208.0 4262.0 2131000636
cell 2 13 2.65 2.89615573 0.1 0.09817477 302.0 2032.0 4208.0 4262.0 2131000637
cell 2 13 2.65 2.9943305 0.1 0.09817477 302.0 2032.0 4208.0 4262.0 2131000638
cell 2 13 2.65 3.09250527 0.1 0.09817477 302.0 2032.0 4208.0 4262.0 2131000639
cell 2 13 2.75 -3.09250527 0.1 0.09817477 302.0 2032.0 4208.0 4262.0 2131000640
cell 2 13 2.75 -2.9943305 0.1 0.09817477 302.0 2032.0 4208.0 4262.0 2131000641
cell 2 13 2.75 -2.89615573 0.1 0.09817477 302.0 2032.0 4208.0 4262.0 2131000642
cell 2 13 2.75 -2.79798096 0.1 0.09817477 302.0 2032.0 4208.0 4262.0 2131000643
cell 2 13 2.75 -2.69980619 0.1 0.09817477 302.0 2032.0 4208.0 4262.0 2131000644
cell 2 13 2.75 -2.60163142 0.1 0.09817477 302.0 2032.0 4208.0 4262.0 2131000645
cell 2 13 2.75 -2.50345665 0.1 0.09817477 302.0 2032.0 4208.0 4262.0 2131000646
cell 2 13 2.75 -2.40528188 0.1 0.09817477 302.0 2032.0 4208.0 4262.0 2131000647
cell 2 13 2.75 -2.3071071 0.1 0.09817477 302.0 2032.0 4208.0 4262.0 2131000648
cell 2 13 2.75 -2.20893233 0.1 0.09817477 302.0 2032.0 4208.0 4262.0 2131000649
cell 2 13 2.75 -2.11075756 0.1 0.09817477 302.0 2032.0 4208.0 4262.0 2131000650
cell 2 13 2.75 -2.01258279 0.1 0.09817477 302.0 2032.0 4208.0 4262.0 2131000651
cell 2 13 2.75 -1.91440802 0.1 0.09817477 302.0 2032.0 4208.0 4262.0 2131000652
cell 2 13 2.75 -1.81623325 0.1 0.09817477 302.0 2032.0 4208.0 4262.0 2131000653
cell 2 13 2.75 -1.71805848 0.1 0.09817477 302.0 2032.0 4208.0 4262.0 2131000654
cell 2 13 2.75 -1.61988371 0.1 0.09817477 302.0 2032.0 4208.0 4262.0 2131000655
cell 2 13 2.75 -1.52170894 0.1 0.09817477 302.0 2032.0 4208.0 4262.0 2131000656
cell 2 13 2.75 -1.42353417 0.1 0.09817477 302.0 2032.0 4208.0 4262.0 2131000657
cell 2 13 2.75 -1.3253594 0.1 0.09817477 302.0 2032.0 4208.0 4262.0 2131000658
cell 2 13 2.75 -1.22718463 0.1 0.09817477 302.0 2032.0 4208.0 4262.0 2131000659
cell 2 13 2.75 -1.12900986 0.1 0.09817477 302.0 2032.0 4208.0 4262.0 2131000660
cell 2 13 2.75 -1.03083509 0.1 0.09817477 302.0 2032.0 4208.0 4262.0 2131000661
cell 2 13 2.75 -0.93266032 0.1 0.09817477 302.0 2032.0 4208.0 4262.0 2131000662
cell 2 13 2.75 -0.83448555 0.1 0.09817477 302.0 2032.0 4208.0 4262.0 2131000663
cell 2 13 2.75 -0.73631078 0.1 0.09817477 302.0 2032.0 4208.0 4262.0 2131000664
cell 2 13 2.75 -0.63813601 0.1 0.09817477 302.0 2032.0 4208.0 4262.0 2131000665
cell 2 13 2.75 -0.53996124 0.1 0.09817477 302.0 2032.0 4208.0 4262.0 2131000666
cell 2 13 2.75 -0.44178647 0.1 0.09817477 302.0 2032.0 4208.0 4262.0 2131000667
cell 2 13 2.75 -0.3436117 0.1 0.09817477 302.0 2032.0 4208.0 4262.0 2131000668
cell 2 13 2.75 -0.24543693 0.1 0.09817477 302.0 2032.0 4208.0 4262.0 2131000669
cell 2 13 2.75 -0.14726216 0.1 0.09817477 302.0 2032.0 4208.0 4262.0 2131000670
cell 2 13 2.75 -0.04908739 0.1 0.09817477 302.0 2032.0 4208.0 4262.0 2131000671
cell 2 13 2.75 0.04908739 0.1 0.09817477 302.0 2032.0 4208.0 4262.0 2131000672
cell 2 13 2.75 0.14726216 0.1 0.09817477 302.0 2032.0 4208.0 4262.0 2131000673
cell 2 13 2.75 0.24543693 0.1 0.09817477 302.0 2032.0 4208.0 4262.0 2131000674
cell 2 13 2.75 0.3436117 0.1 0.09817477 302.0 2032.0 4208.0 4262.0 2131000675
cell 2 13 2.75 0.44178647 0.1 0.09817477 302.0 2032.0 4208.0 4262.0 2131000676
cell 2 13 2.75 0.53996124 0.1 0.09817477 302.0 2032.0 4208.0 4262.0 2131000677
cell 2 13 2.75 0.63813601 0.1 0.09817477 302.0 2032.0 4208.0 4262.0 2131000678
cell 2 13 2.75 0.73631078 0.1 0.09817477 302.0 2032.0 4208.0 4262.0 2131000679
cell 2 13 2.75 0.83448555 0.1 0.09817477 302.0 2032.0 4208.0 4262.0 2131000680
cell 2 13 2.75 0.93266032 0.1 0.09817477 302.0 2032.0 4208.0 4262.0 2131000681
cell 2 13 2.75 1.03083509 0.1 0.09817477 302.0 2032.0 4208.0 4262.0 2131000682
cell 2 13 2.75 1.12900986 0.1 0.09817477 302.0 2032.0 4208.0 4262.0 2131000683
cell 2 13 2.75 1.22718463 0.1 0.09817477 302.0 2032.0 4208.0 4262.0 2131000684
cell 2 13 2.75 1.3253594 0.1 0.09817477 302.0 2032.0 4208.0 4262.0 2131000685
cell 2 13 2.75 1.42353417 0.1 0.09817477 302.0 2032.0 4208.0 4262.0 2131000686
cell 2 13 2.75 1.52170894 0.1 0.09817477 302.0 2032.0 4208.0 4262.0 2131000687
cell 2 13 2.75 1.61988371 0.1 0.09817477 302.0 2032.0 4208.0 4262.0 2131000688
cell 2 13 2.75 1.71805848 0.1 0.09817477 302.0 2032.0 4208.0 4262.0 2131000689
cell 2 13 2.75 1.81623325 0.1 0.09817477 302.0 2032.0 4208.0 4262.0 2131000690
cell 2 13 2.75 1.91440802 0.1 0.09817477 302.0 2032.0 4208.0 4262.0 2131000691
cell 2 13 2.75 2.01258279 0.1 0.09817477 302.0 2032.0 4208.0 4262.0 2131000692
cell 2 13 2.75 2.11075756 0.1 0.09817477 302.0 2032.0 4208.0 4262.0 2131000693
cell 2 13 2.75 2.20893233 0.1 0.09817477 302.0 2032.0 4208.0 4262.0 2131000694
cell 2 13 2.75 2.3071071 0.1 0.09817477 302.0 2032.0 4208.0 4262.0 2131000695
cell 2 13 2.75 2.40528188 0.1 0.09817477 302.0 2032.0 4208.0 4262.0 2131000696
cell 2 13 2.75 2.50345665 0.1 0.09817477 302.0 2032.0 4208.0 4262.0 2131000697
cell 2 13 2.75 2.60163142 0.1 0.09817477 302.0 2032.0 4208.0 4262.0 2131000698
cell 2 13 2.75 2.69980619 0.1 0.09817477 302.0 2032.0 4208.0 4262.0 2131000699
cell 2 13 2.75 2.79798096 0.1 0.09817477 302.0 2032.0 4208.0 4262.0 2131000700
cell 2 13 2.75 2.89615573 0.1 0.09817477 302.0 2032.0 4208.0 4262.0 2131000701
cell 2 13 2.75 2.9943305 0.1 0.09817477 302.0 2032.0 4208.0 4262.0 2131000702
cell 2 13 2.75 3.09250527 0.1 0.09817477 302.0 2032.0 4208.0 4262.0 2131000703
cell 2 13 2.85 -3.09250527 0.1 0.09817477 302.0 2032.0 4208.0 4262.0 2131000704
cell 2 13 2.85 -2.9943305 0.1 0.09817477 302.0 2032.0 4208.0 4262.0 2131000705
cell 2 13 2.85 -2.89615573 0.1 0.09817477 302.0 2032.0 4208.0 4262.0 2131000706
cell 2 13 2.85 -2.79798096 0.1 0.09817477 302.0 2032.0 4208.0 4262.0 2131000707
cell 2 13 2.85 -2.69980619 0.1 0.09817477 302.0 2032.0 4208.0 4262.0 2131000708
cell 2 13 2.85 -2.60163142 0.1 0.09817477 302.0 2032.0 4208.0 4262.0 2131000709
cell 2 13 2.85 -2.50345665 0.1 0.09817477 302.0 2032.0 4208.0 4262.0 2131000710
cell 2 13 2.85 -2.40528188 0.1 0.09817477 302.0 2032.0 4208.0 4262.0 2131000711
cell 2 13 2.85 -2.3071071 0.1 0.09817477 302.0 2032.0 4208.0 4262.0 2131000712
cell 2 13 2.85 -2.20893233 0.1 0.09817477 302.0 2032.0 4208.0 4262.0 2131000713
cell 2 13 2.85 -2.11075756 0.1 0.09817477 302.0 2032.0 4208.0 4262.0 2131000714
cell 2 13 2.85 -2.01258279 0.1 0.09817477 302.0 2032.0 4208.0 4262.0 2131000715
cell 2 13 2.85 -1.91440802 0.1 0.09817477 302.0 2032.0 4208.0 4262.0 2131000716
cell 2 13 2.85 -1.81623325 0.1 0.09817477 302.0 2032.0 4208.0 4262.0 2131000717
cell 2 13 2.85 -1.71805848 0.1 0.09817477 302.0 2032.0 4208.0 4262.0 2131000718
cell 2 13 2.85 -1.61988371 0.1 0.09817477 302.0 2032.0 4208.0 4262.0 2131000719
cell 2 13 2.85 -1.52170894 0.1 0.09817477 302.0 2032.0 4208.0 4262.0 2131000720
cell 2 13 2.85 -1.42353417 0.1 0.09817477 302.0 2032.0 4208.0 4262.0 2131000721
cell 2 13 2.85 -1.3253594 0.1 0.09817477 302.0 2032.0 4208.0 4262.0 2131000722
cell 2 13 2.85 -1.22718463 0.1 0.09817477 302.0 2032.0 4208.0 4262.0 2131000723
cell 2 13 2.85 -1.12900986 0.1 0.09817477 302.0 2032.0 4208.0 4262.0 2131000724
cell 2 13 2.85 -1.03083509 0.1 0.09817477 302.0 2032.0 4208.0 4262.0 2131000725
cell 2 13 2.85 -0.93266032 0.1 0.09817477 302.0 2032.0 4208.0 4262.0 2131000726
cell 2 13 2.85 -0.83448555 0.1 0.09817477 302.0 2032.0 4208.0 4262.0 2131000727
cell 2 13 2.85 -0.73631078 0.1 0.09817477 302.0 2032.0 4208.0 4262.0 2131000728
cell 2 13 2.85 -0.63813601 0.1 0.09817477 302.0 2032.0 4208.0 4262.0 2131000729
cell 2 13 2.85 -0.53996124 0.1 0.09817477 302.0 2032.0 4208.0 4262.0 2131000730
cell 2 13 2.85 -0.44178647 0.1 0.09817477 302.0 2032.0 4208.0 4262.0 2131000731
cell 2 13 2.85 -0.3436117 0.1 0.09817477 302.0 2032.0 4208.0 4262.0 2131000732
cell 2 13 2.85 -0.24543693 0.1 0.09817477 302.0 2032.0 4208.0 4262.0 2131000733
cell 2 13 2.85 -0.14726216 0.1 0.09817477 302.0 2032.0 4208.0 4262.0 2131000734
cell 2 13 2.85 -0.04908739 0.1 0.09817477 302.0 2032.0 4208.0 4262.0 2131000735
cell 2 13 2.85 0.04908739 0.1 0.09817477 302.0 2032.0 4208.0 4262.0 2131000736
cell 2 13 2.85 0.14726216 0.1 0.09817477 302.0 2032.0 4208.0 4262.0 2131000737
cell 2 13 2.85 0.24543693 0.1 0.09817477 302.0 2032.0 4208.0 4262.0 2131000738
cell 2 13 2.85 0.3436117 0.1 0.09817477 302.0 2032.0 4208.0 4262.0 2131000739
cell 2 13 2.85 0.44178647 0.1 0.09817477 302.0 2032.0 4208.0 4262.0 2131000740
cell 2 13 2.85 0.53996124 0.1 0.09817477 302.0 2032.0 4208.0 4262.0 2131000741
cell 2 13 2.85 0.63813601 0.1 0.09817477 302.0 2032.0 4208.0 4262.0 2131000742
cell 2 13 2.85 0.73631078 0.1 0.09817477 302.0 2032.0 4208.0 4262.0 2131000743
cell 2 13 2.85 0.83448555 0.1 0.09817477 302.0 2032.0 4208.0 4262.0 2131000744
cell 2 13 2.85 0.93266032 0.1 0.09817477 302.0 2032.0 4208.0 4262.0 2131000745
cell 2 13 2.85 1.03083509 0.1 0.09817477 302.0 2032.0 4208.0 4262.0 2131000746
cell 2 13 2.85 1.12900986 0.1 0.09817477 302.0 2032.0 4208.0 4262.0 2131000747
cell 2 13 2.85 1.22718463 0.1 0.09817477 302.0 2032.0 4208.0 4262.0 2131000748
cell 2 13 2.85 1.3253594 0.1 0.09817477 302.0 2032.0 4208.0 4262.0 2131000749
cell 2 13 2.85 1.42353417 0.1 0.09817477 302.0 2032.0 4208.0 4262.0 2131000750
cell 2 13 2.85 1.52170894 0.1 0.09817477 302.0 2032.0 4208.0 4262.0 2131000751
cell 2 13 2.85 1.61988371 0.1 0.09817477 302.0 2032.0 4208.0 4262.0 2131000752
cell 2 13 2.85 1.71805848 0.1 0.09817477 302.0 2032.0 4208.0 4262.0 2131000753
cell 2 13 2.85 1.81623325 0.1 0.09817477 302.0 2032.0 4208.0 4262.0 2131000754
cell 2 13 2.85 1.91440802 0.1 0.09817477 302.0 2032.0 4208.0 4262.0 2131000755
cell 2 13 2.85 2.01258279 0.1 0.09817477 302.0 2032.0 4208.0 4262.0 2131000756
cell 2 13 2.85 2.11075756 0.1 0.09817477 302.0 2032.0 4208.0 4262.0 2131000757
cell 2 13 2.85 2.20893233 0.1 0.09817477 302.0 2032.0 4208.0 4262.0 2131000758
cell 2 13 2.85 2.3071071 0.1 0.09817477 302.0 2032.0 4208.0 4262.0 2131000759
cell 2 13 2.85 2.40528188 0.1 0.09817477 302.0 2032.0 4208.0 4262.0 2131000760
cell 2 13 2.85 2.50345665 0.1 0.09817477 302.0 2032.0 4208.0 4262.0 2131000761
cell 2 13 2.85 2.60163142 0.1 0.09817477 302.0 2032.0 4208.0 4262.0 2131000762
cell 2 13 2.85 2.69980619 0.1 0.09817477 302.0 2032.0 4208.0 4262.0 2131000763
cell 2 13 2.85 2.79798096 0.1 0.09817477 302.0 2032.0 4208.0 4262.0 2131000764
cell 2 13 2.85 2.89615573 0.1 0.09817477 302.0 2032.0 4208.0 4262.0 2131000765
cell 2 13 2.85 2.9943305 0.1 0.09817477 302.0 2032.0 4208.0 4262.0 2131000766
cell 2 13 2.85 3.09250527 0.1 0.09817477 302.0 2032.0 4208.0 4262.0 2131000767
cell 2 13 2.95 -3.09250527 0.1 0.09817477 302.0 2032.0 4208.0 4262.0 2131000768
cell 2 13 2.95 -2.9943305 0.1 0.09817477 302.0 2032.0 4208.0 4262.0 2131000769
cell 2 13 2.95 -2.89615573 0.1 0.09817477 302.0 2032.0 4208.0 4262.0 2131000770
cell 2 13 2.95 -2.79798096 0.1 0.09817477 302.0 2032.0 4208.0 4262.0 2131000771
cell 2 13 2.95 -2.69980619 0.1 0.09817477 302.0 2032.0 4208.0 4262.0 2131000772
cell 2 13 2.95 -2.60163142 0.1 0.09817477 302.0 2032.0 4208.0 4262.0 2131000773
cell 2 13 2.95 -2.50345665 0.1 0.09817477 302.0 2032.0 4208.0 4262.0 2131000774
cell 2 13 2.95 -2.40528188 0.1 0.09817477 302.0 2032.0 4208.0 4262.0 2131000775
cell 2 13 2.95 -2.3071071 0.1 0.09817477 302.0 2032.0 4208.0 4262.0 2131000776
cell 2 13 2.95 -2.20893233 0.1 0.09817477 302.0 2032.0 4208.0 4262.0 2131000777
cell 2 13 2.95 -2.11075756 0.1 0.09817477 302.0 2032.0 4208.0 4262.0 2131000778
cell 2 13 2.95 -2.01258279 0.1 0.09817477 302.0 2032.0 4208.0 4262.0 2131000779
cell 2 13 2.95 -1.91440802 0.1 0.09817477 302.0 2032.0 4208.0 4262.0 2131000780
cell 2 13 2.95 -1.81623325 0.1 0.09817477 302.0 2032.0 4208.0 4262.0 2131000781
cell 2 13 2.95 -1.71805848 0.1 0.09817477 302.0 2032.0 4208.0 4262.0 2131000782
cell 2 13 2.95 -1.61988371 0.1 0.09817477 302.0 2032.0 4208.0 4262.0 2131000783
cell 2 13 2.95 -1.52170894 0.1 0.09817477 302.0 2032.0 4208.0 4262.0 2131000784
cell 2 13 2.95 -1.42353417 0.1 0.09817477 302.0 2032.0 4208.0 4262.0 2131000785
cell 2 13 2.95 -1.3253594 0.1 0.09817477 302.0 2032.0 4208.0 4262.0 2131000786
cell 2 13 2.95 -1.22718463 0.1 0.09817477 302.0 2032.0 4208.0 4262.0 2131000787
cell 2 13 2.95 -1.12900986 0.1 0.09817477 302.0 2032.0 4208.0 4262.0 2131000788
cell 2 13 2.95 -1.03083509 0.1 0.09817477 302.0 2032.0 4208.0 4262.0 2131000789
cell 2 13 2.95 -0.93266032 0.1 0.09817477 302.0 2032.0 4208.0 4262.0 2131000790
cell 2 13 2.95 -0.83448555 0.1 0.09817477 302.0 2032.0 4208.0 4262.0 2131000791
cell 2 13 2.95 -0.73631078 0.1 0.09817477 302.0 2032.0 4208.0 4262.0 2131000792
cell 2 13 2.95 -0.63813601 0.1 0.09817477 302.0 2032.0 4208.0 4262.0 2131000793
cell 2 13 2.95 -0.53996124 0.1 0.09817477 302.0 2032.0 4208.0 4262.0 2131000794
cell 2 13 2.95 -0.44178647 0.1 0.09817477 302.0 2032.0 4208.0 4262.0 2131000795
cell 2 13 2.95 -0.3436117 0.1 0.09817477 302.0 2032.0 4208.0 4262.0 2131000796
cell 2 13 2.95 -0.24543693 0.1 0.09817477 302.0 2032.0 4208.0 4262.0 2131000797
cell 2 13 2.95 -0.14726216 0.1 0.09817477 302.0 2032.0 4208.0 4262.0 2131000798
cell 2 13 2.95 -0.04908739 0.1 0.09817477 302.0 2032.0 4208.0 4262.0 2131000799
cell 2 13 2.95 0.04908739 0.1 0.09817477 302.0 2032.0 4208.0 4262.0 2131000800
cell 2 13 2.95 0.14726216 0.1 0.09817477 302.0 2032.0 4208.0 4262.0 2131000801
cell 2 13 2.95 0.24543693 0.1 0.09817477 302.0 2032.0 4208.0 4262.0 2131000802
cell 2 13 2.95 0.3436117 0.1 0.09817477 302.0 2032.0 4208.0 4262.0 2131000803
cell 2 13 2.95 0.44178647 0.1 0.09817477 302.0 2032.0 4208.0 4262.0 2131000804
cell 2 13 2.95 0.53996124 0.1 0.09817477 302.0 2032.0 4208.0 4262.0 2131000805
cell 2 13 2.95 0.63813601 0.1 0.09817477 302.0 2032.0 4208.0 4262.0 2131000806
cell 2 13 2.95 0.73631078 0.1 0.09817477 302.0 2032.0 4208.0 4262.0 2131000807
cell 2 13 2.95 0.83448555 0.1 0.09817477 302.0 2032.0 4208.0 4262.0 2131000808
cell 2 13 2.95 0.93266032 0.1 0.09817477 302.0 2032.0 4208.0 4262.0 2131000809
cell 2 13 2.95 1.03083509 0.1 0.09817477 302.0 2032.0 4208.0 4262.0 2131000810
cell 2 13 2.95 1.12900986 0.1 0.09817477 302.0 2032.0 4208.0 4262.0 2131000811
cell 2 13 2.95 1.22718463 0.1 0.09817477 302.0 2032.0 4208.0 4262.0 2131000812
cell 2 13 2.95 1.3253594 0.1 0.09817477 302.0 2032.0 4208.0 4262.0 2131000813
cell 2 13 2.95 1.42353417 0.1 0.09817477 302.0 2032.0 4208.0 4262.0 2131000814
cell 2 13 2.95 1.52170894 0.1 0.09817477 302.0 2032.0 4208.0 4262.0 2131000815
cell 2 13 2.95 1.61988371 0.1 0.09817477 302.0 2032.0 4208.0 4262.0 2131000816
cell 2 13 2.95 1.71805848 0.1 0.09817477 302.0 2032.0 4208.0 4262.0 2131000817
cell 2 13 2.95 1.81623325 0.1 0.09817477 302.0 2032.0 4208.0 4262.0 2131000818
cell 2 13 2.95 1.91440802 0.1 0.09817477 302.0 2032.0 4208.0 4262.0 2131000819
cell 2 13 2.95 2.01258279 0.1 0.09817477 302.0 2032.0 4208.0 4262.0 2131000820
cell 2 13 2.95 2.11075756 0.1 0.09817477 302.0 2032.0 4208.0 4262.0 2131000821
cell 2 13 2.95 2.20893233 0.1 0.09817477 302.0 2032.0 4208.0 4262.0 2131000822
cell 2 13 2.95 2.3071071 0.1 0.09817477 302.0 2032.0 4208.0 4262.0 2131000823
cell 2 13 2.95 2.40528188 0.1 0.09817477 302.0 2032.0 4208.0 4262.0 2131000824
cell 2 13 2.95 2.50345665 0.1 0.09817477 302.0 2032.0 4208.0 4262.0 2131000825
cell 2 13 2.95 2.60163142 0.1 0.09817477 302.0 2032.0 4208.0 4262.0 2131000826
cell 2 13 2.95 2.69980619 0.1 0.09817477 302.0 2032.0 4208.0 4262.0 2131000827
cell 2 13 2.95 2.79798096 0.1 0.09817477 302.0 2032.0 4208.0 4262.0 2131000828
cell 2 13 2.95 2.89615573 0.1 0.09817477 302.0 2032.0 4208.0 4262.0 2131000829
cell 2 13 2.95 2.9943305 0.1 0.09817477 302.0 2032.0 4208.0 4262.0 2131000830
cell 2 13 2.95 3.09250527 0.1 0.09817477 302.0 2032.0 4208.0 4262.0 2131000831
cell 2 13 3.05 -3.09250527 0.1 0.09817477 302.0 2032.0 4208.0 4262.0 2131000832
cell 2 13 3.05 -2.9943305 0.1 0.09817477 302.0 2032.0 4208.0 4262.0 2131000833
cell 2 13 3.05 -2.89615573 0.1 0.09817477 302.0 2032.0 4208.0 4262.0 2131000834
cell 2 13 3.05 -2.79798096 0.1 0.09817477 302.0 2032.0 4208.0 4262.0 2131000835
cell 2 13 3.05 -2.69980619 0.1 0.09817477 302.0 2032.0 4208.0 4262.0 2131000836
cell 2 13 3.05 -2.60163142 0.1 0.09817477 302.0 2032.0 4208.0 4262.0 2131000837
cell 2 13 3.05 -2.50345665 0.1 0.09817477 302.0 2032.0 4208.0 4262.0 2131000838
cell 2 13 3.05 -2.40528188 0.1 0.09817477 302.0 2032.0 4208.0 4262.0 2131000839
cell 2 13 3.05 -2.3071071 0.1 0.09817477 302.0 2032.0 4208.0 4262.0 2131000840
cell 2 13 3.05 -2.20893233 0.1 0.09817477 302.0 2032.0 4208.0 4262.0 2131000841
cell 2 13 3.05 -2.11075756 0.1 0.09817477 302.0 2032.0 4208.0 4262.0 2131000842
cell 2 13 3.05 -2.01258279 0.1 0.09817477 302.0 2032.0 4208.0 4262.0 2131000843
cell 2 13 3.05 -1.91440802 0.1 0.09817477 302.0 2032.0 4208.0 4262.0 2131000844
cell 2 13 3.05 -1.81623325 0.1 0.09817477 302.0 2032.0 4208.0 4262.0 2131000845
cell 2 13 3.05 -1.71805848 0.1 0.09817477 302.0 2032.0 4208.0 4262.0 2131000846
cell 2 13 3.05 -1.61988371 0.1 0.09817477 302.0 2032.0 4208.0 4262.0 2131000847
cell 2 13 3.05 -1.52170894 0.1 0.09817477 302.0 2032.0 4208.0 4262.0 2131000848
cell 2 13 3.05 -1.42353417 0.1 0.09817477 302.0 2032.0 4208.0 4262.0 2131000849
cell 2 13 3.05 -1.3253594 0.1 0.09817477 302.0 2032.0 4208.0 4262.0 2131000850
cell 2 13 3.05 -1.22718463 0.1 0.09817477 302.0 2032.0 4208.0 4262.0 2131000851
cell 2 13 3.05 -1.12900986 0.1 0.09817477 302.0 2032.0 4208.0 4262.0 2131000852
cell 2 13 3.05 -1.03083509 0.1 0.09817477 302.0 2032.0 4208.0 4262.0 2131000853
cell 2 13 3.05 -0.93266032 0.1 0.09817477 302.0 2032.0 4208.0 4262.0 2131000854
cell 2 13 3.05 -0.83448555 0.1 0.09817477 302.0 2032.0 4208.0 4262.0 2131000855
cell 2 13 3.05 -0.73631078 0.1 0.09817477 302.0 2032.0 4208.0 4262.0 2131000856
cell 2 13 3.05 -0.63813601 0.1 0.09817477 302.0 2032.0 4208.0 4262.0 2131000857
cell 2 13 3.05 -0.53996124 0.1 0.09817477 302.0 2032.0 4208.0 4262.0 2131000858
cell 2 13 3.05 -0.44178647 0.1 0.09817477 302.0 2032.0 4208.0 4262.0 2131000859
cell 2 13 3.05 -0.3436117 0.1 0.09817477 302.0 2032.0 4208.0 4262.0 2131000860
cell 2 13 3.05 -0.24543693 0.1 0.09817477 302.0 2032.0 4208.0 4262.0 2131000861
cell 2 13 3.05 -0.14726216 0.1 0.09817477 302.0 2032.0 4208.0 4262.0 2131000862
cell 2 13 3.05 -0.04908739 0.1 0.09817477 302.0 2032.0 4208.0 4262.0 2131000863
cell 2 13 3.05 0.04908739 0.1 0.09817477 302.0 2032.0 4208.0 4262.0 2131000864
cell 2 13 3.05 0.14726216 0.1 0.09817477 302.0 2032.0 4208.0 4262.0 2131000865
cell 2 13 3.05 0.24543693 0.1 0.09817477 302.0 2032.0 4208.0 4262.0 2131000866
cell 2 13 3.05 0.3436117 0.1 0.09817477 302.0 2032.0 4208.0 4262.0 2131000867
cell 2 13 3.05 0.44178647 0.1 0.09817477 302.0 2032.0 4208.0 4262.0 2131000868
cell 2 13 3.05 0.53996124 0.1 0.09817477 302.0 2032.0 4208.0 4262.0 2131000869
cell 2 13 3.05 0.63813601 0.1 0.09817477 302.0 2032.0 4208.0 4262.0 2131000870
cell 2 13 3.05 0.73631078 0.1 0.09817477 302.0 2032.0 4208.0 4262.0 2131000871
cell 2 13 3.05 0.83448555 0.1 0.09817477 302.0 2032.0 4208.0 4262.0 2131000872
cell 2 13 3.05 0.93266032 0.1 0.09817477 302.0 2032.0 4208.0 4262.0 2131000873
cell 2 13 3.05 1.03083509 0.1 0.09817477 302.0 2032.0 4208.0 4262.0 2131000874
cell 2 13 3.05 1.12900986 0.1 0.09817477 302.0 2032.0 4208.0 4262.0 2131000875
cell 2 13 3.05 1.22718463 0.1 0.09817477 302.0 2032.0 4208.0 4262.0 2131000876
cell 2 13 3.05 1.3253594 0.1 0.09817477 302.0 2032.0 4208.0 4262.0 2131000877
cell 2 13 3.05 1.42353417 0.1 0.09817477 302.0 2032.0 4208.0 4262.0 2131000878
cell 2 13 3.05 1.52170894 0.1 0.09817477 302.0 2032.0 4208.0 4262.0 2131000879
cell 2 13 3.05 1.61988371 0.1 0.09817477 302.0 2032.0 4208.0 4262.0 2131000880
cell 2 13 3.05 1.71805848 0.1 0.09817477 302.0 2032.0 4208.0 4262.0 2131000881
cell 2 13 3.05 1.81623325 0.1 0.09817477 302.0 2032.0 4208.0 4262.0 2131000882
cell 2 13 3.05 1.91440802 0.1 0.09817477 302.0 2032.0 4208.0 4262.0 2131000883
cell 2 13 3.05 2.01258279 0.1 0.09817477 302.0 2032.0 4208.0 4262.0 2131000884
cell 2 13 3.05 2.11075756 0.1 0.09817477 302.0 2032.0 4208.0 4262.0 2131000885
cell 2 13 3.05 2.20893233 0.1 0.09817477 302.0 2032.0 4208.0 4262.0 2131000886
cell 2 13 3.05 2.3071071 0.1 0.09817477 302.0 2032.0 4208.0 4262.0 2131000887
cell 2 13 3.05 2.40528188 0.1 0.09817477 302.0 2032.0 4208.0 4262.0 2131000888
cell 2 13 3.05 2.50345665 0.1 0.09817477 302.0 2032.0 4208.0 4262.0 2131000889
cell 2 13 3.05 2.60163142 0.1 0.09817477 302.0 2032.0 4208.0 4262.0 2131000890
cell 2 13 3.05 2.69980619 0.1 0.09817477 302.0 2032.0 4208.0 4262.0 2131000891
cell 2 13 3.05 2.79798096 0.1 0.09817477 302.0 2032.0 4208.0 4262.0 2131000892
cell 2 13 3.05 2.89615573 0.1 0.09817477 302.0 2032.0 4208.0 4262.0 2131000893
cell 2 13 3.05 2.9943305 0.1 0.09817477 302.0 2032.0 4208.0 4262.0 2131000894
cell 2 13 3.05 3.09250527 0.1 0.09817477 302.0 2032.0 4208.0 4262.0 2131000895
cell 2 13 3.15 -3.09250527 0.1 0.09817477 302.0 2032.0 4208.0 4262.0 2131000896
cell 2 13 3.15 -2.9943305 0.1 0.09817477 302.0 2032.0 4208.0 4262.0 2131000897
cell 2 13 3.15 -2.89615573 0.1 0.09817477 302.0 2032.0 4208.0 4262.0 2131000898
cell 2 13 3.15 -2.79798096 0.1 0.09817477 302.0 2032.0 4208.0 4262.0 2131000899
cell 2 13 3.15 -2.69980619 0.1 0.09817477 302.0 2032.0 4208.0 4262.0 2131000900
cell 2 13 3.15 -2.60163142 0.1 0.09817477 302.0 2032.0 4208.0 4262.0 2131000901
cell 2 13 3.15 -2.50345665 0.1 0.09817477 302.0 2032.0 4208.0 4262.0 2131000902
cell 2 13 3.15 -2.40528188 0.1 0.09817477 302.0 2032.0 4208.0 4262.0 2131000903
cell 2 13 3.15 -2.3071071 0.1 0.09817477 302.0 2032.0 4208.0 4262.0 2131000904
cell 2 13 3.15 -2.20893233 0.1 0.09817477 302.0 2032.0 4208.0 4262.0 2131000905
cell 2 13 3.15 -2.11075756 0.1 0.09817477 302.0 2032.0 4208.0 4262.0 2131000906
cell 2 13 3.15 -2.01258279 0.1 0.09817477 302.0 2032.0 4208.0 4262.0 2131000907
cell 2 13 3.15 -1.91440802 0.1 0.09817477 302.0 2032.0 4208.0 4262.0 2131000908
cell 2 13 3.15 -1.81623325 0.1 0.09817477 302.0 2032.0 4208.0 4262.0 2131000909
cell 2 13 3.15 -1.71805848 0.1 0.09817477 302.0 2032.0 4208.0 4262.0 2131000910
cell 2 13 3.15 -1.61988371 0.1 0.09817477 302.0 2032.0 4208.0 4262.0 2131000911
cell 2 13 3.15 -1.52170894 0.1 0.09817477 302.0 2032.0 4208.0 4262.0 2131000912
cell 2 13 3.15 -1.42353417 0.1 0.09817477 302.0 2032.0 4208.0 4262.0 2131000913
cell 2 13 3.15 -1.3253594 0.1 0.09817477 302.0 2032.0 4208.0 4262.0 2131000914
cell 2 13 3.15 -1.22718463 0.1 0.09817477 302.0 2032.0 4208.0 4262.0 2131000915
cell 2 13 3.15 -1.12900986 0.1 0.09817477 302.0 2032.0 4208.0 4262.0 2131000916
cell 2 13 3.15 -1.03083509 0.1 0.09817477 302.0 2032.0 4208.0 4262.0 2131000917
cell 2 13 3.15 -0.93266032 0.1 0.09817477 302.0 2032.0 4208.0 4262.0 2131000918
cell 2 13 3.15 -0.83448555 0.1 0.09817477 302.0 2032.0 4208.0 4262.0 2131000919
cell 2 13 3.15 -0.73631078 0.1 0.09817477 302.0 2032.0 4208.0 4262.0 2131000920
cell 2 13 3.15 -0.63813601 0.1 0.09817477 302.0 2032.0 4208.0 4262.0 2131000921
cell 2 13 3.15 -0.53996124 0.1 0.09817477 302.0 2032.0 4208.0 4262.0 2131000922
cell 2 13 3.15 -0.44178647 0.1 0.09817477 302.0 2032.0 4208.0 4262.0 2131000923
cell 2 13 3.15 -0.3436117 0.1 0.09817477 302.0 2032.0 4208.0 4262.0 2131000924
cell 2 13 3.15 -0.24543693 0.1 0.09817477 302.0 2032.0 4208.0 4262.0 2131000925
cell 2 13 3.15 -0.14726216 0.1 0.09817477 302.0 2032.0 4208.0 4262.0 2131000926
cell 2 13 3.15 -0.04908739 0.1 0.09817477 302.0 2032.0 4208.0 4262.0 2131000927
cell 2 13 3.15 0.04908739 0.1 0.09817477 302.0 2032.0 4208.0 4262.0 2131000928
cell 2 13 3.15 0.14726216 0.1 0.09817477 302.0 2032.0 4208.0 4262.0 2131000929
cell 2 13 3.15 0.24543693 0.1 0.09817477 302.0 2032.0 4208.0 4262.0 2131000930
cell 2 13 3.15 0.3436117 0.1 0.09817477 302.0 2032.0 4208.0 4262.0 2131000931
cell 2 13 3.15 0.44178647 0.1 0.09817477 302.0 2032.0 4208.0 4262.0 2131000932
cell 2 13 3.15 0.53996124 0.1 0.09817477 302.0 2032.0 4208.0 4262.0 2131000933
cell 2 13 3.15 0.63813601 0.1 0.09817477 302.0 2032.0 4208.0 4262.0 2131000934
cell 2 13 3.15 0.73631078 0.1 0.09817477 302.0 2032.0 4208.0 4262.0 2131000935
cell 2 13 3.15 0.83448555 0.1 0.09817477 302.0 2032.0 4208.0 4262.0 2131000936
cell 2 13 3.15 0.93266032 0.1 0.09817477 302.0 2032.0 4208.0 4262.0 2131000937
cell 2 13 3.15 1.03083509 0.1 0.09817477 302.0 2032.0 4208.0 4262.0 2131000938
cell 2 13 3.15 1.12900986 0.1 0.09817477 302.0 2032.0 4208.0 4262.0 2131000939
cell 2 13 3.15 1.22718463 0.1 0.09817477 302.0 2032.0 4208.0 4262.0 2131000940
cell 2 13 3.15 1.3253594 0.1 0.09817477 302.0 2032.0 4208.0 4262.0 2131000941
cell 2 13 3.15 1.42353417 0.1 0.09817477 302.0 2032.0 4208.0 4262.0 2131000942
cell 2 13 3.15 1.52170894 0.1 0.09817477 302.0 2032.0 4208.0 4262.0 2131000943
cell 2 13 3.15 1.61988371 0.1 0.09817477 302.0 2032.0 4208.0 4262.0 2131000944
cell 2 13 3.15 1.71805848 0.1 0.09817477 302.0 2032.0 4208.0 4262.0 2131000945
cell 2 13 3.15 1.81623325 0.1 0.09817477 302.0 2032.0 4208.0 4262.0 2131000946
cell 2 13 3.15 1.91440802 0.1 0.09817477 302.0 2032.0 4208.0 4262.0 2131000947
cell 2 13 3.15 2.01258279 0.1 0.09817477 302.0 2032.0 4208.0 4262.0 2131000948
cell 2 13 3.15 2.11075756 0.1 0.09817477 302.0 2032.0 4208.0 4262.0 2131000949
cell 2 13 3.15 2.20893233 0.1 0.09817477 302.0 2032.0 4208.0 4262.0 2131000950
cell 2 13 3.15 2.3071071 0.1 0.09817477 302.0 2032.0 4208.0 4262.0 2131000951
cell 2 13 3.15 2.40528188 0.1 0.09817477 302.0 2032.0 4208.0 4262.0 2131000952
cell 2 13 3.15 2.50345665 0.1 0.09817477 302.0 2032.0 4208.0 4262.0 2131000953
cell 2 13 3.15 2.60163142 0.1 0.09817477 302.0 2032.0 4208.0 4262.0 2131000954
cell 2 13 3.15 2.69980619 0.1 0.09817477 302.0 2032.0 4208.0 4262.0 2131000955
cell 2 13 3.15 2.79798096 0.1 0.09817477 302.0 2032.0 4208.0 4262.0 2131000956
cell 2 13 3.15 2.89615573 0.1 0.09817477 302.0 2032.0 4208.0 4262.0 2131000957
cell 2 13 3.15 2.9943305 0.1 0.09817477 302.0 2032.0 4208.0 4262.0 2131000958
cell 2 13 3.15 3.09250527 0.1 0.09817477 302.0 2032.0 4208.0 4262.0 2131000959
