# sample segmentation eta phi delta_eta delta_phi rmin rmax zmin zmax
config 1 9 0 0.84839862 1.4125389 3383.0 3883.0 3704.0 6534.0
eta_bins -1.3484 -1.2484 -1.1484 -1.0484 -0.9484 -0.8484 0.8484 0.9484 1.0484 1.1484 1.2484 1.3484
phi_bins -3.1416 -3.0434 -2.9452 -2.8471 -2.7489 -2.6507 -2.5525 -2.4544 -2.3562 -2.258 -2.1598 -2.0617 -1.9635 -1.8653 -1.7671 -1.669 -1.5708 -1.4726 -1.3744 -1.2763 -1.1781 -1.0799 -0.9817 -0.8836 -0.7854 -0.6872 -0.589 -0.4909 -0.3927 -0.2945 -0.1963 -0.0982 0.0 0.0982 0.1963 0.2945 0.3927 0.4909 0.589 0.6872 0.7854 0.8836 0.9817 1.0799 1.1781 1.2763 1.3744 1.4726 1.5708 1.669 1.7671 1.8653 1.9635 2.0617 2.1598 2.258 2.3562 2.4544 2.5525 2.6507 2.7489 2.8471 2.9452 3.0434 3.1416
cell 1 9 -1.29839862 -3.09250527 0.1 0.09817477 3383.0 3883.0 3704.0 6534.0 1090000000
cell 1 9 -1.29839862 -2.9943305 0.1 0.09817477 3383.0 3883.0 3704.0 6534.0 1090000001
cell 1 9 -1.29839862 -2.89615573 0.1 0.09817477 3383.0 3883.0 3704.0 6534.0 1090000002
cell 1 9 -1.29839862 -2.79798096 0.1 0.09817477 3383.0 3883.0 3704.0 6534.0 1090000003
cell 1 9 -1.29839862 -2.69980619 0.1 0.09817477 3383.0 3883.0 3704.0 6534.0 1090000004
cell 1 9 -1.29839862 -2.60163142 0.1 0.09817477 3383.0 3883.0 3704.0 6534.0 1090000005
cell 1 9 -1.29839862 -2.50345665 0.1 0.09817477 3383.0 3883.0 3704.0 6534.0 1090000006
cell 1 9 -1.29839862 -2.40528188 0.1 0.09817477 3383.0 3883.0 3704.0 6534.0 1090000007
cell 1 9 -1.29839862 -2.3071071 0.1 0.09817477 3383.0 3883.0 3704.0 6534.0 1090000008
cell 1 9 -1.29839862 -2.20893233 0.1 0.09817477 3383.0 3883.0 3704.0 6534.0 1090000009
cell 1 9 -1.29839862 -2.11075756 0.1 0.09817477 3383.0 3883.0 3704.0 6534.0 1090000010
cell 1 9 -1.29839862 -2.01258279 0.1 0.09817477 3383.0 3883.0 3704.0 6534.0 1090000011
cell 1 9 -1.29839862 -1.91440802 0.1 0.09817477 3383.0 3883.0 3704.0 6534.0 1090000012
cell 1 9 -1.29839862 -1.81623325 0.1 0.09817477 3383.0 3883.0 3704.0 6534.0 1090000013
cell 1 9 -1.29839862 -1.71805848 0.1 0.09817477 3383.0 3883.0 3704.0 6534.0 1090000014
cell 1 9 -1.29839862 -1.61988371 0.1 0.09817477 3383.0 3883.0 3704.0 6534.0 1090000015
cell 1 9 -1.29839862 -1.52170894 0.1 0.09817477 3383.0 3883.0 3704.0 6534.0 1090000016
cell 1 9 -1.29839862 -1.42353417 0.1 0.09817477 3383.0 3883.0 3704.0 6534.0 1090000017
cell 1 9 -1.29839862 -1.3253594 0.1 0.09817477 3383.0 3883.0 3704.0 6534.0 1090000018
cell 1 9 -1.29839862 -1.22718463 0.1 0.09817477 3383.0 3883.0 3704.0 6534.0 1090000019
cell 1 9 -1.29839862 -1.12900986 0.1 0.09817477 3383.0 3883.0 3704.0 6534.0 1090000020
cell 1 9 -1.29839862 -1.03083509 0.1 0.09817477 3383.0 3883.0 3704.0 6534.0 1090000021
cell 1 9 -1.29839862 -0.93266032 0.1 0.09817477 3383.0 3883.0 3704.0 6534.0 1090000022
cell 1 9 -1.29839862 -0.83448555 0.1 0.09817477 3383.0 3883.0 3704.0 6534.0 1090000023
cell 1 9 -1.29839862 -0.73631078 0.1 0.09817477 3383.0 3883.0 3704.0 6534.0 1090000024
cell 1 9 -1.29839862 -0.63813601 0.1 0.09817477 3383.0 3883.0 3704.0 6534.0 1090000025
cell 1 9 -1.29839862 -0.53996124 0.1 0.09817477 3383.0 3883.0 3704.0 6534.0 1090000026
cell 1 9 -1.29839862 -0.44178647 0.1 0.09817477 3383.0 3883.0 3704.0 6534.0 1090000027
cell 1 9 -1.29839862 -0.3436117 0.1 0.09817477 3383.0 3883.0 3704.0 6534.0 1090000028
cell 1 9 -1.29839862 -0.24543693 0.1 0.09817477 3383.0 3883.0 3704.0 6534.0 1090000029
cell 1 9 -1.29839862 -0.14726216 0.1 0.09817477 3383.0 3883.0 3704.0 6534.0 1090000030
cell 1 9 -1.29839862 -0.04908739 0.1 0.09817477 3383.0 3883.0 3704.0 6534.0 1090000031
cell 1 9 -1.29839862 0.04908739 0.1 0.09817477 3383.0 3883.0 3704.0 6534.0 1090000032
cell 1 9 -1.29839862 0.14726216 0.1 0.09817477 3383.0 3883.0 3704.0 6534.0 1090000033
cell 1 9 -1.29839862 0.24543693 0.1 0.09817477 3383.0 3883.0 3704.0 6534.0 1090000034
cell 1 9 -1.29839862 0.3436117 0.1 0.09817477 3383.0 3883.0 3704.0 6534.0 1090000035
cell 1 9 -1.29839862 0.44178647 0.1 0.09817477 3383.0 3883.0 3704.0 6534.0 1090000036
cell 1 9 -1.29839862 0.53996124 0.1 0.09817477 3383.0 3883.0 3704.0 6534.0 1090000037
cell 1 9 -1.29839862 0.63813601 0.1 0.09817477 3383.0 3883.0 3704.0 6534.0 1090000038
cell 1 9 -1.29839862 0.73631078 0.1 0.09817477 3383.0 3883.0 3704.0 6534.0 1090000039
cell 1 9 -1.29839862 0.83448555 0.1 0.09817477 3383.0 3883.0 3704.0 6534.0 1090000040
cell 1 9 -1.29839862 0.93266032 0.1 0.09817477 3383.0 3883.0 3704.0 6534.0 1090000041
cell 1 9 -1.29839862 1.03083509 0.1 0.09817477 3383.0 3883.0 3704.0 6534.0 1090000042
cell 1 9 -1.29839862 1.12900986 0.1 0.09817477 3383.0 3883.0 3704.0 6534.0 1090000043
cell 1 9 -1.29839862 1.22718463 0.1 0.09817477 3383.0 3883.0 3704.0 6534.0 1090000044
cell 1 9 -1.29839862 1.3253594 0.1 0.09817477 3383.0 3883.0 3704.0 6534.0 1090000045
cell 1 9 -1.29839862 1.42353417 0.1 0.09817477 3383.0 3883.0 3704.0 6534.0 1090000046
cell 1 9 -1.29839862 1.52170894 0.1 0.09817477 3383.0 3883.0 3704.0 6534.0 1090000047
cell 1 9 -1.29839862 1.61988371 0.1 0.09817477 3383.0 3883.0 3704.0 6534.0 1090000048
cell 1 9 -1.29839862 1.71805848 0.1 0.09817477 3383.0 3883.0 3704.0 6534.0 1090000049
cell 1 9 -1.29839862 1.81623325 0.1 0.09817477 3383.0 3883.0 3704.0 6534.0 1090000050
cell 1 9 -1.29839862 1.91440802 0.1 0.09817477 3383.0 3883.0 3704.0 6534.0 1090000051
cell 1 9 -1.29839862 2.01258279 0.1 0.09817477 3383.0 3883.0 3704.0 6534.0 1090000052
cell 1 9 -1.29839862 2.11075756 0.1 0.09817477 3383.0 3883.0 3704.0 6534.0 1090000053
cell 1 9 -1.29839862 2.20893233 0.1 0.09817477 3383.0 3883.0 3704.0 6534.0 1090000054
cell 1 9 -1.29839862 2.3071071 0.1 0.09817477 3383.0 3883.0 3704.0 6534.0 1090000055
cell 1 9 -1.29839862 2.40528188 0.1 0.09817477 3383.0 3883.0 3704.0 6534.0 1090000056
cell 1 9 -1.29839862 2.50345665 0.1 0.09817477 3383.0 3883.0 3704.0 6534.0 1090000057
cell 1 9 -1.29839862 2.60163142 0.1 0.09817477 3383.0 3883.0 3704.0 6534.0 1090000058
cell 1 9 -1.29839862 2.69980619 0.1 0.09817477 3383.0 3883.0 3704.0 6534.0 1090000059
cell 1 9 -1.29839862 2.79798096 0.1 0.09817477 3383.0 3883.0 3704.0 6534.0 1090000060
cell 1 9 -1.29839862 2.89615573 0.1 0.09817477 3383.0 3883.0 3704.0 6534.0 1090000061
cell 1 9 -1.29839862 2.9943305 0.1 0.09817477 3383.0 3883.0 3704.0 6534.0 1090000062
cell 1 9 -1.29839862 3.09250527 0.1 0.09817477 3383.0 3883.0 3704.0 6534.0 1090000063
cell 1 9 -1.19839862 -3.09250527 0.1 0.09817477 3383.0 3883.0 3704.0 6534.0 1090000064
cell 1 9 -1.19839862 -2.9943305 0.1 0.09817477 3383.0 3883.0 3704.0 6534.0 1090000065
cell 1 9 -1.19839862 -2.89615573 0.1 0.09817477 3383.0 3883.0 3704.0 6534.0 1090000066
cell 1 9 -1.19839862 -2.79798096 0.1 0.09817477 3383.0 3883.0 3704.0 6534.0 1090000067
cell 1 9 -1.19839862 -2.69980619 0.1 0.09817477 3383.0 3883.0 3704.0 6534.0 1090000068
cell 1 9 -1.19839862 -2.60163142 0.1 0.09817477 3383.0 3883.0 3704.0 6534.0 1090000069
cell 1 9 -1.19839862 -2.50345665 0.1 0.09817477 3383.0 3883.0 3704.0 6534.0 1090000070
cell 1 9 -1.19839862 -2.40528188 0.1 0.09817477 3383.0 3883.0 3704.0 6534.0 1090000071
cell 1 9 -1.19839862 -2.3071071 0.1 0.09817477 3383.0 3883.0 3704.0 6534.0 1090000072
cell 1 9 -1.19839862 -2.20893233 0.1 0.09817477 3383.0 3883.0 3704.0 6534.0 1090000073
cell 1 9 -1.19839862 -2.11075756 0.1 0.09817477 3383.0 3883.0 3704.0 6534.0 1090000074
cell 1 9 -1.19839862 -2.01258279 0.1 0.09817477 3383.0 3883.0 3704.0 6534.0 1090000075
cell 1 9 -1.19839862 -1.91440802 0.1 0.09817477 3383.0 3883.0 3704.0 6534.0 1090000076
cell 1 9 -1.19839862 -1.81623325 0.1 0.09817477 3383.0 3883.0 3704.0 6534.0 1090000077
cell 1 9 -1.19839862 -1.71805848 0.1 0.09817477 3383.0 3883.0 3704.0 6534.0 1090000078
cell 1 9 -1.19839862 -1.61988371 0.1 0.09817477 3383.0 3883.0 3704.0 6534.0 1090000079
cell 1 9 -1.19839862 -1.52170894 0.1 0.09817477 3383.0 3883.0 3704.0 6534.0 1090000080
cell 1 9 -1.19839862 -1.42353417 0.1 0.09817477 3383.0 3883.0 3704.0 6534.0 1090000081
cell 1 9 -1.19839862 -1.3253594 0.1 0.09817477 3383.0 3883.0 3704.0 6534.0 1090000082
cell 1 9 -1.19839862 -1.22718463 0.1 0.09817477 3383.0 3883.0 3704.0 6534.0 1090000083
cell 1 9 -1.19839862 -1.12900986 0.1 0.09817477 3383.0 3883.0 3704.0 6534.0 1090000084
cell 1 9 -1.19839862 -1.03083509 0.1 0.09817477 3383.0 3883.0 3704.0 6534.0 1090000085
cell 1 9 -1.19839862 -0.93266032 0.1 0.09817477 3383.0 3883.0 3704.0 6534.0 1090000086
cell 1 9 -1.19839862 -0.83448555 0.1 0.09817477 3383.0 3883.0 3704.0 6534.0 1090000087
cell 1 9 -1.19839862 -0.73631078 0.1 0.09817477 3383.0 3883.0 3704.0 6534.0 1090000088
cell 1 9 -1.19839862 -0.63813601 0.1 0.09817477 3383.0 3883.0 3704.0 6534.0 1090000089
cell 1 9 -1.19839862 -0.53996124 0.1 0.09817477 3383.0 3883.0 3704.0 6534.0 1090000090
cell 1 9 -1.19839862 -0.44178647 0.1 0.09817477 3383.0 3883.0 3704.0 6534.0 1090000091
cell 1 9 -1.19839862 -0.3436117 0.1 0.09817477 3383.0 3883.0 3704.0 6534.0 1090000092
cell 1 9 -1.19839862 -0.24543693 0.1 0.09817477 3383.0 3883.0 3704.0 6534.0 1090000093
cell 1 9 -1.19839862 -0.14726216 0.1 0.09817477 3383.0 3883.0 3704.0 6534.0 1090000094
cell 1 9 -1.19839862 -0.04908739 0.1 0.09817477 3383.0 3883.0 3704.0 6534.0 1090000095
cell 1 9 -1.19839862 0.04908739 0.1 0.09817477 3383.0 3883.0 3704.0 6534.0 1090000096
cell 1 9 -1.19839862 0.14726216 0.1 0.09817477 3383.0 3883.0 3704.0 6534.0 1090000097
cell 1 9 -1.19839862 0.24543693 0.1 0.09817477 3383.0 3883.0 3704.0 6534.0 1090000098
cell 1 9 -1.19839862 0.3436117 0.1 0.09817477 3383.0 3883.0 3704.0 6534.0 1090000099
cell 1 9 -1.19839862 0.44178647 0.1 0.09817477 3383.0 3883.0 3704.0 6534.0 1090000100
cell 1 9 -1.19839862 0.53996124 0.1 0.09817477 3383.0 3883.0 3704.0 6534.0 1090000101
cell 1 9 -1.19839862 0.63813601 0.1 0.09817477 3383.0 3883.0 3704.0 6534.0 1090000102
cell 1 9 -1.19839862 0.73631078 0.1 0.09817477 3383.0 3883.0 3704.0 6534.0 1090000103
cell 1 9 -1.19839862 0.83448555 0.1 0.09817477 3383.0 3883.0 3704.0 6534.0 1090000104
cell 1 9 -1.19839862 0.93266032 0.1 0.09817477 3383.0 3883.0 3704.0 6534.0 1090000105
cell 1 9 -1.19839862 1.03083509 0.1 0.09817477 3383.0 3883.0 3704.0 6534.0 1090000106
cell 1 9 -1.19839862 1.12900986 0.1 0.09817477 3383.0 3883.0 3704.0 6534.0 1090000107
cell 1 9 -1.19839862 1.22718463 0.1 0.09817477 3383.0 3883.0 3704.0 6534.0 1090000108
cell 1 9 -1.19839862 1.3253594 0.1 0.09817477 3383.0 3883.0 3704.0 6534.0 1090000109
cell 1 9 -1.19839862 1.42353417 0.1 0.09817477 3383.0 3883.0 3704.0 6534.0 1090000110
cell 1 9 -1.19839862 1.52170894 0.1 0.09817477 3383.0 3883.0 3704.0 6534.0 1090000111
cell 1 9 -1.19839862 1.61988371 0.1 0.09817477 3383.0 3883.0 3704.0 6534.0 1090000112
cell 1 9 -1.19839862 1.71805848 0.1 0.09817477 3383.0 3883.0 3704.0 6534.0 1090000113
cell 1 9 -1.19839862 1.81623325 0.1 0.09817477 3383.0 3883.0 3704.0 6534.0 1090000114
cell 1 9 -1.19839862 1.91440802 0.1 0.09817477 3383.0 3883.0 3704.0 6534.0 1090000115
cell 1 9 -1.19839862 2.01258279 0.1 0.09817477 3383.0 3883.0 3704.0 6534.0 1090000116
cell 1 9 -1.19839862 2.11075756 0.1 0.09817477 3383.0 3883.0 3704.0 6534.0 1090000117
cell 1 9 -1.19839862 2.20893233 0.1 0.09817477 3383.0 3883.0 3704.0 6534.0 1090000118
cell 1 9 -1.19839862 2.3071071 0.1 0.09817477 3383.0 3883.0 3704.0 6534.0 1090000119
cell 1 9 -1.19839862 2.40528188 0.1 0.09817477 3383.0 3883.0 3704.0 6534.0 1090000120
cell 1 9 -1.19839862 2.50345665 0.1 0.09817477 3383.0 3883.0 3704.0 6534.0 1090000121
cell 1 9 -1.19839862 2.60163142 0.1 0.09817477 3383.0 3883.0 3704.0 6534.0 1090000122
cell 1 9 -1.19839862 2.69980619 0.1 0.09817477 3383.0 3883.0 3704.0 6534.0 1090000123
cell 1 9 -1.19839862 2.79798096 0.1 0.09817477 3383.0 3883.0 3704.0 6534.0 1090000124
cell 1 9 -1.19839862 2.89615573 0.1 0.09817477 3383.0 3883.0 3704.0 6534.0 1090000125
cell 1 9 -1.19839862 2.9943305 0.1 0.09817477 3383.0 3883.0 3704.0 6534.0 1090000126
cell 1 9 -1.19839862 3.09250527 0.1 0.09817477 3383.0 3883.0 3704.0 6534.0 1090000127
cell 1 9 -1.09839862 -3.09250527 0.1 0.09817477 3383.0 3883.0 3704.0 6534.0 1090000128
cell 1 9 -1.09839862 -2.9943305 0.1 0.09817477 3383.0 3883.0 3704.0 6534.0 1090000129
cell 1 9 -1.09839862 -2.89615573 0.1 0.09817477 3383.0 3883.0 3704.0 6534.0 1090000130
cell 1 9 -1.09839862 -2.79798096 0.1 0.09817477 3383.0 3883.0 3704.0 6534.0 1090000131
cell 1 9 -1.09839862 -2.69980619 0.1 0.09817477 3383.0 3883.0 3704.0 6534.0 1090000132
cell 1 9 -1.09839862 -2.60163142 0.1 0.09817477 3383.0 3883.0 3704.0 6534.0 1090000133
cell 1 9 -1.09839862 -2.50345665 0.1 0.09817477 3383.0 3883.0 3704.0 6534.0 1090000134
cell 1 9 -1.09839862 -2.40528188 0.1 0.09817477 3383.0 3883.0 3704.0 6534.0 1090000135
cell 1 9 -1.09839862 -2.3071071 0.1 0.09817477 3383.0 3883.0 3704.0 6534.0 1090000136
cell 1 9 -1.09839862 -2.20893233 0.1 0.09817477 3383.0 3883.0 3704.0 6534.0 1090000137
cell 1 9 -1.09839862 -2.11075756 0.1 0.09817477 3383.0 3883.0 3704.0 6534.0 1090000138
cell 1 9 -1.09839862 -2.01258279 0.1 0.09817477 3383.0 3883.0 3704.0 6534.0 1090000139
cell 1 9 -1.09839862 -1.91440802 0.1 0.09817477 3383.0 3883.0 3704.0 6534.0 1090000140
cell 1 9 -1.09839862 -1.81623325 0.1 0.09817477 3383.0 3883.0 3704.0 6534.0 1090000141
cell 1 9 -1.09839862 -1.71805848 0.1 0.09817477 3383.0 3883.0 3704.0 6534.0 1090000142
cell 1 9 -1.09839862 -1.61988371 0.1 0.09817477 3383.0 3883.0 3704.0 6534.0 1090000143
cell 1 9 -1.09839862 -1.52170894 0.1 0.09817477 3383.0 3883.0 3704.0 6534.0 1090000144
cell 1 9 -1.09839862 -1.42353417 0.1 0.09817477 3383.0 3883.0 3704.0 6534.0 1090000145
cell 1 9 -1.09839862 -1.3253594 0.1 0.09817477 3383.0 3883.0 3704.0 6534.0 1090000146
cell 1 9 -1.09839862 -1.22718463 0.1 0.09817477 3383.0 3883.0 3704.0 6534.0 1090000147
cell 1 9 -1.09839862 -1.12900986 0.1 0.09817477 3383.0 3883.0 3704.0 6534.0 1090000148
cell 1 9 -1.09839862 -1.03083509 0.1 0.09817477 3383.0 3883.0 3704.0 6534.0 1090000149
cell 1 9 -1.09839862 -0.93266032 0.1 0.09817477 3383.0 3883.0 3704.0 6534.0 1090000150
cell 1 9 -1.09839862 -0.83448555 0.1 0.09817477 3383.0 3883.0 3704.0 6534.0 1090000151
cell 1 9 -1.09839862 -0.73631078 0.1 0.09817477 3383.0 3883.0 3704.0 6534.0 1090000152
cell 1 9 -1.09839862 -0.63813601 0.1 0.09817477 3383.0 3883.0 3704.0 6534.0 1090000153
cell 1 9 -1.09839862 -0.53996124 0.1 0.09817477 3383.0 3883.0 3704.0 6534.0 1090000154
cell 1 9 -1.09839862 -0.44178647 0.1 0.09817477 3383.0 3883.0 3704.0 6534.0 1090000155
cell 1 9 -1.09839862 -0.3436117 0.1 0.09817477 3383.0 3883.0 3704.0 6534.0 1090000156
cell 1 9 -1.09839862 -0.24543693 0.1 0.09817477 3383.0 3883.0 3704.0 6534.0 1090000157
cell 1 9 -1.09839862 -0.14726216 0.1 0.09817477 3383.0 3883.0 3704.0 6534.0 1090000158
cell 1 9 -1.09839862 -0.04908739 0.1 0.09817477 3383.0 3883.0 3704.0 6534.0 1090000159
cell 1 9 -1.09839862 0.04908739 0.1 0.09817477 3383.0 3883.0 3704.0 6534.0 1090000160
cell 1 9 -1.09839862 0.14726216 0.1 0.09817477 3383.0 3883.0 3704.0 6534.0 1090000161
cell 1 9 -1.09839862 0.24543693 0.1 0.09817477 3383.0 3883.0 3704.0 6534.0 1090000162
cell 1 9 -1.09839862 0.3436117 0.1 0.09817477 3383.0 3883.0 3704.0 6534.0 1090000163
cell 1 9 -1.09839862 0.44178647 0.1 0.09817477 3383.0 3883.0 3704.0 6534.0 1090000164
cell 1 9 -1.09839862 0.53996124 0.1 0.09817477 3383.0 3883.0 3704.0 6534.0 1090000165
cell 1 9 -1.09839862 0.63813601 0.1 0.09817477 3383.0 3883.0 3704.0 6534.0 1090000166
cell 1 9 -1.09839862 0.73631078 0.1 0.09817477 3383.0 3883.0 3704.0 6534.0 1090000167
cell 1 9 -1.09839862 0.83448555 0.1 0.09817477 3383.0 3883.0 3704.0 6534.0 1090000168
cell 1 9 -1.09839862 0.93266032 0.1 0.09817477 3383.0 3883.0 3704.0 6534.0 1090000169
cell 1 9 -1.09839862 1.03083509 0.1 0.09817477 3383.0 3883.0 3704.0 6534.0 1090000170
cell 1 9 -1.09839862 1.12900986 0.1 0.09817477 3383.0 3883.0 3704.0 6534.0 1090000171
cell 1 9 -1.09839862 1.22718463 0.1 0.09817477 3383.0 3883.0 3704.0 6534.0 1090000172
cell 1 9 -1.09839862 1.3253594 0.1 0.09817477 3383.0 3883.0 3704.0 6534.0 1090000173
cell 1 9 -1.09839862 1.42353417 0.1 0.09817477 3383.0 3883.0 3704.0 6534.0 1090000174
cell 1 9 -1.09839862 1.52170894 0.1 0.09817477 3383.0 3883.0 3704.0 6534.0 1090000175
cell 1 9 -1.09839862 1.61988371 0.1 0.09817477 3383.0 3883.0 3704.0 6534.0 1090000176
cell 1 9 -1.09839862 1.71805848 0.1 0.09817477 3383.0 3883.0 3704.0 6534.0 1090000177
cell 1 9 -1.09839862 1.81623325 0.1 0.09817477 3383.0 3883.0 3704.0 6534.0 1090000178
cell 1 9 -1.09839862 1.91440802 0.1 0.09817477 3383.0 3883.0 3704.0 6534.0 1090000179
cell 1 9 -1.09839862 2.01258279 0.1 0.09817477 3383.0 3883.0 3704.0 6534.0 1090000180
cell 1 9 -1.09839862 2.11075756 0.1 0.09817477 3383.0 3883.0 3704.0 6534.0 1090000181
cell 1 9 -1.09839862 2.20893233 0.1 0.09817477 3383.0 3883.0 3704.0 6534.0 1090000182
cell 1 9 -1.09839862 2.3071071 0.1 0.09817477 3383.0 3883.0 3704.0 6534.0 1090000183
cell 1 9 -1.09839862 2.40528188 0.1 0.09817477 3383.0 3883.0 3704.0 6534.0 1090000184
cell 1 9 -1.09839862 2.50345665 0.1 0.09817477 3383.0 3883.0 3704.0 6534.0 1090000185
cell 1 9 -1.09839862 2.60163142 0.1 0.09817477 3383.0 3883.0 3704.0 6534.0 1090000186
cell 1 9 -1.09839862 2.69980619 0.1 0.09817477 3383.0 3883.0 3704.0 6534.0 1090000187
cell 1 9 -1.09839862 2.79798096 0.1 0.09817477 3383.0 3883.0 3704.0 6534.0 1090000188
cell 1 9 -1.09839862 2.89615573 0.1 0.09817477 3383.0 3883.0 3704.0 6534.0 1090000189
cell 1 9 -1.09839862 2.9943305 0.1 0.09817477 3383.0 3883.0 3704.0 6534.0 1090000190
cell 1 9 -1.09839862 3.09250527 0.1 0.09817477 3383.0 3883.0 3704.0 6534.0 1090000191
cell 1 9 -0.99839862 -3.09250527 0.1 0.09817477 3383.0 3883.0 3704.0 6534.0 1090000192
cell 1 9 -0.99839862 -2.9943305 0.1 0.09817477 3383.0 3883.0 3704.0 6534.0 1090000193
cell 1 9 -0.99839862 -2.89615573 0.1 0.09817477 3383.0 3883.0 3704.0 6534.0 1090000194
cell 1 9 -0.99839862 -2.79798096 0.1 0.09817477 3383.0 3883.0 3704.0 6534.0 1090000195
cell 1 9 -0.99839862 -2.69980619 0.1 0.09817477 3383.0 3883.0 3704.0 6534.0 1090000196
cell 1 9 -0.99839862 -2.60163142 0.1 0.09817477 3383.0 3883.0 3704.0 6534.0 1090000197
cell 1 9 -0.99839862 -2.50345665 0.1 0.09817477 3383.0 3883.0 3704.0 6534.0 1090000198
cell 1 9 -0.99839862 -2.40528188 0.1 0.09817477 3383.0 3883.0 3704.0 6534.0 1090000199
cell 1 9 -0.99839862 -2.3071071 0.1 0.09817477 3383.0 3883.0 3704.0 6534.0 1090000200
cell 1 9 -0.99839862 -2.20893233 0.1 0.09817477 3383.0 3883.0 3704.0 6534.0 1090000201
cell 1 9 -0.99839862 -2.11075756 0.1 0.09817477 3383.0 3883.0 3704.0 6534.0 1090000202
cell 1 9 -0.99839862 -2.01258279 0.1 0.09817477 3383.0 3883.0 3704.0 6534.0 1090000203
cell 1 9 -0.99839862 -1.91440802 0.1 0.09817477 3383.0 3883.0 3704.0 6534.0 1090000204
cell 1 9 -0.99839862 -1.81623325 0.1 0.09817477 3383.0 3883.0 3704.0 6534.0 1090000205
cell 1 9 -0.99839862 -1.71805848 0.1 0.09817477 3383.0 3883.0 3704.0 6534.0 1090000206
cell 1 9 -0.99839862 -1.61988371 0.1 0.09817477 3383.0 3883.0 3704.0 6534.0 1090000207
cell 1 9 -0.99839862 -1.52170894 0.1 0.09817477 3383.0 3883.0 3704.0 6534.0 1090000208
cell 1 9 -0.99839862 -1.42353417 0.1 0.09817477 3383.0 3883.0 3704.0 6534.0 1090000209
cell 1 9 -0.99839862 -1.3253594 0.1 0.09817477 3383.0 3883.0 3704.0 6534.0 1090000210
cell 1 9 -0.99839862 -1.22718463 0.1 0.09817477 3383.0 3883.0 3704.0 6534.0 1090000211
cell 1 9 -0.99839862 -1.12900986 0.1 0.09817477 3383.0 3883.0 3704.0 6534.0 1090000212
cell 1 9 -0.99839862 -1.03083509 0.1 0.09817477 3383.0 3883.0 3704.0 6534.0 1090000213
cell 1 9 -0.99839862 -0.93266032 0.1 0.09817477 3383.0 3883.0 3704.0 6534.0 1090000214
cell 1 9 -0.99839862 -0.83448555 0.1 0.09817477 3383.0 3883.0 3704.0 6534.0 1090000215
cell 1 9 -0.99839862 -0.73631078 0.1 0.09817477 3383.0 3883.0 3704.0 6534.0 1090000216
cell 1 9 -0.99839862 -0.63813601 0.1 0.09817477 3383.0 3883.0 3704.0 6534.0 1090000217
cell 1 9 -0.99839862 -0.53996124 0.1 0.09817477 3383.0 3883.0 3704.0 6534.0 1090000218
cell 1 9 -0.99839862 -0.44178647 0.1 0.09817477 3383.0 3883.0 3704.0 6534.0 1090000219
cell 1 9 -0.99839862 -0.3436117 0.1 0.09817477 3383.0 3883.0 3704.0 6534.0 1090000220
cell 1 9 -0.99839862 -0.24543693 0.1 0.09817477 3383.0 3883.0 3704.0 6534.0 1090000221
cell 1 9 -0.99839862 -0.14726216 0.1 0.09817477 3383.0 3883.0 3704.0 6534.0 1090000222
cell 1 9 -0.99839862 -0.04908739 0.1 0.09817477 3383.0 3883.0 3704.0 6534.0 1090000223
cell 1 9 -0.99839862 0.04908739 0.1 0.09817477 3383.0 3883.0 3704.0 6534.0 1090000224
cell 1 9 -0.99839862 0.14726216 0.1 0.09817477 3383.0 3883.0 3704.0 6534.0 1090000225
cell 1 9 -0.99839862 0.24543693 0.1 0.09817477 3383.0 3883.0 3704.0 6534.0 1090000226
cell 1 9 -0.99839862 0.3436117 0.1 0.09817477 3383.0 3883.0 3704.0 6534.0 1090000227
cell 1 9 -0.99839862 0.44178647 0.1 0.09817477 3383.0 3883.0 3704.0 6534.0 1090000228
cell 1 9 -0.99839862 0.53996124 0.1 0.09817477 3383.0 3883.0 3704.0 6534.0 1090000229
cell 1 9 -0.99839862 0.63813601 0.1 0.09817477 3383.0 3883.0 3704.0 6534.0 1090000230
cell 1 9 -0.99839862 0.73631078 0.1 0.09817477 3383.0 3883.0 3704.0 6534.0 1090000231
cell 1 9 -0.99839862 0.83448555 0.1 0.09817477 3383.0 3883.0 3704.0 6534.0 1090000232
cell 1 9 -0.99839862 0.93266032 0.1 0.09817477 3383.0 3883.0 3704.0 6534.0 1090000233
cell 1 9 -0.99839862 1.03083509 0.1 0.09817477 3383.0 3883.0 3704.0 6534.0 1090000234
cell 1 9 -0.99839862 1.12900986 0.1 0.09817477 3383.0 3883.0 3704.0 6534.0 1090000235
cell 1 9 -0.99839862 1.22718463 0.1 0.09817477 3383.0 3883.0 3704.0 6534.0 1090000236
cell 1 9 -0.99839862 1.3253594 0.1 0.09817477 3383.0 3883.0 3704.0 6534.0 1090000237
cell 1 9 -0.99839862 1.42353417 0.1 0.09817477 3383.0 3883.0 3704.0 6534.0 1090000238
cell 1 9 -0.99839862 1.52170894 0.1 0.09817477 3383.0 3883.0 3704.0 6534.0 1090000239
cell 1 9 -0.99839862 1.61988371 0.1 0.09817477 3383.0 3883.0 3704.0 6534.0 1090000240
cell 1 9 -0.99839862 1.71805848 0.1 0.09817477 3383.0 3883.0 3704.0 6534.0 1090000241
cell 1 9 -0.99839862 1.81623325 0.1 0.09817477 3383.0 3883.0 3704.0 6534.0 1090000242
cell 1 9 -0.99839862 1.91440802 0.1 0.09817477 3383.0 3883.0 3704.0 6534.0 1090000243
cell 1 9 -0.99839862 2.01258279 0.1 0.09817477 3383.0 3883.0 3704.0 6534.0 1090000244
cell 1 9 -0.99839862 2.11075756 0.1 0.09817477 3383.0 3883.0 3704.0 6534.0 1090000245
cell 1 9 -0.99839862 2.20893233 0.1 0.09817477 3383.0 3883.0 3704.0 6534.0 1090000246
cell 1 9 -0.99839862 2.3071071 0.1 0.09817477 3383.0 3883.0 3704.0 6534.0 1090000247
cell 1 9 -0.99839862 2.40528188 0.1 0.09817477 3383.0 3883.0 3704.0 6534.0 1090000248
cell 1 9 -0.99839862 2.50345665 0.1 0.09817477 3383.0 3883.0 3704.0 6534.0 1090000249
cell 1 9 -0.99839862 2.60163142 0.1 0.09817477 3383.0 3883.0 3704.0 6534.0 1090000250
cell 1 9 -0.99839862 2.69980619 0.1 0.09817477 3383.0 3883.0 3704.0 6534.0 1090000251
cell 1 9 -0.99839862 2.79798096 0.1 0.09817477 3383.0 3883.0 3704.0 6534.0 1090000252
cell 1 9 -0.99839862 2.89615573 0.1 0.09817477 3383.0 3883.0 3704.0 6534.0 1090000253
cell 1 9 -0.99839862 2.9943305 0.1 0.09817477 3383.0 3883.0 3704.0 6534.0 1090000254
cell 1 9 -0.99839862 3.09250527 0.1 0.09817477 3383.0 3883.0 3704.0 6534.0 1090000255
cell 1 9 -0.89839862 -3.09250527 0.1 0.09817477 3383.0 3883.0 3704.0 6534.0 1090000256
cell 1 9 -0.89839862 -2.9943305 0.1 0.09817477 3383.0 3883.0 3704.0 6534.0 1090000257
cell 1 9 -0.89839862 -2.89615573 0.1 0.09817477 3383.0 3883.0 3704.0 6534.0 1090000258
cell 1 9 -0.89839862 -2.79798096 0.1 0.09817477 3383.0 3883.0 3704.0 6534.0 1090000259
cell 1 9 -0.89839862 -2.69980619 0.1 0.09817477 3383.0 3883.0 3704.0 6534.0 1090000260
cell 1 9 -0.89839862 -2.60163142 0.1 0.09817477 3383.0 3883.0 3704.0 6534.0 1090000261
cell 1 9 -0.89839862 -2.50345665 0.1 0.09817477 3383.0 3883.0 3704.0 6534.0 1090000262
cell 1 9 -0.89839862 -2.40528188 0.1 0.09817477 3383.0 3883.0 3704.0 6534.0 1090000263
cell 1 9 -0.89839862 -2.3071071 0.1 0.09817477 3383.0 3883.0 3704.0 6534.0 1090000264
cell 1 9 -0.89839862 -2.20893233 0.1 0.09817477 3383.0 3883.0 3704.0 6534.0 1090000265
cell 1 9 -0.89839862 -2.11075756 0.1 0.09817477 3383.0 3883.0 3704.0 6534.0 1090000266
cell 1 9 -0.89839862 -2.01258279 0.1 0.09817477 3383.0 3883.0 3704.0 6534.0 1090000267
cell 1 9 -0.89839862 -1.91440802 0.1 0.09817477 3383.0 3883.0 3704.0 6534.0 1090000268
cell 1 9 -0.89839862 -1.81623325 0.1 0.09817477 3383.0 3883.0 3704.0 6534.0 1090000269
cell 1 9 -0.89839862 -1.71805848 0.1 0.09817477 3383.0 3883.0 3704.0 6534.0 1090000270
cell 1 9 -0.89839862 -1.61988371 0.1 0.09817477 3383.0 3883.0 3704.0 6534.0 1090000271
cell 1 9 -0.89839862 -1.52170894 0.1 0.09817477 3383.0 3883.0 3704.0 6534.0 1090000272
cell 1 9 -0.89839862 -1.42353417 0.1 0.09817477 3383.0 3883.0 3704.0 6534.0 1090000273
cell 1 9 -0.89839862 -1.3253594 0.1 0.09817477 3383.0 3883.0 3704.0 6534.0 1090000274
cell 1 9 -0.89839862 -1.22718463 0.1 0.09817477 3383.0 3883.0 3704.0 6534.0 1090000275
cell 1 9 -0.89839862 -1.12900986 0.1 0.09817477 3383.0 3883.0 3704.0 6534.0 1090000276
cell 1 9 -0.89839862 -1.03083509 0.1 0.09817477 3383.0 3883.0 3704.0 6534.0 1090000277
cell 1 9 -0.89839862 -0.93266032 0.1 0.09817477 3383.0 3883.0 3704.0 6534.0 1090000278
cell 1 9 -0.89839862 -0.83448555 0.1 0.09817477 3383.0 3883.0 3704.0 6534.0 1090000279
cell 1 9 -0.89839862 -0.73631078 0.1 0.09817477 3383.0 3883.0 3704.0 6534.0 1090000280
cell 1 9 -0.89839862 -0.63813601 0.1 0.09817477 3383.0 3883.0 3704.0 6534.0 1090000281
cell 1 9 -0.89839862 -0.53996124 0.1 0.09817477 3383.0 3883.0 3704.0 6534.0 1090000282
cell 1 9 -0.89839862 -0.44178647 0.1 0.09817477 3383.0 3883.0 3704.0 6534.0 1090000283
cell 1 9 -0.89839862 -0.3436117 0.1 0.09817477 3383.0 3883.0 3704.0 6534.0 1090000284
cell 1 9 -0.89839862 -0.24543693 0.1 0.09817477 3383.0 3883.0 3704.0 6534.0 1090000285
cell 1 9 -0.89839862 -0.14726216 0.1 0.09817477 3383.0 3883.0 3704.0 6534.0 1090000286
cell 1 9 -0.89839862 -0.04908739 0.1 0.09817477 3383.0 3883.0 3704.0 6534.0 1090000287
cell 1 9 -0.89839862 0.04908739 0.1 0.09817477 3383.0 3883.0 3704.0 6534.0 1090000288
cell 1 9 -0.89839862 0.14726216 0.1 0.09817477 3383.0 3883.0 3704.0 6534.0 1090000289
cell 1 9 -0.89839862 0.24543693 0.1 0.09817477 3383.0 3883.0 3704.0 6534.0 1090000290
cell 1 9 -0.89839862 0.3436117 0.1 0.09817477 3383.0 3883.0 3704.0 6534.0 1090000291
cell 1 9 -0.89839862 0.44178647 0.1 0.09817477 3383.0 3883.0 3704.0 6534.0 1090000292
cell 1 9 -0.89839862 0.53996124 0.1 0.09817477 3383.0 3883.0 3704.0 6534.0 1090000293
cell 1 9 -0.89839862 0.63813601 0.1 0.09817477 3383.0 3883.0 3704.0 6534.0 1090000294
cell 1 9 -0.89839862 0.73631078 0.1 0.09817477 3383.0 3883.0 3704.0 6534.0 1090000295
cell 1 9 -0.89839862 0.83448555 0.1 0.09817477 3383.0 3883.0 3704.0 6534.0 1090000296
cell 1 9 -0.89839862 0.93266032 0.1 0.09817477 3383.0 3883.0 3704.0 6534.0 1090000297
cell 1 9 -0.89839862 1.03083509 0.1 0.09817477 3383.0 3883.0 3704.0 6534.0 1090000298
cell 1 9 -0.89839862 1.12900986 0.1 0.09817477 3383.0 3883.0 3704.0 6534.0 1090000299
cell 1 9 -0.89839862 1.22718463 0.1 0.09817477 3383.0 3883.0 3704.0 6534.0 1090000300
cell 1 9 -0.89839862 1.3253594 0.1 0.09817477 3383.0 3883.0 3704.0 6534.0 1090000301
cell 1 9 -0.89839862 1.42353417 0.1 0.09817477 3383.0 3883.0 3704.0 6534.0 1090000302
cell 1 9 -0.89839862 1.52170894 0.1 0.09817477 3383.0 3883.0 3704.0 6534.0 1090000303
cell 1 9 -0.89839862 1.61988371 0.1 0.09817477 3383.0 3883.0 3704.0 6534.0 1090000304
cell 1 9 -0.89839862 1.71805848 0.1 0.09817477 3383.0 3883.0 3704.0 6534.0 1090000305
cell 1 9 -0.89839862 1.81623325 0.1 0.09817477 3383.0 3883.0 3704.0 6534.0 1090000306
cell 1 9 -0.89839862 1.91440802 0.1 0.09817477 3383.0 3883.0 3704.0 6534.0 1090000307
cell 1 9 -0.89839862 2.01258279 0.1 0.09817477 3383.0 3883.0 3704.0 6534.0 1090000308
cell 1 9 -0.89839862 2.11075756 0.1 0.09817477 3383.0 3883.0 3704.0 6534.0 1090000309
cell 1 9 -0.89839862 2.20893233 0.1 0.09817477 3383.0 3883.0 3704.0 6534.0 1090000310
cell 1 9 -0.89839862 2.3071071 0.1 0.09817477 3383.0 3883.0 3704.0 6534.0 1090000311
cell 1 9 -0.89839862 2.40528188 0.1 0.09817477 3383.0 3883.0 3704.0 6534.0 1090000312
cell 1 9 -0.89839862 2.50345665 0.1 0.09817477 3383.0 3883.0 3704.0 6534.0 1090000313
cell 1 9 -0.89839862 2.60163142 0.1 0.09817477 3383.0 3883.0 3704.0 6534.0 1090000314
cell 1 9 -0.89839862 2.69980619 0.1 0.09817477 3383.0 3883.0 3704.0 6534.0 1090000315
cell 1 9 -0.89839862 2.79798096 0.1 0.09817477 3383.0 3883.0 3704.0 6534.0 1090000316
cell 1 9 -0.89839862 2.89615573 0.1 0.09817477 3383.0 3883.0 3704.0 6534.0 1090000317
cell 1 9 -0.89839862 2.9943305 0.1 0.09817477 3383.0 3883.0 3704.0 6534.0 1090000318
cell 1 9 -0.89839862 3.09250527 0.1 0.09817477 3383.0 3883.0 3704.0 6534.0 1090000319
cell 1 9 0.89839862 -3.09250527 0.1 0.09817477 3383.0 3883.0 3704.0 6534.0 1090000384
cell 1 9 0.89839862 -2.9943305 0.1 0.09817477 3383.0 3883.0 3704.0 6534.0 1090000385
cell 1 9 0.89839862 -2.89615573 0.1 0.09817477 3383.0 3883.0 3704.0 6534.0 1090000386
cell 1 9 0.89839862 -2.79798096 0.1 0.09817477 3383.0 3883.0 3704.0 6534.0 1090000387
cell 1 9 0.89839862 -2.69980619 0.1 0.09817477 3383.0 3883.0 3704.0 6534.0 1090000388
cell 1 9 0.89839862 -2.60163142 0.1 0.09817477 3383.0 3883.0 3704.0 6534.0 1090000389
cell 1 9 0.89839862 -2.50345665 0.1 0.09817477 3383.0 3883.0 3704.0 6534.0 1090000390
cell 1 9 0.89839862 -2.40528188 0.1 0.09817477 3383.0 3883.0 3704.0 6534.0 1090000391
cell 1 9 0.89839862 -2.3071071 0.1 0.09817477 3383.0 3883.0 3704.0 6534.0 1090000392
cell 1 9 0.89839862 -2.20893233 0.1 0.09817477 3383.0 3883.0 3704.0 6534.0 1090000393
cell 1 9 0.89839862 -2.11075756 0.1 0.09817477 3383.0 3883.0 3704.0 6534.0 1090000394
cell 1 9 0.89839862 -2.01258279 0.1 0.09817477 3383.0 3883.0 3704.0 6534.0 1090000395
cell 1 9 0.89839862 -1.91440802 0.1 0.09817477 3383.0 3883.0 3704.0 6534.0 1090000396
cell 1 9 0.89839862 -1.81623325 0.1 0.09817477 3383.0 3883.0 3704.0 6534.0 1090000397
cell 1 9 0.89839862 -1.71805848 0.1 0.09817477 3383.0 3883.0 3704.0 6534.0 1090000398
cell 1 9 0.89839862 -1.61988371 0.1 0.09817477 3383.0 3883.0 3704.0 6534.0 1090000399
cell 1 9 0.89839862 -1.52170894 0.1 0.09817477 3383.0 3883.0 3704.0 6534.0 1090000400
cell 1 9 0.89839862 -1.42353417 0.1 0.09817477 3383.0 3883.0 3704.0 6534.0 1090000401
cell 1 9 0.89839862 -1.3253594 0.1 0.09817477 3383.0 3883.0 3704.0 6534.0 1090000402
cell 1 9 0.89839862 -1.22718463 0.1 0.09817477 3383.0 3883.0 3704.0 6534.0 1090000403
cell 1 9 0.89839862 -1.12900986 0.1 0.09817477 3383.0 3883.0 3704.0 6534.0 1090000404
cell 1 9 0.89839862 -1.03083509 0.1 0.09817477 3383.0 3883.0 3704.0 6534.0 1090000405
cell 1 9 0.89839862 -0.93266032 0.1 0.09817477 3383.0 3883.0 3704.0 6534.0 1090000406
cell 1 9 0.89839862 -0.83448555 0.1 0.09817477 3383.0 3883.0 3704.0 6534.0 1090000407
cell 1 9 0.89839862 -0.73631078 0.1 0.09817477 3383.0 3883.0 3704.0 6534.0 1090000408
cell 1 9 0.89839862 -0.63813601 0.1 0.09817477 3383.0 3883.0 3704.0 6534.0 1090000409
cell 1 9 0.89839862 -0.53996124 0.1 0.09817477 3383.0 3883.0 3704.0 6534.0 1090000410
cell 1 9 0.89839862 -0.44178647 0.1 0.09817477 3383.0 3883.0 3704.0 6534.0 1090000411
cell 1 9 0.89839862 -0.3436117 0.1 0.09817477 3383.0 3883.0 3704.0 6534.0 1090000412
cell 1 9 0.89839862 -0.24543693 0.1 0.09817477 3383.0 3883.0 3704.0 6534.0 1090000413
cell 1 9 0.89839862 -0.14726216 0.1 0.09817477 3383.0 3883.0 3704.0 6534.0 1090000414
cell 1 9 0.89839862 -0.04908739 0.1 0.09817477 3383.0 3883.0 3704.0 6534.0 1090000415
cell 1 9 0.89839862 0.04908739 0.1 0.09817477 3383.0 3883.0 3704.0 6534.0 1090000416
cell 1 9 0.89839862 0.14726216 0.1 0.09817477 3383.0 3883.0 3704.0 6534.0 1090000417
cell 1 9 0.89839862 0.24543693 0.1 0.09817477 3383.0 3883.0 3704.0 6534.0 1090000418
cell 1 9 0.89839862 0.3436117 0.1 0.09817477 3383.0 3883.0 3704.0 6534.0 1090000419
cell 1 9 0.89839862 0.44178647 0.1 0.09817477 3383.0 3883.0 3704.0 6534.0 1090000420
cell 1 9 0.89839862 0.53996124 0.1 0.09817477 3383.0 3883.0 3704.0 6534.0 1090000421
cell 1 9 0.89839862 0.63813601 0.1 0.09817477 3383.0 3883.0 3704.0 6534.0 1090000422
cell 1 9 0.89839862 0.73631078 0.1 0.09817477 3383.0 3883.0 3704.0 6534.0 1090000423
cell 1 9 0.89839862 0.83448555 0.1 0.09817477 3383.0 3883.0 3704.0 6534.0 1090000424
cell 1 9 0.89839862 0.93266032 0.1 0.09817477 3383.0 3883.0 3704.0 6534.0 1090000425
cell 1 9 0.89839862 1.03083509 0.1 0.09817477 3383.0 3883.0 3704.0 6534.0 1090000426
cell 1 9 0.89839862 1.12900986 0.1 0.09817477 3383.0 3883.0 3704.0 6534.0 1090000427
cell 1 9 0.89839862 1.22718463 0.1 0.09817477 3383.0 3883.0 3704.0 6534.0 1090000428
cell 1 9 0.89839862 1.3253594 0.1 0.09817477 3383.0 3883.0 3704.0 6534.0 1090000429
cell 1 9 0.89839862 1.42353417 0.1 0.09817477 3383.0 3883.0 3704.0 6534.0 1090000430
cell 1 9 0.89839862 1.52170894 0.1 0.09817477 3383.0 3883.0 3704.0 6534.0 1090000431
cell 1 9 0.89839862 1.61988371 0.1 0.09817477 3383.0 3883.0 3704.0 6534.0 1090000432
cell 1 9 0.89839862 1.71805848 0.1 0.09817477 3383.0 3883.0 3704.0 6534.0 1090000433
cell 1 9 0.89839862 1.81623325 0.1 0.09817477 3383.0 3883.0 3704.0 6534.0 1090000434
cell 1 9 0.89839862 1.91440802 0.1 0.09817477 3383.0 3883.0 3704.0 6534.0 1090000435
cell 1 9 0.89839862 2.01258279 0.1 0.09817477 3383.0 3883.0 3704.0 6534.0 1090000436
cell 1 9 0.89839862 2.11075756 0.1 0.09817477 3383.0 3883.0 3704.0 6534.0 1090000437
cell 1 9 0.89839862 2.20893233 0.1 0.09817477 3383.0 3883.0 3704.0 6534.0 1090000438
cell 1 9 0.89839862 2.3071071 0.1 0.09817477 3383.0 3883.0 3704.0 6534.0 1090000439
cell 1 9 0.89839862 2.40528188 0.1 0.09817477 3383.0 3883.0 3704.0 6534.0 1090000440
cell 1 9 0.89839862 2.50345665 0.1 0.09817477 3383.0 3883.0 3704.0 6534.0 1090000441
cell 1 9 0.89839862 2.60163142 0.1 0.09817477 3383.0 3883.0 3704.0 6534.0 1090000442
cell 1 9 0.89839862 2.69980619 0.1 0.09817477 3383.0 3883.0 3704.0 6534.0 1090000443
cell 1 9 0.89839862 2.79798096 0.1 0.09817477 3383.0 3883.0 3704.0 6534.0 1090000444
cell 1 9 0.89839862 2.89615573 0.1 0.09817477 3383.0 3883.0 3704.0 6534.0 1090000445
cell 1 9 0.89839862 2.9943305 0.1 0.09817477 3383.0 3883.0 3704.0 6534.0 1090000446
cell 1 9 0.89839862 3.09250527 0.1 0.09817477 3383.0 3883.0 3704.0 6534.0 1090000447
cell 1 9 0.99839862 -3.09250527 0.1 0.09817477 3383.0 3883.0 3704.0 6534.0 1090000448
cell 1 9 0.99839862 -2.9943305 0.1 0.09817477 3383.0 3883.0 3704.0 6534.0 1090000449
cell 1 9 0.99839862 -2.89615573 0.1 0.09817477 3383.0 3883.0 3704.0 6534.0 1090000450
cell 1 9 0.99839862 -2.79798096 0.1 0.09817477 3383.0 3883.0 3704.0 6534.0 1090000451
cell 1 9 0.99839862 -2.69980619 0.1 0.09817477 3383.0 3883.0 3704.0 6534.0 1090000452
cell 1 9 0.99839862 -2.60163142 0.1 0.09817477 3383.0 3883.0 3704.0 6534.0 1090000453
cell 1 9 0.99839862 -2.50345665 0.1 0.09817477 3383.0 3883.0 3704.0 6534.0 1090000454
cell 1 9 0.99839862 -2.40528188 0.1 0.09817477 3383.0 3883.0 3704.0 6534.0 1090000455
cell 1 9 0.99839862 -2.3071071 0.1 0.09817477 3383.0 3883.0 3704.0 6534.0 1090000456
cell 1 9 0.99839862 -2.20893233 0.1 0.09817477 3383.0 3883.0 3704.0 6534.0 1090000457
cell 1 9 0.99839862 -2.11075756 0.1 0.09817477 3383.0 3883.0 3704.0 6534.0 1090000458
cell 1 9 0.99839862 -2.01258279 0.1 0.09817477 3383.0 3883.0 3704.0 6534.0 1090000459
cell 1 9 0.99839862 -1.91440802 0.1 0.09817477 3383.0 3883.0 3704.0 6534.0 1090000460
cell 1 9 0.99839862 -1.81623325 0.1 0.09817477 3383.0 3883.0 3704.0 6534.0 1090000461
cell 1 9 0.99839862 -1.71805848 0.1 0.09817477 3383.0 3883.0 3704.0 6534.0 1090000462
cell 1 9 0.99839862 -1.61988371 0.1 0.09817477 3383.0 3883.0 3704.0 6534.0 1090000463
cell 1 9 0.99839862 -1.52170894 0.1 0.09817477 3383.0 3883.0 3704.0 6534.0 1090000464
cell 1 9 0.99839862 -1.42353417 0.1 0.09817477 3383.0 3883.0 3704.0 6534.0 1090000465
cell 1 9 0.99839862 -1.3253594 0.1 0.09817477 3383.0 3883.0 3704.0 6534.0 1090000466
cell 1 9 0.99839862 -1.22718463 0.1 0.09817477 3383.0 3883.0 3704.0 6534.0 1090000467
cell 1 9 0.99839862 -1.12900986 0.1 0.09817477 3383.0 3883.0 3704.0 6534.0 1090000468
cell 1 9 0.99839862 -1.03083509 0.1 0.09817477 3383.0 3883.0 3704.0 6534.0 1090000469
cell 1 9 0.99839862 -0.93266032 0.1 0.09817477 3383.0 3883.0 3704.0 6534.0 1090000470
cell 1 9 0.99839862 -0.83448555 0.1 0.09817477 3383.0 3883.0 3704.0 6534.0 1090000471
cell 1 9 0.99839862 -0.73631078 0.1 0.09817477 3383.0 3883.0 3704.0 6534.0 1090000472
cell 1 9 0.99839862 -0.63813601 0.1 0.09817477 3383.0 3883.0 3704.0 6534.0 1090000473
cell 1 9 0.99839862 -0.53996124 0.1 0.09817477 3383.0 3883.0 3704.0 6534.0 1090000474
cell 1 9 0.99839862 -0.44178647 0.1 0.09817477 3383.0 3883.0 3704.0 6534.0 1090000475
cell 1 9 0.99839862 -0.3436117 0.1 0.09817477 3383.0 3883.0 3704.0 6534.0 1090000476
cell 1 9 0.99839862 -0.24543693 0.1 0.09817477 3383.0 3883.0 3704.0 6534.0 1090000477
cell 1 9 0.99839862 -0.14726216 0.1 0.09817477 3383.0 3883.0 3704.0 6534.0 1090000478
cell 1 9 0.99839862 -0.04908739 0.1 0.09817477 3383.0 3883.0 3704.0 6534.0 1090000479
cell 1 9 0.99839862 0.04908739 0.1 0.09817477 3383.0 3883.0 3704.0 6534.0 1090000480
cell 1 9 0.99839862 0.14726216 0.1 0.09817477 3383.0 3883.0 3704.0 6534.0 1090000481
cell 1 9 0.99839862 0.24543693 0.1 0.09817477 3383.0 3883.0 3704.0 6534.0 1090000482
cell 1 9 0.99839862 0.3436117 0.1 0.09817477 3383.0 3883.0 3704.0 6534.0 1090000483
cell 1 9 0.99839862 0.44178647 0.1 0.09817477 3383.0 3883.0 3704.0 6534.0 1090000484
cell 1 9 0.99839862 0.53996124 0.1 0.09817477 3383.0 3883.0 3704.0 6534.0 1090000485
cell 1 9 0.99839862 0.63813601 0.1 0.09817477 3383.0 3883.0 3704.0 6534.0 1090000486
cell 1 9 0.99839862 0.73631078 0.1 0.09817477 3383.0 3883.0 3704.0 6534.0 1090000487
cell 1 9 0.99839862 0.83448555 0.1 0.09817477 3383.0 3883.0 3704.0 6534.0 1090000488
cell 1 9 0.99839862 0.93266032 0.1 0.09817477 3383.0 3883.0 3704.0 6534.0 1090000489
cell 1 9 0.99839862 1.03083509 0.1 0.09817477 3383.0 3883.0 3704.0 6534.0 1090000490
cell 1 9 0.99839862 1.12900986 0.1 0.09817477 3383.0 3883.0 3704.0 6534.0 1090000491
cell 1 9 0.99839862 1.22718463 0.1 0.09817477 3383.0 3883.0 3704.0 6534.0 1090000492
cell 1 9 0.99839862 1.3253594 0.1 0.09817477 3383.0 3883.0 3704.0 6534.0 1090000493
cell 1 9 0.99839862 1.42353417 0.1 0.09817477 3383.0 3883.0 3704.0 6534.0 1090000494
cell 1 9 0.99839862 1.52170894 0.1 0.09817477 3383.0 3883.0 3704.0 6534.0 1090000495
cell 1 9 0.99839862 1.61988371 0.1 0.09817477 3383.0 3883.0 3704.0 6534.0 1090000496
cell 1 9 0.99839862 1.71805848 0.1 0.09817477 3383.0 3883.0 3704.0 6534.0 1090000497
cell 1 9 0.99839862 1.81623325 0.1 0.09817477 3383.0 3883.0 3704.0 6534.0 1090000498
cell 1 9 0.99839862 1.91440802 0.1 0.09817477 3383.0 3883.0 3704.0 6534.0 1090000499
cell 1 9 0.99839862 2.01258279 0.1 0.09817477 3383.0 3883.0 3704.0 6534.0 1090000500
cell 1 9 0.99839862 2.11075756 0.1 0.09817477 3383.0 3883.0 3704.0 6534.0 1090000501
cell 1 9 0.99839862 2.20893233 0.1 0.09817477 3383.0 3883.0 3704.0 6534.0 1090000502
cell 1 9 0.99839862 2.3071071 0.1 0.09817477 3383.0 3883.0 3704.0 6534.0 1090000503
cell 1 9 0.99839862 2.40528188 0.1 0.09817477 3383.0 3883.0 3704.0 6534.0 1090000504
cell 1 9 0.99839862 2.50345665 0.1 0.09817477 3383.0 3883.0 3704.0 6534.0 1090000505
cell 1 9 0.99839862 2.60163142 0.1 0.09817477 3383.0 3883.0 3704.0 6534.0 1090000506
cell 1 9 0.99839862 2.69980619 0.1 0.09817477 3383.0 3883.0 3704.0 6534.0 1090000507
cell 1 9 0.99839862 2.79798096 0.1 0.09817477 3383.0 3883.0 3704.0 6534.0 1090000508
cell 1 9 0.99839862 2.89615573 0.1 0.09817477 3383.0 3883.0 3704.0 6534.0 1090000509
cell 1 9 0.99839862 2.9943305 0.1 0.09817477 3383.0 3883.0 3704.0 6534.0 1090000510
cell 1 9 0.99839862 3.09250527 0.1 0.09817477 3383.0 3883.0 3704.0 6534.0 1090000511
cell 1 9 1.09839862 -3.09250527 0.1 0.09817477 3383.0 3883.0 3704.0 6534.0 1090000512
cell 1 9 1.09839862 -2.9943305 0.1 0.09817477 3383.0 3883.0 3704.0 6534.0 1090000513
cell 1 9 1.09839862 -2.89615573 0.1 0.09817477 3383.0 3883.0 3704.0 6534.0 1090000514
cell 1 9 1.09839862 -2.79798096 0.1 0.09817477 3383.0 3883.0 3704.0 6534.0 1090000515
cell 1 9 1.09839862 -2.69980619 0.1 0.09817477 3383.0 3883.0 3704.0 6534.0 1090000516
cell 1 9 1.09839862 -2.60163142 0.1 0.09817477 3383.0 3883.0 3704.0 6534.0 1090000517
cell 1 9 1.09839862 -2.50345665 0.1 0.09817477 3383.0 3883.0 3704.0 6534.0 1090000518
cell 1 9 1.09839862 -2.40528188 0.1 0.09817477 3383.0 3883.0 3704.0 6534.0 1090000519
cell 1 9 1.09839862 -2.3071071 0.1 0.09817477 3383.0 3883.0 3704.0 6534.0 1090000520
cell 1 9 1.09839862 -2.20893233 0.1 0.09817477 3383.0 3883.0 3704.0 6534.0 1090000521
cell 1 9 1.09839862 -2.11075756 0.1 0.09817477 3383.0 3883.0 3704.0 6534.0 1090000522
cell 1 9 1.09839862 -2.01258279 0.1 0.09817477 3383.0 3883.0 3704.0 6534.0 1090000523
cell 1 9 1.09839862 -1.91440802 0.1 0.09817477 3383.0 3883.0 3704.0 6534.0 1090000524
cell 1 9 1.09839862 -1.81623325 0.1 0.09817477 3383.0 3883.0 3704.0 6534.0 1090000525
cell 1 9 1.09839862 -1.71805848 0.1 0.09817477 3383.0 3883.0 3704.0 6534.0 1090000526
cell 1 9 1.09839862 -1.61988371 0.1 0.09817477 3383.0 3883.0 3704.0 6534.0 1090000527
cell 1 9 1.09839862 -1.52170894 0.1 0.09817477 3383.0 3883.0 3704.0 6534.0 1090000528
cell 1 9 1.09839862 -1.42353417 0.1 0.09817477 3383.0 3883.0 3704.0 6534.0 1090000529
cell 1 9 1.09839862 -1.3253594 0.1 0.09817477 3383.0 3883.0 3704.0 6534.0 1090000530
cell 1 9 1.09839862 -1.22718463 0.1 0.09817477 3383.0 3883.0 3704.0 6534.0 1090000531
cell 1 9 1.09839862 -1.12900986 0.1 0.09817477 3383.0 3883.0 3704.0 6534.0 1090000532
cell 1 9 1.09839862 -1.03083509 0.1 0.09817477 3383.0 3883.0 3704.0 6534.0 1090000533
cell 1 9 1.09839862 -0.93266032 0.1 0.09817477 3383.0 3883.0 3704.0 6534.0 1090000534
cell 1 9 1.09839862 -0.83448555 0.1 0.09817477 3383.0 3883.0 3704.0 6534.0 1090000535
cell 1 9 1.09839862 -0.73631078 0.1 0.09817477 3383.0 3883.0 3704.0 6534.0 1090000536
cell 1 9 1.09839862 -0.63813601 0.1 0.09817477 3383.0 3883.0 3704.0 6534.0 1090000537
cell 1 9 1.09839862 -0.53996124 0.1 0.09817477 3383.0 3883.0 3704.0 6534.0 1090000538
cell 1 9 1.09839862 -0.44178647 0.1 0.09817477 3383.0 3883.0 3704.0 6534.0 1090000539
cell 1 9 1.09839862 -0.3436117 0.1 0.09817477 3383.0 3883.0 3704.0 6534.0 1090000540
cell 1 9 1.09839862 -0.24543693 0.1 0.09817477 3383.0 3883.0 3704.0 6534.0 1090000541
cell 1 9 1.09839862 -0.14726216 0.1 0.09817477 3383.0 3883.0 3704.0 6534.0 1090000542
cell 1 9 1.09839862 -0.04908739 0.1 0.09817477 3383.0 3883.0 3704.0 6534.0 1090000543
cell 1 9 1.09839862 0.04908739 0.1 0.09817477 3383.0 3883.0 3704.0 6534.0 1090000544
cell 1 9 1.09839862 0.14726216 0.1 0.09817477 3383.0 3883.0 3704.0 6534.0 1090000545
cell 1 9 1.09839862 0.24543693 0.1 0.09817477 3383.0 3883.0 3704.0 6534.0 1090000546
cell 1 9 1.09839862 0.3436117 0.1 0.09817477 3383.0 3883.0 3704.0 6534.0 1090000547
cell 1 9 1.09839862 0.44178647 0.1 0.09817477 3383.0 3883.0 3704.0 6534.0 1090000548
cell 1 9 1.09839862 0.53996124 0.1 0.09817477 3383.0 3883.0 3704.0 6534.0 1090000549
cell 1 9 1.09839862 0.63813601 0.1 0.09817477 3383.0 3883.0 3704.0 6534.0 1090000550
cell 1 9 1.09839862 0.73631078 0.1 0.09817477 3383.0 3883.0 3704.0 6534.0 1090000551
cell 1 9 1.09839862 0.83448555 0.1 0.09817477 3383.0 3883.0 3704.0 6534.0 1090000552
cell 1 9 1.09839862 0.93266032 0.1 0.09817477 3383.0 3883.0 3704.0 6534.0 1090000553
cell 1 9 1.09839862 1.03083509 0.1 0.09817477 3383.0 3883.0 3704.0 6534.0 1090000554
cell 1 9 1.09839862 1.12900986 0.1 0.09817477 3383.0 3883.0 3704.0 6534.0 1090000555
cell 1 9 1.09839862 1.22718463 0.1 0.09817477 3383.0 3883.0 3704.0 6534.0 1090000556
cell 1 9 1.09839862 1.3253594 0.1 0.09817477 3383.0 3883.0 3704.0 6534.0 1090000557
cell 1 9 1.09839862 1.42353417 0.1 0.09817477 3383.0 3883.0 3704.0 6534.0 1090000558
cell 1 9 1.09839862 1.52170894 0.1 0.09817477 3383.0 3883.0 3704.0 6534.0 1090000559
cell 1 9 1.09839862 1.61988371 0.1 0.09817477 3383.0 3883.0 3704.0 6534.0 1090000560
cell 1 9 1.09839862 1.71805848 0.1 0.09817477 3383.0 3883.0 3704.0 6534.0 1090000561
cell 1 9 1.09839862 1.81623325 0.1 0.09817477 3383.0 3883.0 3704.0 6534.0 1090000562
cell 1 9 1.09839862 1.91440802 0.1 0.09817477 3383.0 3883.0 3704.0 6534.0 1090000563
cell 1 9 1.09839862 2.01258279 0.1 0.09817477 3383.0 3883.0 3704.0 6534.0 1090000564
cell 1 9 1.09839862 2.11075756 0.1 0.09817477 3383.0 3883.0 3704.0 6534.0 1090000565
cell 1 9 1.09839862 2.20893233 0.1 0.09817477 3383.0 3883.0 3704.0 6534.0 1090000566
cell 1 9 1.09839862 2.3071071 0.1 0.09817477 3383.0 3883.0 3704.0 6534.0 1090000567
cell 1 9 1.09839862 2.40528188 0.1 0.09817477 3383.0 3883.0 3704.0 6534.0 1090000568
cell 1 9 1.09839862 2.50345665 0.1 0.09817477 3383.0 3883.0 3704.0 6534.0 1090000569
cell 1 9 1.09839862 2.60163142 0.1 0.09817477 3383.0 3883.0 3704.0 6534.0 1090000570
cell 1 9 1.09839862 2.69980619 0.1 0.09817477 3383.0 3883.0 3704.0 6534.0 1090000571
cell 1 9 1.09839862 2.79798096 0.1 0.09817477 3383.0 3883.0 3704.0 6534.0 1090000572
cell 1 9 1.09839862 2.89615573 0.1 0.09817477 3383.0 3883.0 3704.0 6534.0 1090000573
cell 1 9 1.09839862 2.9943305 0.1 0.09817477 3383.0 3883.0 3704.0 6534.0 1090000574
cell 1 9 1.09839862 3.09250527 0.1 0.09817477 3383.0 3883.0 3704.0 6534.0 1090000575
cell 1 9 1.19839862 -3.09250527 0.1 0.09817477 3383.0 3883.0 3704.0 6534.0 1090000576
cell 1 9 1.19839862 -2.9943305 0.1 0.09817477 3383.0 3883.0 3704.0 6534.0 1090000577
cell 1 9 1.19839862 -2.89615573 0.1 0.09817477 3383.0 3883.0 3704.0 6534.0 1090000578
cell 1 9 1.19839862 -2.79798096 0.1 0.09817477 3383.0 3883.0 3704.0 6534.0 1090000579
cell 1 9 1.19839862 -2.69980619 0.1 0.09817477 3383.0 3883.0 3704.0 6534.0 1090000580
cell 1 9 1.19839862 -2.60163142 0.1 0.09817477 3383.0 3883.0 3704.0 6534.0 1090000581
cell 1 9 1.19839862 -2.50345665 0.1 0.09817477 3383.0 3883.0 3704.0 6534.0 1090000582
cell 1 9 1.19839862 -2.40528188 0.1 0.09817477 3383.0 3883.0 3704.0 6534.0 1090000583
cell 1 9 1.19839862 -2.3071071 0.1 0.09817477 3383.0 3883.0 3704.0 6534.0 1090000584
cell 1 9 1.19839862 -2.20893233 0.1 0.09817477 3383.0 3883.0 3704.0 6534.0 1090000585
cell 1 9 1.19839862 -2.11075756 0.1 0.09817477 3383.0 3883.0 3704.0 6534.0 1090000586
cell 1 9 1.19839862 -2.01258279 0.1 0.09817477 3383.0 3883.0 3704.0 6534.0 1090000587
cell 1 9 1.19839862 -1.91440802 0.1 0.09817477 3383.0 3883.0 3704.0 6534.0 1090000588
cell 1 9 1.19839862 -1.81623325 0.1 0.09817477 3383.0 3883.0 3704.0 6534.0 1090000589
cell 1 9 1.19839862 -1.71805848 0.1 0.09817477 3383.0 3883.0 3704.0 6534.0 1090000590
cell 1 9 1.19839862 -1.61988371 0.1 0.09817477 3383.0 3883.0 3704.0 6534.0 1090000591
cell 1 9 1.19839862 -1.52170894 0.1 0.09817477 3383.0 3883.0 3704.0 6534.0 1090000592
cell 1 9 1.19839862 -1.42353417 0.1 0.09817477 3383.0 3883.0 3704.0 6534.0 1090000593
cell 1 9 1.19839862 -1.3253594 0.1 0.09817477 3383.0 3883.0 3704.0 6534.0 1090000594
cell 1 9 1.19839862 -1.22718463 0.1 0.09817477 3383.0 3883.0 3704.0 6534.0 1090000595
cell 1 9 1.19839862 -1.12900986 0.1 0.09817477 3383.0 3883.0 3704.0 6534.0 1090000596
cell 1 9 1.19839862 -1.03083509 0.1 0.09817477 3383.0 3883.0 3704.0 6534.0 1090000597
cell 1 9 1.19839862 -0.93266032 0.1 0.09817477 3383.0 3883.0 3704.0 6534.0 1090000598
cell 1 9 1.19839862 -0.83448555 0.1 0.09817477 3383.0 3883.0 3704.0 6534.0 1090000599
cell 1 9 1.19839862 -0.73631078 0.1 0.09817477 3383.0 3883.0 3704.0 6534.0 1090000600
cell 1 9 1.19839862 -0.63813601 0.1 0.09817477 3383.0 3883.0 3704.0 6534.0 1090000601
cell 1 9 1.19839862 -0.53996124 0.1 0.09817477 3383.0 3883.0 3704.0 6534.0 1090000602
cell 1 9 1.19839862 -0.44178647 0.1 0.09817477 3383.0 3883.0 3704.0 6534.0 1090000603
cell 1 9 1.19839862 -0.3436117 0.1 0.09817477 3383.0 3883.0 3704.0 6534.0 1090000604
cell 1 9 1.19839862 -0.24543693 0.1 0.09817477 3383.0 3883.0 3704.0 6534.0 1090000605
cell 1 9 1.19839862 -0.14726216 0.1 0.09817477 3383.0 3883.0 3704.0 6534.0 1090000606
cell 1 9 1.19839862 -0.04908739 0.1 0.09817477 3383.0 3883.0 3704.0 6534.0 1090000607
cell 1 9 1.19839862 0.04908739 0.1 0.09817477 3383.0 3883.0 3704.0 6534.0 1090000608
cell 1 9 1.19839862 0.14726216 0.1 0.09817477 3383.0 3883.0 3704.0 6534.0 1090000609
cell 1 9 1.19839862 0.24543693 0.1 0.09817477 3383.0 3883.0 3704.0 6534.0 1090000610
cell 1 9 1.19839862 0.3436117 0.1 0.09817477 3383.0 3883.0 3704.0 6534.0 1090000611
cell 1 9 1.19839862 0.44178647 0.1 0.09817477 3383.0 3883.0 3704.0 6534.0 1090000612
cell 1 9 1.19839862 0.53996124 0.1 0.09817477 3383.0 3883.0 3704.0 6534.0 1090000613
cell 1 9 1.19839862 0.63813601 0.1 0.09817477 3383.0 3883.0 3704.0 6534.0 1090000614
cell 1 9 1.19839862 0.73631078 0.1 0.09817477 3383.0 3883.0 3704.0 6534.0 1090000615
cell 1 9 1.19839862 0.83448555 0.1 0.09817477 3383.0 3883.0 3704.0 6534.0 1090000616
cell 1 9 1.19839862 0.93266032 0.1 0.09817477 3383.0 3883.0 3704.0 6534.0 1090000617
cell 1 9 1.19839862 1.03083509 0.1 0.09817477 3383.0 3883.0 3704.0 6534.0 1090000618
cell 1 9 1.19839862 1.12900986 0.1 0.09817477 3383.0 3883.0 3704.0 6534.0 1090000619
cell 1 9 1.19839862 1.22718463 0.1 0.09817477 3383.0 3883.0 3704.0 6534.0 1090000620
cell 1 9 1.19839862 1.3253594 0.1 0.09817477 3383.0 3883.0 3704.0 6534.0 1090000621
cell 1 9 1.19839862 1.42353417 0.1 0.09817477 3383.0 3883.0 3704.0 6534.0 1090000622
cell 1 9 1.19839862 1.52170894 0.1 0.09817477 3383.0 3883.0 3704.0 6534.0 1090000623
cell 1 9 1.19839862 1.61988371 0.1 0.09817477 3383.0 3883.0 3704.0 6534.0 1090000624
cell 1 9 1.19839862 1.71805848 0.1 0.09817477 3383.0 3883.0 3704.0 6534.0 1090000625
cell 1 9 1.19839862 1.81623325 0.1 0.09817477 3383.0 3883.0 3704.0 6534.0 1090000626
cell 1 9 1.19839862 1.91440802 0.1 0.09817477 3383.0 3883.0 3704.0 6534.0 1090000627
cell 1 9 1.19839862 2.01258279 0.1 0.09817477 3383.0 3883.0 3704.0 6534.0 1090000628
cell 1 9 1.19839862 2.11075756 0.1 0.09817477 3383.0 3883.0 3704.0 6534.0 1090000629
cell 1 9 1.19839862 2.20893233 0.1 0.09817477 3383.0 3883.0 3704.0 6534.0 1090000630
cell 1 9 1.19839862 2.3071071 0.1 0.09817477 3383.0 3883.0 3704.0 6534.0 1090000631
cell 1 9 1.19839862 2.40528188 0.1 0.09817477 3383.0 3883.0 3704.0 6534.0 1090000632
cell 1 9 1.19839862 2.50345665 0.1 0.09817477 3383.0 3883.0 3704.0 6534.0 1090000633
cell 1 9 1.19839862 2.60163142 0.1 0.09817477 3383.0 3883.0 3704.0 6534.0 1090000634
cell 1 9 1.19839862 2.69980619 0.1 0.09817477 3383.0 3883.0 3704.0 6534.0 1090000635
cell 1 9 1.19839862 2.79798096 0.1 0.09817477 3383.0 3883.0 3704.0 6534.0 1090000636
cell 1 9 1.19839862 2.89615573 0.1 0.09817477 3383.0 3883.0 3704.0 6534.0 1090000637
cell 1 9 1.19839862 2.9943305 0.1 0.09817477 3383.0 3883.0 3704.0 6534.0 1090000638
cell 1 9 1.19839862 3.09250527 0.1 0.09817477 3383.0 3883.0 3704.0 6534.0 1090000639
cell 1 9 1.29839862 -3.09250527 0.1 0.09817477 3383.0 3883.0 3704.0 6534.0 1090000640
cell 1 9 1.29839862 -2.9943305 0.1 0.09817477 3383.0 3883.0 3704.0 6534.0 1090000641
cell 1 9 1.29839862 -2.89615573 0.1 0.09817477 3383.0 3883.0 3704.0 6534.0 1090000642
cell 1 9 1.29839862 -2.79798096 0.1 0.09817477 3383.0 3883.0 3704.0 6534.0 1090000643
cell 1 9 1.29839862 -2.69980619 0.1 0.09817477 3383.0 3883.0 3704.0 6534.0 1090000644
cell 1 9 1.29839862 -2.60163142 0.1 0.09817477 3383.0 3883.0 3704.0 6534.0 1090000645
cell 1 9 1.29839862 -2.50345665 0.1 0.09817477 3383.0 3883.0 3704.0 6534.0 1090000646
cell 1 9 1.29839862 -2.40528188 0.1 0.09817477 3383.0 3883.0 3704.0 6534.0 1090000647
cell 1 9 1.29839862 -2.3071071 0.1 0.09817477 3383.0 3883.0 3704.0 6534.0 1090000648
cell 1 9 1.29839862 -2.20893233 0.1 0.09817477 3383.0 3883.0 3704.0 6534.0 1090000649
cell 1 9 1.29839862 -2.11075756 0.1 0.09817477 3383.0 3883.0 3704.0 6534.0 1090000650
cell 1 9 1.29839862 -2.01258279 0.1 0.09817477 3383.0 3883.0 3704.0 6534.0 1090000651
cell 1 9 1.29839862 -1.91440802 0.1 0.09817477 3383.0 3883.0 3704.0 6534.0 1090000652
cell 1 9 1.29839862 -1.81623325 0.1 0.09817477 3383.0 3883.0 3704.0 6534.0 1090000653
cell 1 9 1.29839862 -1.71805848 0.1 0.09817477 3383.0 3883.0 3704.0 6534.0 1090000654
cell 1 9 1.29839862 -1.61988371 0.1 0.09817477 3383.0 3883.0 3704.0 6534.0 1090000655
cell 1 9 1.29839862 -1.52170894 0.1 0.09817477 3383.0 3883.0 3704.0 6534.0 1090000656
cell 1 9 1.29839862 -1.42353417 0.1 0.09817477 3383.0 3883.0 3704.0 6534.0 1090000657
cell 1 9 1.29839862 -1.3253594 0.1 0.09817477 3383.0 3883.0 3704.0 6534.0 1090000658
cell 1 9 1.29839862 -1.22718463 0.1 0.09817477 3383.0 3883.0 3704.0 6534.0 1090000659
cell 1 9 1.29839862 -1.12900986 0.1 0.09817477 3383.0 3883.0 3704.0 6534.0 1090000660
cell 1 9 1.29839862 -1.03083509 0.1 0.09817477 3383.0 3883.0 3704.0 6534.0 1090000661
cell 1 9 1.29839862 -0.93266032 0.1 0.09817477 3383.0 3883.0 3704.0 6534.0 1090000662
cell 1 9 1.29839862 -0.83448555 0.1 0.09817477 3383.0 3883.0 3704.0 6534.0 1090000663
cell 1 9 1.29839862 -0.73631078 0.1 0.09817477 3383.0 3883.0 3704.0 6534.0 1090000664
cell 1 9 1.29839862 -0.63813601 0.1 0.09817477 3383.0 3883.0 3704.0 6534.0 1090000665
cell 1 9 1.29839862 -0.53996124 0.1 0.09817477 3383.0 3883.0 3704.0 6534.0 1090000666
cell 1 9 1.29839862 -0.44178647 0.1 0.09817477 3383.0 3883.0 3704.0 6534.0 1090000667
cell 1 9 1.29839862 -0.3436117 0.1 0.09817477 3383.0 3883.0 3704.0 6534.0 1090000668
cell 1 9 1.29839862 -0.24543693 0.1 0.09817477 3383.0 3883.0 3704.0 6534.0 1090000669
cell 1 9 1.29839862 -0.14726216 0.1 0.09817477 3383.0 3883.0 3704.0 6534.0 1090000670
cell 1 9 1.29839862 -0.04908739 0.1 0.09817477 3383.0 3883.0 3704.0 6534.0 1090000671
cell 1 9 1.29839862 0.04908739 0.1 0.09817477 3383.0 3883.0 3704.0 6534.0 1090000672
cell 1 9 1.29839862 0.14726216 0.1 0.09817477 3383.0 3883.0 3704.0 6534.0 1090000673
cell 1 9 1.29839862 0.24543693 0.1 0.09817477 3383.0 3883.0 3704.0 6534.0 1090000674
cell 1 9 1.29839862 0.3436117 0.1 0.09817477 3383.0 3883.0 3704.0 6534.0 1090000675
cell 1 9 1.29839862 0.44178647 0.1 0.09817477 3383.0 3883.0 3704.0 6534.0 1090000676
cell 1 9 1.29839862 0.53996124 0.1 0.09817477 3383.0 3883.0 3704.0 6534.0 1090000677
cell 1 9 1.29839862 0.63813601 0.1 0.09817477 3383.0 3883.0 3704.0 6534.0 1090000678
cell 1 9 1.29839862 0.73631078 0.1 0.09817477 3383.0 3883.0 3704.0 6534.0 1090000679
cell 1 9 1.29839862 0.83448555 0.1 0.09817477 3383.0 3883.0 3704.0 6534.0 1090000680
cell 1 9 1.29839862 0.93266032 0.1 0.09817477 3383.0 3883.0 3704.0 6534.0 1090000681
cell 1 9 1.29839862 1.03083509 0.1 0.09817477 3383.0 3883.0 3704.0 6534.0 1090000682
cell 1 9 1.29839862 1.12900986 0.1 0.09817477 3383.0 3883.0 3704.0 6534.0 1090000683
cell 1 9 1.29839862 1.22718463 0.1 0.09817477 3383.0 3883.0 3704.0 6534.0 1090000684
cell 1 9 1.29839862 1.3253594 0.1 0.09817477 3383.0 3883.0 3704.0 6534.0 1090000685
cell 1 9 1.29839862 1.42353417 0.1 0.09817477 3383.0 3883.0 3704.0 6534.0 1090000686
cell 1 9 1.29839862 1.52170894 0.1 0.09817477 3383.0 3883.0 3704.0 6534.0 1090000687
cell 1 9 1.29839862 1.61988371 0.1 0.09817477 3383.0 3883.0 3704.0 6534.0 1090000688
cell 1 9 1.29839862 1.71805848 0.1 0.09817477 3383.0 3883.0 3704.0 6534.0 1090000689
cell 1 9 1.29839862 1.81623325 0.1 0.09817477 3383.0 3883.0 3704.0 6534.0 1090000690
cell 1 9 1.29839862 1.91440802 0.1 0.09817477 3383.0 3883.0 3704.0 6534.0 1090000691
cell 1 9 1.29839862 2.01258279 0.1 0.09817477 3383.0 3883.0 3704.0 6534.0 1090000692
cell 1 9 1.29839862 2.11075756 0.1 0.09817477 3383.0 3883.0 3704.0 6534.0 1090000693
cell 1 9 1.29839862 2.20893233 0.1 0.09817477 3383.0 3883.0 3704.0 6534.0 1090000694
cell 1 9 1.29839862 2.3071071 0.1 0.09817477 3383.0 3883.0 3704.0 6534.0 1090000695
cell 1 9 1.29839862 2.40528188 0.1 0.09817477 3383.0 3883.0 3704.0 6534.0 1090000696
cell 1 9 1.29839862 2.50345665 0.1 0.09817477 3383.0 3883.0 3704.0 6534.0 1090000697
cell 1 9 1.29839862 2.60163142 0.1 0.09817477 3383.0 3883.0 3704.0 6534.0 1090000698
cell 1 9 1.29839862 2.69980619 0.1 0.09817477 3383.0 3883.0 3704.0 6534.0 1090000699
cell 1 9 1.29839862 2.79798096 0.1 0.09817477 3383.0 3883.0 3704.0 6534.0 1090000700
cell 1 9 1.29839862 2.89615573 0.1 0.09817477 3383.0 3883.0 3704.0 6534.0 1090000701
cell 1 9 1.29839862 2.9943305 0.1 0.09817477 3383.0 3883.0 3704.0 6534.0 1090000702
cell 1 9 1.29839862 3.09250527 0.1 0.09817477 3383.0 3883.0 3704.0 6534.0 1090000703
