# layer_id eta phi delta_eta delta_phi rmin rmax
L 4 -0.8 0.8 16 -3.14159265 3.14159265 64 2283.0 2683.0
C 4 -0.75 -3.09250527 0.05 0.04908739 2283.0 2683.0 40000000
C 4 -0.75 -2.9943305 0.05 0.04908739 2283.0 2683.0 40000001
C 4 -0.75 -2.89615573 0.05 0.04908739 2283.0 2683.0 40000002
C 4 -0.75 -2.79798096 0.05 0.04908739 2283.0 2683.0 40000003
C 4 -0.75 -2.69980619 0.05 0.04908739 2283.0 2683.0 40000004
C 4 -0.75 -2.60163142 0.05 0.04908739 2283.0 2683.0 40000005
C 4 -0.75 -2.50345665 0.05 0.04908739 2283.0 2683.0 40000006
C 4 -0.75 -2.40528188 0.05 0.04908739 2283.0 2683.0 40000007
C 4 -0.75 -2.3071071 0.05 0.04908739 2283.0 2683.0 40000008
C 4 -0.75 -2.20893233 0.05 0.04908739 2283.0 2683.0 40000009
C 4 -0.75 -2.11075756 0.05 0.04908739 2283.0 2683.0 40000010
C 4 -0.75 -2.01258279 0.05 0.04908739 2283.0 2683.0 40000011
C 4 -0.75 -1.91440802 0.05 0.04908739 2283.0 2683.0 40000012
C 4 -0.75 -1.81623325 0.05 0.04908739 2283.0 2683.0 40000013
C 4 -0.75 -1.71805848 0.05 0.04908739 2283.0 2683.0 40000014
C 4 -0.75 -1.61988371 0.05 0.04908739 2283.0 2683.0 40000015
C 4 -0.75 -1.52170894 0.05 0.04908739 2283.0 2683.0 40000016
C 4 -0.75 -1.42353417 0.05 0.04908739 2283.0 2683.0 40000017
C 4 -0.75 -1.3253594 0.05 0.04908739 2283.0 2683.0 40000018
C 4 -0.75 -1.22718463 0.05 0.04908739 2283.0 2683.0 40000019
C 4 -0.75 -1.12900986 0.05 0.04908739 2283.0 2683.0 40000020
C 4 -0.75 -1.03083509 0.05 0.04908739 2283.0 2683.0 40000021
C 4 -0.75 -0.93266032 0.05 0.04908739 2283.0 2683.0 40000022
C 4 -0.75 -0.83448555 0.05 0.04908739 2283.0 2683.0 40000023
C 4 -0.75 -0.73631078 0.05 0.04908739 2283.0 2683.0 40000024
C 4 -0.75 -0.63813601 0.05 0.04908739 2283.0 2683.0 40000025
C 4 -0.75 -0.53996124 0.05 0.04908739 2283.0 2683.0 40000026
C 4 -0.75 -0.44178647 0.05 0.04908739 2283.0 2683.0 40000027
C 4 -0.75 -0.3436117 0.05 0.04908739 2283.0 2683.0 40000028
C 4 -0.75 -0.24543693 0.05 0.04908739 2283.0 2683.0 40000029
C 4 -0.75 -0.14726216 0.05 0.04908739 2283.0 2683.0 40000030
C 4 -0.75 -0.04908739 0.05 0.04908739 2283.0 2683.0 40000031
C 4 -0.75 0.04908739 0.05 0.04908739 2283.0 2683.0 40000032
C 4 -0.75 0.14726216 0.05 0.04908739 2283.0 2683.0 40000033
C 4 -0.75 0.24543693 0.05 0.04908739 2283.0 2683.0 40000034
C 4 -0.75 0.3436117 0.05 0.04908739 2283.0 2683.0 40000035
C 4 -0.75 0.44178647 0.05 0.04908739 2283.0 2683.0 40000036
C 4 -0.75 0.53996124 0.05 0.04908739 2283.0 2683.0 40000037
C 4 -0.75 0.63813601 0.05 0.04908739 2283.0 2683.0 40000038
C 4 -0.75 0.73631078 0.05 0.04908739 2283.0 2683.0 40000039
C 4 -0.75 0.83448555 0.05 0.04908739 2283.0 2683.0 40000040
C 4 -0.75 0.93266032 0.05 0.04908739 2283.0 2683.0 40000041
C 4 -0.75 1.03083509 0.05 0.04908739 2283.0 2683.0 40000042
C 4 -0.75 1.12900986 0.05 0.04908739 2283.0 2683.0 40000043
C 4 -0.75 1.22718463 0.05 0.04908739 2283.0 2683.0 40000044
C 4 -0.75 1.3253594 0.05 0.04908739 2283.0 2683.0 40000045
C 4 -0.75 1.42353417 0.05 0.04908739 2283.0 2683.0 40000046
C 4 -0.75 1.52170894 0.05 0.04908739 2283.0 2683.0 40000047
C 4 -0.75 1.61988371 0.05 0.04908739 2283.0 2683.0 40000048
C 4 -0.75 1.71805848 0.05 0.04908739 2283.0 2683.0 40000049
C 4 -0.75 1.81623325 0.05 0.04908739 2283.0 2683.0 40000050
C 4 -0.75 1.91440802 0.05 0.04908739 2283.0 2683.0 40000051
C 4 -0.75 2.01258279 0.05 0.04908739 2283.0 2683.0 40000052
C 4 -0.75 2.11075756 0.05 0.04908739 2283.0 2683.0 40000053
C 4 -0.75 2.20893233 0.05 0.04908739 2283.0 2683.0 40000054
C 4 -0.75 2.3071071 0.05 0.04908739 2283.0 2683.0 40000055
C 4 -0.75 2.40528188 0.05 0.04908739 2283.0 2683.0 40000056
C 4 -0.75 2.50345665 0.05 0.04908739 2283.0 2683.0 40000057
C 4 -0.75 2.60163142 0.05 0.04908739 2283.0 2683.0 40000058
C 4 -0.75 2.69980619 0.05 0.04908739 2283.0 2683.0 40000059
C 4 -0.75 2.79798096 0.05 0.04908739 2283.0 2683.0 40000060
C 4 -0.75 2.89615573 0.05 0.04908739 2283.0 2683.0 40000061
C 4 -0.75 2.9943305 0.05 0.04908739 2283.0 2683.0 40000062
C 4 -0.75 3.09250527 0.05 0.04908739 2283.0 2683.0 40000063
C 4 -0.65 -3.09250527 0.05 0.04908739 2283.0 2683.0 40000064
C 4 -0.65 -2.9943305 0.05 0.04908739 2283.0 2683.0 40000065
C 4 -0.65 -2.89615573 0.05 0.04908739 2283.0 2683.0 40000066
C 4 -0.65 -2.79798096 0.05 0.04908739 2283.0 2683.0 40000067
C 4 -0.65 -2.69980619 0.05 0.04908739 2283.0 2683.0 40000068
C 4 -0.65 -2.60163142 0.05 0.04908739 2283.0 2683.0 40000069
C 4 -0.65 -2.50345665 0.05 0.04908739 2283.0 2683.0 40000070
C 4 -0.65 -2.40528188 0.05 0.04908739 2283.0 2683.0 40000071
C 4 -0.65 -2.3071071 0.05 0.04908739 2283.0 2683.0 40000072
C 4 -0.65 -2.20893233 0.05 0.04908739 2283.0 2683.0 40000073
C 4 -0.65 -2.11075756 0.05 0.04908739 2283.0 2683.0 40000074
C 4 -0.65 -2.01258279 0.05 0.04908739 2283.0 2683.0 40000075
C 4 -0.65 -1.91440802 0.05 0.04908739 2283.0 2683.0 40000076
C 4 -0.65 -1.81623325 0.05 0.04908739 2283.0 2683.0 40000077
C 4 -0.65 -1.71805848 0.05 0.04908739 2283.0 2683.0 40000078
C 4 -0.65 -1.61988371 0.05 0.04908739 2283.0 2683.0 40000079
C 4 -0.65 -1.52170894 0.05 0.04908739 2283.0 2683.0 40000080
C 4 -0.65 -1.42353417 0.05 0.04908739 2283.0 2683.0 40000081
C 4 -0.65 -1.3253594 0.05 0.04908739 2283.0 2683.0 40000082
C 4 -0.65 -1.22718463 0.05 0.04908739 2283.0 2683.0 40000083
C 4 -0.65 -1.12900986 0.05 0.04908739 2283.0 2683.0 40000084
C 4 -0.65 -1.03083509 0.05 0.04908739 2283.0 2683.0 40000085
C 4 -0.65 -0.93266032 0.05 0.04908739 2283.0 2683.0 40000086
C 4 -0.65 -0.83448555 0.05 0.04908739 2283.0 2683.0 40000087
C 4 -0.65 -0.73631078 0.05 0.04908739 2283.0 2683.0 40000088
C 4 -0.65 -0.63813601 0.05 0.04908739 2283.0 2683.0 40000089
C 4 -0.65 -0.53996124 0.05 0.04908739 2283.0 2683.0 40000090
C 4 -0.65 -0.44178647 0.05 0.04908739 2283.0 2683.0 40000091
C 4 -0.65 -0.3436117 0.05 0.04908739 2283.0 2683.0 40000092
C 4 -0.65 -0.24543693 0.05 0.04908739 2283.0 2683.0 40000093
C 4 -0.65 -0.14726216 0.05 0.04908739 2283.0 2683.0 40000094
C 4 -0.65 -0.04908739 0.05 0.04908739 2283.0 2683.0 40000095
C 4 -0.65 0.04908739 0.05 0.04908739 2283.0 2683.0 40000096
C 4 -0.65 0.14726216 0.05 0.04908739 2283.0 2683.0 40000097
C 4 -0.65 0.24543693 0.05 0.04908739 2283.0 2683.0 40000098
C 4 -0.65 0.3436117 0.05 0.04908739 2283.0 2683.0 40000099
C 4 -0.65 0.44178647 0.05 0.04908739 2283.0 2683.0 40000100
C 4 -0.65 0.53996124 0.05 0.04908739 2283.0 2683.0 40000101
C 4 -0.65 0.63813601 0.05 0.04908739 2283.0 2683.0 40000102
C 4 -0.65 0.73631078 0.05 0.04908739 2283.0 2683.0 40000103
C 4 -0.65 0.83448555 0.05 0.04908739 2283.0 2683.0 40000104
C 4 -0.65 0.93266032 0.05 0.04908739 2283.0 2683.0 40000105
C 4 -0.65 1.03083509 0.05 0.04908739 2283.0 2683.0 40000106
C 4 -0.65 1.12900986 0.05 0.04908739 2283.0 2683.0 40000107
C 4 -0.65 1.22718463 0.05 0.04908739 2283.0 2683.0 40000108
C 4 -0.65 1.3253594 0.05 0.04908739 2283.0 2683.0 40000109
C 4 -0.65 1.42353417 0.05 0.04908739 2283.0 2683.0 40000110
C 4 -0.65 1.52170894 0.05 0.04908739 2283.0 2683.0 40000111
C 4 -0.65 1.61988371 0.05 0.04908739 2283.0 2683.0 40000112
C 4 -0.65 1.71805848 0.05 0.04908739 2283.0 2683.0 40000113
C 4 -0.65 1.81623325 0.05 0.04908739 2283.0 2683.0 40000114
C 4 -0.65 1.91440802 0.05 0.04908739 2283.0 2683.0 40000115
C 4 -0.65 2.01258279 0.05 0.04908739 2283.0 2683.0 40000116
C 4 -0.65 2.11075756 0.05 0.04908739 2283.0 2683.0 40000117
C 4 -0.65 2.20893233 0.05 0.04908739 2283.0 2683.0 40000118
C 4 -0.65 2.3071071 0.05 0.04908739 2283.0 2683.0 40000119
C 4 -0.65 2.40528188 0.05 0.04908739 2283.0 2683.0 40000120
C 4 -0.65 2.50345665 0.05 0.04908739 2283.0 2683.0 40000121
C 4 -0.65 2.60163142 0.05 0.04908739 2283.0 2683.0 40000122
C 4 -0.65 2.69980619 0.05 0.04908739 2283.0 2683.0 40000123
C 4 -0.65 2.79798096 0.05 0.04908739 2283.0 2683.0 40000124
C 4 -0.65 2.89615573 0.05 0.04908739 2283.0 2683.0 40000125
C 4 -0.65 2.9943305 0.05 0.04908739 2283.0 2683.0 40000126
C 4 -0.65 3.09250527 0.05 0.04908739 2283.0 2683.0 40000127
C 4 -0.55 -3.09250527 0.05 0.04908739 2283.0 2683.0 40000128
C 4 -0.55 -2.9943305 0.05 0.04908739 2283.0 2683.0 40000129
C 4 -0.55 -2.89615573 0.05 0.04908739 2283.0 2683.0 40000130
C 4 -0.55 -2.79798096 0.05 0.04908739 2283.0 2683.0 40000131
C 4 -0.55 -2.69980619 0.05 0.04908739 2283.0 2683.0 40000132
C 4 -0.55 -2.60163142 0.05 0.04908739 2283.0 2683.0 40000133
C 4 -0.55 -2.50345665 0.05 0.04908739 2283.0 2683.0 40000134
C 4 -0.55 -2.40528188 0.05 0.04908739 2283.0 2683.0 40000135
C 4 -0.55 -2.3071071 0.05 0.04908739 2283.0 2683.0 40000136
C 4 -0.55 -2.20893233 0.05 0.04908739 2283.0 2683.0 40000137
C 4 -0.55 -2.11075756 0.05 0.04908739 2283.0 2683.0 40000138
C 4 -0.55 -2.01258279 0.05 0.04908739 2283.0 2683.0 40000139
C 4 -0.55 -1.91440802 0.05 0.04908739 2283.0 2683.0 40000140
C 4 -0.55 -1.81623325 0.05 0.04908739 2283.0 2683.0 40000141
C 4 -0.55 -1.71805848 0.05 0.04908739 2283.0 2683.0 40000142
C 4 -0.55 -1.61988371 0.05 0.04908739 2283.0 2683.0 40000143
C 4 -0.55 -1.52170894 0.05 0.04908739 2283.0 2683.0 40000144
C 4 -0.55 -1.42353417 0.05 0.04908739 2283.0 2683.0 40000145
C 4 -0.55 -1.3253594 0.05 0.04908739 2283.0 2683.0 40000146
C 4 -0.55 -1.22718463 0.05 0.04908739 2283.0 2683.0 40000147
C 4 -0.55 -1.12900986 0.05 0.04908739 2283.0 2683.0 40000148
C 4 -0.55 -1.03083509 0.05 0.04908739 2283.0 2683.0 40000149
C 4 -0.55 -0.93266032 0.05 0.04908739 2283.0 2683.0 40000150
C 4 -0.55 -0.83448555 0.05 0.04908739 2283.0 2683.0 40000151
C 4 -0.55 -0.73631078 0.05 0.04908739 2283.0 2683.0 40000152
C 4 -0.55 -0.63813601 0.05 0.04908739 2283.0 2683.0 40000153
C 4 -0.55 -0.53996124 0.05 0.04908739 2283.0 2683.0 40000154
C 4 -0.55 -0.44178647 0.05 0.04908739 2283.0 2683.0 40000155
C 4 -0.55 -0.3436117 0.05 0.04908739 2283.0 2683.0 40000156
C 4 -0.55 -0.24543693 0.05 0.04908739 2283.0 2683.0 40000157
C 4 -0.55 -0.14726216 0.05 0.04908739 2283.0 2683.0 40000158
C 4 -0.55 -0.04908739 0.05 0.04908739 2283.0 2683.0 40000159
C 4 -0.55 0.04908739 0.05 0.04908739 2283.0 2683.0 40000160
C 4 -0.55 0.14726216 0.05 0.04908739 2283.0 2683.0 40000161
C 4 -0.55 0.24543693 0.05 0.04908739 2283.0 2683.0 40000162
C 4 -0.55 0.3436117 0.05 0.04908739 2283.0 2683.0 40000163
C 4 -0.55 0.44178647 0.05 0.04908739 2283.0 2683.0 40000164
C 4 -0.55 0.53996124 0.05 0.04908739 2283.0 2683.0 40000165
C 4 -0.55 0.63813601 0.05 0.04908739 2283.0 2683.0 40000166
C 4 -0.55 0.73631078 0.05 0.04908739 2283.0 2683.0 40000167
C 4 -0.55 0.83448555 0.05 0.04908739 2283.0 2683.0 40000168
C 4 -0.55 0.93266032 0.05 0.04908739 2283.0 2683.0 40000169
C 4 -0.55 1.03083509 0.05 0.04908739 2283.0 2683.0 40000170
C 4 -0.55 1.12900986 0.05 0.04908739 2283.0 2683.0 40000171
C 4 -0.55 1.22718463 0.05 0.04908739 2283.0 2683.0 40000172
C 4 -0.55 1.3253594 0.05 0.04908739 2283.0 2683.0 40000173
C 4 -0.55 1.42353417 0.05 0.04908739 2283.0 2683.0 40000174
C 4 -0.55 1.52170894 0.05 0.04908739 2283.0 2683.0 40000175
C 4 -0.55 1.61988371 0.05 0.04908739 2283.0 2683.0 40000176
C 4 -0.55 1.71805848 0.05 0.04908739 2283.0 2683.0 40000177
C 4 -0.55 1.81623325 0.05 0.04908739 2283.0 2683.0 40000178
C 4 -0.55 1.91440802 0.05 0.04908739 2283.0 2683.0 40000179
C 4 -0.55 2.01258279 0.05 0.04908739 2283.0 2683.0 40000180
C 4 -0.55 2.11075756 0.05 0.04908739 2283.0 2683.0 40000181
C 4 -0.55 2.20893233 0.05 0.04908739 2283.0 2683.0 40000182
C 4 -0.55 2.3071071 0.05 0.04908739 2283.0 2683.0 40000183
C 4 -0.55 2.40528188 0.05 0.04908739 2283.0 2683.0 40000184
C 4 -0.55 2.50345665 0.05 0.04908739 2283.0 2683.0 40000185
C 4 -0.55 2.60163142 0.05 0.04908739 2283.0 2683.0 40000186
C 4 -0.55 2.69980619 0.05 0.04908739 2283.0 2683.0 40000187
C 4 -0.55 2.79798096 0.05 0.04908739 2283.0 2683.0 40000188
C 4 -0.55 2.89615573 0.05 0.04908739 2283.0 2683.0 40000189
C 4 -0.55 2.9943305 0.05 0.04908739 2283.0 2683.0 40000190
C 4 -0.55 3.09250527 0.05 0.04908739 2283.0 2683.0 40000191
C 4 -0.45 -3.09250527 0.05 0.04908739 2283.0 2683.0 40000192
C 4 -0.45 -2.9943305 0.05 0.04908739 2283.0 2683.0 40000193
C 4 -0.45 -2.89615573 0.05 0.04908739 2283.0 2683.0 40000194
C 4 -0.45 -2.79798096 0.05 0.04908739 2283.0 2683.0 40000195
C 4 -0.45 -2.69980619 0.05 0.04908739 2283.0 2683.0 40000196
C 4 -0.45 -2.60163142 0.05 0.04908739 2283.0 2683.0 40000197
C 4 -0.45 -2.50345665 0.05 0.04908739 2283.0 2683.0 40000198
C 4 -0.45 -2.40528188 0.05 0.04908739 2283.0 2683.0 40000199
C 4 -0.45 -2.3071071 0.05 0.04908739 2283.0 2683.0 40000200
C 4 -0.45 -2.20893233 0.05 0.04908739 2283.0 2683.0 40000201
C 4 -0.45 -2.11075756 0.05 0.04908739 2283.0 2683.0 40000202
C 4 -0.45 -2.01258279 0.05 0.04908739 2283.0 2683.0 40000203
C 4 -0.45 -1.91440802 0.05 0.04908739 2283.0 2683.0 40000204
C 4 -0.45 -1.81623325 0.05 0.04908739 2283.0 2683.0 40000205
C 4 -0.45 -1.71805848 0.05 0.04908739 2283.0 2683.0 40000206
C 4 -0.45 -1.61988371 0.05 0.04908739 2283.0 2683.0 40000207
C 4 -0.45 -1.52170894 0.05 0.04908739 2283.0 2683.0 40000208
C 4 -0.45 -1.42353417 0.05 0.04908739 2283.0 2683.0 40000209
C 4 -0.45 -1.3253594 0.05 0.04908739 2283.0 2683.0 40000210
C 4 -0.45 -1.22718463 0.05 0.04908739 2283.0 2683.0 40000211
C 4 -0.45 -1.12900986 0.05 0.04908739 2283.0 2683.0 40000212
C 4 -0.45 -1.03083509 0.05 0.04908739 2283.0 2683.0 40000213
C 4 -0.45 -0.93266032 0.05 0.04908739 2283.0 2683.0 40000214
C 4 -0.45 -0.83448555 0.05 0.04908739 2283.0 2683.0 40000215
C 4 -0.45 -0.73631078 0.05 0.04908739 2283.0 2683.0 40000216
C 4 -0.45 -0.63813601 0.05 0.04908739 2283.0 2683.0 40000217
C 4 -0.45 -0.53996124 0.05 0.04908739 2283.0 2683.0 40000218
C 4 -0.45 -0.44178647 0.05 0.04908739 2283.0 2683.0 40000219
C 4 -0.45 -0.3436117 0.05 0.04908739 2283.0 2683.0 40000220
C 4 -0.45 -0.24543693 0.05 0.04908739 2283.0 2683.0 40000221
C 4 -0.45 -0.14726216 0.05 0.04908739 2283.0 2683.0 40000222
C 4 -0.45 -0.04908739 0.05 0.04908739 2283.0 2683.0 40000223
C 4 -0.45 0.04908739 0.05 0.04908739 2283.0 2683.0 40000224
C 4 -0.45 0.14726216 0.05 0.04908739 2283.0 2683.0 40000225
C 4 -0.45 0.24543693 0.05 0.04908739 2283.0 2683.0 40000226
C 4 -0.45 0.3436117 0.05 0.04908739 2283.0 2683.0 40000227
C 4 -0.45 0.44178647 0.05 0.04908739 2283.0 2683.0 40000228
C 4 -0.45 0.53996124 0.05 0.04908739 2283.0 2683.0 40000229
C 4 -0.45 0.63813601 0.05 0.04908739 2283.0 2683.0 40000230
C 4 -0.45 0.73631078 0.05 0.04908739 2283.0 2683.0 40000231
C 4 -0.45 0.83448555 0.05 0.04908739 2283.0 2683.0 40000232
C 4 -0.45 0.93266032 0.05 0.04908739 2283.0 2683.0 40000233
C 4 -0.45 1.03083509 0.05 0.04908739 2283.0 2683.0 40000234
C 4 -0.45 1.12900986 0.05 0.04908739 2283.0 2683.0 40000235
C 4 -0.45 1.22718463 0.05 0.04908739 2283.0 2683.0 40000236
C 4 -0.45 1.3253594 0.05 0.04908739 2283.0 2683.0 40000237
C 4 -0.45 1.42353417 0.05 0.04908739 2283.0 2683.0 40000238
C 4 -0.45 1.52170894 0.05 0.04908739 2283.0 2683.0 40000239
C 4 -0.45 1.61988371 0.05 0.04908739 2283.0 2683.0 40000240
C 4 -0.45 1.71805848 0.05 0.04908739 2283.0 2683.0 40000241
C 4 -0.45 1.81623325 0.05 0.04908739 2283.0 2683.0 40000242
C 4 -0.45 1.91440802 0.05 0.04908739 2283.0 2683.0 40000243
C 4 -0.45 2.01258279 0.05 0.04908739 2283.0 2683.0 40000244
C 4 -0.45 2.11075756 0.05 0.04908739 2283.0 2683.0 40000245
C 4 -0.45 2.20893233 0.05 0.04908739 2283.0 2683.0 40000246
C 4 -0.45 2.3071071 0.05 0.04908739 2283.0 2683.0 40000247
C 4 -0.45 2.40528188 0.05 0.04908739 2283.0 2683.0 40000248
C 4 -0.45 2.50345665 0.05 0.04908739 2283.0 2683.0 40000249
C 4 -0.45 2.60163142 0.05 0.04908739 2283.0 2683.0 40000250
C 4 -0.45 2.69980619 0.05 0.04908739 2283.0 2683.0 40000251
C 4 -0.45 2.79798096 0.05 0.04908739 2283.0 2683.0 40000252
C 4 -0.45 2.89615573 0.05 0.04908739 2283.0 2683.0 40000253
C 4 -0.45 2.9943305 0.05 0.04908739 2283.0 2683.0 40000254
C 4 -0.45 3.09250527 0.05 0.04908739 2283.0 2683.0 40000255
C 4 -0.35 -3.09250527 0.05 0.04908739 2283.0 2683.0 40000256
C 4 -0.35 -2.9943305 0.05 0.04908739 2283.0 2683.0 40000257
C 4 -0.35 -2.89615573 0.05 0.04908739 2283.0 2683.0 40000258
C 4 -0.35 -2.79798096 0.05 0.04908739 2283.0 2683.0 40000259
C 4 -0.35 -2.69980619 0.05 0.04908739 2283.0 2683.0 40000260
C 4 -0.35 -2.60163142 0.05 0.04908739 2283.0 2683.0 40000261
C 4 -0.35 -2.50345665 0.05 0.04908739 2283.0 2683.0 40000262
C 4 -0.35 -2.40528188 0.05 0.04908739 2283.0 2683.0 40000263
C 4 -0.35 -2.3071071 0.05 0.04908739 2283.0 2683.0 40000264
C 4 -0.35 -2.20893233 0.05 0.04908739 2283.0 2683.0 40000265
C 4 -0.35 -2.11075756 0.05 0.04908739 2283.0 2683.0 40000266
C 4 -0.35 -2.01258279 0.05 0.04908739 2283.0 2683.0 40000267
C 4 -0.35 -1.91440802 0.05 0.04908739 2283.0 2683.0 40000268
C 4 -0.35 -1.81623325 0.05 0.04908739 2283.0 2683.0 40000269
C 4 -0.35 -1.71805848 0.05 0.04908739 2283.0 2683.0 40000270
C 4 -0.35 -1.61988371 0.05 0.04908739 2283.0 2683.0 40000271
C 4 -0.35 -1.52170894 0.05 0.04908739 2283.0 2683.0 40000272
C 4 -0.35 -1.42353417 0.05 0.04908739 2283.0 2683.0 40000273
C 4 -0.35 -1.3253594 0.05 0.04908739 2283.0 2683.0 40000274
C 4 -0.35 -1.22718463 0.05 0.04908739 2283.0 2683.0 40000275
C 4 -0.35 -1.12900986 0.05 0.04908739 2283.0 2683.0 40000276
C 4 -0.35 -1.03083509 0.05 0.04908739 2283.0 2683.0 40000277
C 4 -0.35 -0.93266032 0.05 0.04908739 2283.0 2683.0 40000278
C 4 -0.35 -0.83448555 0.05 0.04908739 2283.0 2683.0 40000279
C 4 -0.35 -0.73631078 0.05 0.04908739 2283.0 2683.0 40000280
C 4 -0.35 -0.63813601 0.05 0.04908739 2283.0 2683.0 40000281
C 4 -0.35 -0.53996124 0.05 0.04908739 2283.0 2683.0 40000282
C 4 -0.35 -0.44178647 0.05 0.04908739 2283.0 2683.0 40000283
C 4 -0.35 -0.3436117 0.05 0.04908739 2283.0 2683.0 40000284
C 4 -0.35 -0.24543693 0.05 0.04908739 2283.0 2683.0 40000285
C 4 -0.35 -0.14726216 0.05 0.04908739 2283.0 2683.0 40000286
C 4 -0.35 -0.04908739 0.05 0.04908739 2283.0 2683.0 40000287
C 4 -0.35 0.04908739 0.05 0.04908739 2283.0 2683.0 40000288
C 4 -0.35 0.14726216 0.05 0.04908739 2283.0 2683.0 40000289
C 4 -0.35 0.24543693 0.05 0.04908739 2283.0 2683.0 40000290
C 4 -0.35 0.3436117 0.05 0.04908739 2283.0 2683.0 40000291
C 4 -0.35 0.44178647 0.05 0.04908739 2283.0 2683.0 40000292
C 4 -0.35 0.53996124 0.05 0.04908739 2283.0 2683.0 40000293
C 4 -0.35 0.63813601 0.05 0.04908739 2283.0 2683.0 40000294
C 4 -0.35 0.73631078 0.05 0.04908739 2283.0 2683.0 40000295
C 4 -0.35 0.83448555 0.05 0.04908739 2283.0 2683.0 40000296
C 4 -0.35 0.93266032 0.05 0.04908739 2283.0 2683.0 40000297
C 4 -0.35 1.03083509 0.05 0.04908739 2283.0 2683.0 40000298
C 4 -0.35 1.12900986 0.05 0.04908739 2283.0 2683.0 40000299
C 4 -0.35 1.22718463 0.05 0.04908739 2283.0 2683.0 40000300
C 4 -0.35 1.3253594 0.05 0.04908739 2283.0 2683.0 40000301
C 4 -0.35 1.42353417 0.05 0.04908739 2283.0 2683.0 40000302
C 4 -0.35 1.52170894 0.05 0.04908739 2283.0 2683.0 40000303
C 4 -0.35 1.61988371 0.05 0.04908739 2283.0 2683.0 40000304
C 4 -0.35 1.71805848 0.05 0.04908739 2283.0 2683.0 40000305
C 4 -0.35 1.81623325 0.05 0.04908739 2283.0 2683.0 40000306
C 4 -0.35 1.91440802 0.05 0.04908739 2283.0 2683.0 40000307
C 4 -0.35 2.01258279 0.05 0.04908739 2283.0 2683.0 40000308
C 4 -0.35 2.11075756 0.05 0.04908739 2283.0 2683.0 40000309
C 4 -0.35 2.20893233 0.05 0.04908739 2283.0 2683.0 40000310
C 4 -0.35 2.3071071 0.05 0.04908739 2283.0 2683.0 40000311
C 4 -0.35 2.40528188 0.05 0.04908739 2283.0 2683.0 40000312
C 4 -0.35 2.50345665 0.05 0.04908739 2283.0 2683.0 40000313
C 4 -0.35 2.60163142 0.05 0.04908739 2283.0 2683.0 40000314
C 4 -0.35 2.69980619 0.05 0.04908739 2283.0 2683.0 40000315
C 4 -0.35 2.79798096 0.05 0.04908739 2283.0 2683.0 40000316
C 4 -0.35 2.89615573 0.05 0.04908739 2283.0 2683.0 40000317
C 4 -0.35 2.9943305 0.05 0.04908739 2283.0 2683.0 40000318
C 4 -0.35 3.09250527 0.05 0.04908739 2283.0 2683.0 40000319
C 4 -0.25 -3.09250527 0.05 0.04908739 2283.0 2683.0 40000320
C 4 -0.25 -2.9943305 0.05 0.04908739 2283.0 2683.0 40000321
C 4 -0.25 -2.89615573 0.05 0.04908739 2283.0 2683.0 40000322
C 4 -0.25 -2.79798096 0.05 0.04908739 2283.0 2683.0 40000323
C 4 -0.25 -2.69980619 0.05 0.04908739 2283.0 2683.0 40000324
C 4 -0.25 -2.60163142 0.05 0.04908739 2283.0 2683.0 40000325
C 4 -0.25 -2.50345665 0.05 0.04908739 2283.0 2683.0 40000326
C 4 -0.25 -2.40528188 0.05 0.04908739 2283.0 2683.0 40000327
C 4 -0.25 -2.3071071 0.05 0.04908739 2283.0 2683.0 40000328
C 4 -0.25 -2.20893233 0.05 0.04908739 2283.0 2683.0 40000329
C 4 -0.25 -2.11075756 0.05 0.04908739 2283.0 2683.0 40000330
C 4 -0.25 -2.01258279 0.05 0.04908739 2283.0 2683.0 40000331
C 4 -0.25 -1.91440802 0.05 0.04908739 2283.0 2683.0 40000332
C 4 -0.25 -1.81623325 0.05 0.04908739 2283.0 2683.0 40000333
C 4 -0.25 -1.71805848 0.05 0.04908739 2283.0 2683.0 40000334
C 4 -0.25 -1.61988371 0.05 0.04908739 2283.0 2683.0 40000335
C 4 -0.25 -1.52170894 0.05 0.04908739 2283.0 2683.0 40000336
C 4 -0.25 -1.42353417 0.05 0.04908739 2283.0 2683.0 40000337
C 4 -0.25 -1.3253594 0.05 0.04908739 2283.0 2683.0 40000338
C 4 -0.25 -1.22718463 0.05 0.04908739 2283.0 2683.0 40000339
C 4 -0.25 -1.12900986 0.05 0.04908739 2283.0 2683.0 40000340
C 4 -0.25 -1.03083509 0.05 0.04908739 2283.0 2683.0 40000341
C 4 -0.25 -0.93266032 0.05 0.04908739 2283.0 2683.0 40000342
C 4 -0.25 -0.83448555 0.05 0.04908739 2283.0 2683.0 40000343
C 4 -0.25 -0.73631078 0.05 0.04908739 2283.0 2683.0 40000344
C 4 -0.25 -0.63813601 0.05 0.04908739 2283.0 2683.0 40000345
C 4 -0.25 -0.53996124 0.05 0.04908739 2283.0 2683.0 40000346
C 4 -0.25 -0.44178647 0.05 0.04908739 2283.0 2683.0 40000347
C 4 -0.25 -0.3436117 0.05 0.04908739 2283.0 2683.0 40000348
C 4 -0.25 -0.24543693 0.05 0.04908739 2283.0 2683.0 40000349
C 4 -0.25 -0.14726216 0.05 0.04908739 2283.0 2683.0 40000350
C 4 -0.25 -0.04908739 0.05 0.04908739 2283.0 2683.0 40000351
C 4 -0.25 0.04908739 0.05 0.04908739 2283.0 2683.0 40000352
C 4 -0.25 0.14726216 0.05 0.04908739 2283.0 2683.0 40000353
C 4 -0.25 0.24543693 0.05 0.04908739 2283.0 2683.0 40000354
C 4 -0.25 0.3436117 0.05 0.04908739 2283.0 2683.0 40000355
C 4 -0.25 0.44178647 0.05 0.04908739 2283.0 2683.0 40000356
C 4 -0.25 0.53996124 0.05 0.04908739 2283.0 2683.0 40000357
C 4 -0.25 0.63813601 0.05 0.04908739 2283.0 2683.0 40000358
C 4 -0.25 0.73631078 0.05 0.04908739 2283.0 2683.0 40000359
C 4 -0.25 0.83448555 0.05 0.04908739 2283.0 2683.0 40000360
C 4 -0.25 0.93266032 0.05 0.04908739 2283.0 2683.0 40000361
C 4 -0.25 1.03083509 0.05 0.04908739 2283.0 2683.0 40000362
C 4 -0.25 1.12900986 0.05 0.04908739 2283.0 2683.0 40000363
C 4 -0.25 1.22718463 0.05 0.04908739 2283.0 2683.0 40000364
C 4 -0.25 1.3253594 0.05 0.04908739 2283.0 2683.0 40000365
C 4 -0.25 1.42353417 0.05 0.04908739 2283.0 2683.0 40000366
C 4 -0.25 1.52170894 0.05 0.04908739 2283.0 2683.0 40000367
C 4 -0.25 1.61988371 0.05 0.04908739 2283.0 2683.0 40000368
C 4 -0.25 1.71805848 0.05 0.04908739 2283.0 2683.0 40000369
C 4 -0.25 1.81623325 0.05 0.04908739 2283.0 2683.0 40000370
C 4 -0.25 1.91440802 0.05 0.04908739 2283.0 2683.0 40000371
C 4 -0.25 2.01258279 0.05 0.04908739 2283.0 2683.0 40000372
C 4 -0.25 2.11075756 0.05 0.04908739 2283.0 2683.0 40000373
C 4 -0.25 2.20893233 0.05 0.04908739 2283.0 2683.0 40000374
C 4 -0.25 2.3071071 0.05 0.04908739 2283.0 2683.0 40000375
C 4 -0.25 2.40528188 0.05 0.04908739 2283.0 2683.0 40000376
C 4 -0.25 2.50345665 0.05 0.04908739 2283.0 2683.0 40000377
C 4 -0.25 2.60163142 0.05 0.04908739 2283.0 2683.0 40000378
C 4 -0.25 2.69980619 0.05 0.04908739 2283.0 2683.0 40000379
C 4 -0.25 2.79798096 0.05 0.04908739 2283.0 2683.0 40000380
C 4 -0.25 2.89615573 0.05 0.04908739 2283.0 2683.0 40000381
C 4 -0.25 2.9943305 0.05 0.04908739 2283.0 2683.0 40000382
C 4 -0.25 3.09250527 0.05 0.04908739 2283.0 2683.0 40000383
C 4 -0.15 -3.09250527 0.05 0.04908739 2283.0 2683.0 40000384
C 4 -0.15 -2.9943305 0.05 0.04908739 2283.0 2683.0 40000385
C 4 -0.15 -2.89615573 0.05 0.04908739 2283.0 2683.0 40000386
C 4 -0.15 -2.79798096 0.05 0.04908739 2283.0 2683.0 40000387
C 4 -0.15 -2.69980619 0.05 0.04908739 2283.0 2683.0 40000388
C 4 -0.15 -2.60163142 0.05 0.04908739 2283.0 2683.0 40000389
C 4 -0.15 -2.50345665 0.05 0.04908739 2283.0 2683.0 40000390
C 4 -0.15 -2.40528188 0.05 0.04908739 2283.0 2683.0 40000391
C 4 -0.15 -2.3071071 0.05 0.04908739 2283.0 2683.0 40000392
C 4 -0.15 -2.20893233 0.05 0.04908739 2283.0 2683.0 40000393
C 4 -0.15 -2.11075756 0.05 0.04908739 2283.0 2683.0 40000394
C 4 -0.15 -2.01258279 0.05 0.04908739 2283.0 2683.0 40000395
C 4 -0.15 -1.91440802 0.05 0.04908739 2283.0 2683.0 40000396
C 4 -0.15 -1.81623325 0.05 0.04908739 2283.0 2683.0 40000397
C 4 -0.15 -1.71805848 0.05 0.04908739 2283.0 2683.0 40000398
C 4 -0.15 -1.61988371 0.05 0.04908739 2283.0 2683.0 40000399
C 4 -0.15 -1.52170894 0.05 0.04908739 2283.0 2683.0 40000400
C 4 -0.15 -1.42353417 0.05 0.04908739 2283.0 2683.0 40000401
C 4 -0.15 -1.3253594 0.05 0.04908739 2283.0 2683.0 40000402
C 4 -0.15 -1.22718463 0.05 0.04908739 2283.0 2683.0 40000403
C 4 -0.15 -1.12900986 0.05 0.04908739 2283.0 2683.0 40000404
C 4 -0.15 -1.03083509 0.05 0.04908739 2283.0 2683.0 40000405
C 4 -0.15 -0.93266032 0.05 0.04908739 2283.0 2683.0 40000406
C 4 -0.15 -0.83448555 0.05 0.04908739 2283.0 2683.0 40000407
C 4 -0.15 -0.73631078 0.05 0.04908739 2283.0 2683.0 40000408
C 4 -0.15 -0.63813601 0.05 0.04908739 2283.0 2683.0 40000409
C 4 -0.15 -0.53996124 0.05 0.04908739 2283.0 2683.0 40000410
C 4 -0.15 -0.44178647 0.05 0.04908739 2283.0 2683.0 40000411
C 4 -0.15 -0.3436117 0.05 0.04908739 2283.0 2683.0 40000412
C 4 -0.15 -0.24543693 0.05 0.04908739 2283.0 2683.0 40000413
C 4 -0.15 -0.14726216 0.05 0.04908739 2283.0 2683.0 40000414
C 4 -0.15 -0.04908739 0.05 0.04908739 2283.0 2683.0 40000415
C 4 -0.15 0.04908739 0.05 0.04908739 2283.0 2683.0 40000416
C 4 -0.15 0.14726216 0.05 0.04908739 2283.0 2683.0 40000417
C 4 -0.15 0.24543693 0.05 0.04908739 2283.0 2683.0 40000418
C 4 -0.15 0.3436117 0.05 0.04908739 2283.0 2683.0 40000419
C 4 -0.15 0.44178647 0.05 0.04908739 2283.0 2683.0 40000420
C 4 -0.15 0.53996124 0.05 0.04908739 2283.0 2683.0 40000421
C 4 -0.15 0.63813601 0.05 0.04908739 2283.0 2683.0 40000422
C 4 -0.15 0.73631078 0.05 0.04908739 2283.0 2683.0 40000423
C 4 -0.15 0.83448555 0.05 0.04908739 2283.0 2683.0 40000424
C 4 -0.15 0.93266032 0.05 0.04908739 2283.0 2683.0 40000425
C 4 -0.15 1.03083509 0.05 0.04908739 2283.0 2683.0 40000426
C 4 -0.15 1.12900986 0.05 0.04908739 2283.0 2683.0 40000427
C 4 -0.15 1.22718463 0.05 0.04908739 2283.0 2683.0 40000428
C 4 -0.15 1.3253594 0.05 0.04908739 2283.0 2683.0 40000429
C 4 -0.15 1.42353417 0.05 0.04908739 2283.0 2683.0 40000430
C 4 -0.15 1.52170894 0.05 0.04908739 2283.0 2683.0 40000431
C 4 -0.15 1.61988371 0.05 0.04908739 2283.0 2683.0 40000432
C 4 -0.15 1.71805848 0.05 0.04908739 2283.0 2683.0 40000433
C 4 -0.15 1.81623325 0.05 0.04908739 2283.0 2683.0 40000434
C 4 -0.15 1.91440802 0.05 0.04908739 2283.0 2683.0 40000435
C 4 -0.15 2.01258279 0.05 0.04908739 2283.0 2683.0 40000436
C 4 -0.15 2.11075756 0.05 0.04908739 2283.0 2683.0 40000437
C 4 -0.15 2.20893233 0.05 0.04908739 2283.0 2683.0 40000438
C 4 -0.15 2.3071071 0.05 0.04908739 2283.0 2683.0 40000439
C 4 -0.15 2.40528188 0.05 0.04908739 2283.0 2683.0 40000440
C 4 -0.15 2.50345665 0.05 0.04908739 2283.0 2683.0 40000441
C 4 -0.15 2.60163142 0.05 0.04908739 2283.0 2683.0 40000442
C 4 -0.15 2.69980619 0.05 0.04908739 2283.0 2683.0 40000443
C 4 -0.15 2.79798096 0.05 0.04908739 2283.0 2683.0 40000444
C 4 -0.15 2.89615573 0.05 0.04908739 2283.0 2683.0 40000445
C 4 -0.15 2.9943305 0.05 0.04908739 2283.0 2683.0 40000446
C 4 -0.15 3.09250527 0.05 0.04908739 2283.0 2683.0 40000447
C 4 -0.05 -3.09250527 0.05 0.04908739 2283.0 2683.0 40000448
C 4 -0.05 -2.9943305 0.05 0.04908739 2283.0 2683.0 40000449
C 4 -0.05 -2.89615573 0.05 0.04908739 2283.0 2683.0 40000450
C 4 -0.05 -2.79798096 0.05 0.04908739 2283.0 2683.0 40000451
C 4 -0.05 -2.69980619 0.05 0.04908739 2283.0 2683.0 40000452
C 4 -0.05 -2.60163142 0.05 0.04908739 2283.0 2683.0 40000453
C 4 -0.05 -2.50345665 0.05 0.04908739 2283.0 2683.0 40000454
C 4 -0.05 -2.40528188 0.05 0.04908739 2283.0 2683.0 40000455
C 4 -0.05 -2.3071071 0.05 0.04908739 2283.0 2683.0 40000456
C 4 -0.05 -2.20893233 0.05 0.04908739 2283.0 2683.0 40000457
C 4 -0.05 -2.11075756 0.05 0.04908739 2283.0 2683.0 40000458
C 4 -0.05 -2.01258279 0.05 0.04908739 2283.0 2683.0 40000459
C 4 -0.05 -1.91440802 0.05 0.04908739 2283.0 2683.0 40000460
C 4 -0.05 -1.81623325 0.05 0.04908739 2283.0 2683.0 40000461
C 4 -0.05 -1.71805848 0.05 0.04908739 2283.0 2683.0 40000462
C 4 -0.05 -1.61988371 0.05 0.04908739 2283.0 2683.0 40000463
C 4 -0.05 -1.52170894 0.05 0.04908739 2283.0 2683.0 40000464
C 4 -0.05 -1.42353417 0.05 0.04908739 2283.0 2683.0 40000465
C 4 -0.05 -1.3253594 0.05 0.04908739 2283.0 2683.0 40000466
C 4 -0.05 -1.22718463 0.05 0.04908739 2283.0 2683.0 40000467
C 4 -0.05 -1.12900986 0.05 0.04908739 2283.0 2683.0 40000468
C 4 -0.05 -1.03083509 0.05 0.04908739 2283.0 2683.0 40000469
C 4 -0.05 -0.93266032 0.05 0.04908739 2283.0 2683.0 40000470
C 4 -0.05 -0.83448555 0.05 0.04908739 2283.0 2683.0 40000471
C 4 -0.05 -0.73631078 0.05 0.04908739 2283.0 2683.0 40000472
C 4 -0.05 -0.63813601 0.05 0.04908739 2283.0 2683.0 40000473
C 4 -0.05 -0.53996124 0.05 0.04908739 2283.0 2683.0 40000474
C 4 -0.05 -0.44178647 0.05 0.04908739 2283.0 2683.0 40000475
C 4 -0.05 -0.3436117 0.05 0.04908739 2283.0 2683.0 40000476
C 4 -0.05 -0.24543693 0.05 0.04908739 2283.0 2683.0 40000477
C 4 -0.05 -0.14726216 0.05 0.04908739 2283.0 2683.0 40000478
C 4 -0.05 -0.04908739 0.05 0.04908739 2283.0 2683.0 40000479
C 4 -0.05 0.04908739 0.05 0.04908739 2283.0 2683.0 40000480
C 4 -0.05 0.14726216 0.05 0.04908739 2283.0 2683.0 40000481
C 4 -0.05 0.24543693 0.05 0.04908739 2283.0 2683.0 40000482
C 4 -0.05 0.3436117 0.05 0.04908739 2283.0 2683.0 40000483
C 4 -0.05 0.44178647 0.05 0.04908739 2283.0 2683.0 40000484
C 4 -0.05 0.53996124 0.05 0.04908739 2283.0 2683.0 40000485
C 4 -0.05 0.63813601 0.05 0.04908739 2283.0 2683.0 40000486
C 4 -0.05 0.73631078 0.05 0.04908739 2283.0 2683.0 40000487
C 4 -0.05 0.83448555 0.05 0.04908739 2283.0 2683.0 40000488
C 4 -0.05 0.93266032 0.05 0.04908739 2283.0 2683.0 40000489
C 4 -0.05 1.03083509 0.05 0.04908739 2283.0 2683.0 40000490
C 4 -0.05 1.12900986 0.05 0.04908739 2283.0 2683.0 40000491
C 4 -0.05 1.22718463 0.05 0.04908739 2283.0 2683.0 40000492
C 4 -0.05 1.3253594 0.05 0.04908739 2283.0 2683.0 40000493
C 4 -0.05 1.42353417 0.05 0.04908739 2283.0 2683.0 40000494
C 4 -0.05 1.52170894 0.05 0.04908739 2283.0 2683.0 40000495
C 4 -0.05 1.61988371 0.05 0.04908739 2283.0 2683.0 40000496
C 4 -0.05 1.71805848 0.05 0.04908739 2283.0 2683.0 40000497
C 4 -0.05 1.81623325 0.05 0.04908739 2283.0 2683.0 40000498
C 4 -0.05 1.91440802 0.05 0.04908739 2283.0 2683.0 40000499
C 4 -0.05 2.01258279 0.05 0.04908739 2283.0 2683.0 40000500
C 4 -0.05 2.11075756 0.05 0.04908739 2283.0 2683.0 40000501
C 4 -0.05 2.20893233 0.05 0.04908739 2283.0 2683.0 40000502
C 4 -0.05 2.3071071 0.05 0.04908739 2283.0 2683.0 40000503
C 4 -0.05 2.40528188 0.05 0.04908739 2283.0 2683.0 40000504
C 4 -0.05 2.50345665 0.05 0.04908739 2283.0 2683.0 40000505
C 4 -0.05 2.60163142 0.05 0.04908739 2283.0 2683.0 40000506
C 4 -0.05 2.69980619 0.05 0.04908739 2283.0 2683.0 40000507
C 4 -0.05 2.79798096 0.05 0.04908739 2283.0 2683.0 40000508
C 4 -0.05 2.89615573 0.05 0.04908739 2283.0 2683.0 40000509
C 4 -0.05 2.9943305 0.05 0.04908739 2283.0 2683.0 40000510
C 4 -0.05 3.09250527 0.05 0.04908739 2283.0 2683.0 40000511
C 4 0.05 -3.09250527 0.05 0.04908739 2283.0 2683.0 40000512
C 4 0.05 -2.9943305 0.05 0.04908739 2283.0 2683.0 40000513
C 4 0.05 -2.89615573 0.05 0.04908739 2283.0 2683.0 40000514
C 4 0.05 -2.79798096 0.05 0.04908739 2283.0 2683.0 40000515
C 4 0.05 -2.69980619 0.05 0.04908739 2283.0 2683.0 40000516
C 4 0.05 -2.60163142 0.05 0.04908739 2283.0 2683.0 40000517
C 4 0.05 -2.50345665 0.05 0.04908739 2283.0 2683.0 40000518
C 4 0.05 -2.40528188 0.05 0.04908739 2283.0 2683.0 40000519
C 4 0.05 -2.3071071 0.05 0.04908739 2283.0 2683.0 40000520
C 4 0.05 -2.20893233 0.05 0.04908739 2283.0 2683.0 40000521
C 4 0.05 -2.11075756 0.05 0.04908739 2283.0 2683.0 40000522
C 4 0.05 -2.01258279 0.05 0.04908739 2283.0 2683.0 40000523
C 4 0.05 -1.91440802 0.05 0.04908739 2283.0 2683.0 40000524
C 4 0.05 -1.81623325 0.05 0.04908739 2283.0 2683.0 40000525
C 4 0.05 -1.71805848 0.05 0.04908739 2283.0 2683.0 40000526
C 4 0.05 -1.61988371 0.05 0.04908739 2283.0 2683.0 40000527
C 4 0.05 -1.52170894 0.05 0.04908739 2283.0 2683.0 40000528
C 4 0.05 -1.42353417 0.05 0.04908739 2283.0 2683.0 40000529
C 4 0.05 -1.3253594 0.05 0.04908739 2283.0 2683.0 40000530
C 4 0.05 -1.22718463 0.05 0.04908739 2283.0 2683.0 40000531
C 4 0.05 -1.12900986 0.05 0.04908739 2283.0 2683.0 40000532
C 4 0.05 -1.03083509 0.05 0.04908739 2283.0 2683.0 40000533
C 4 0.05 -0.93266032 0.05 0.04908739 2283.0 2683.0 40000534
C 4 0.05 -0.83448555 0.05 0.04908739 2283.0 2683.0 40000535
C 4 0.05 -0.73631078 0.05 0.04908739 2283.0 2683.0 40000536
C 4 0.05 -0.63813601 0.05 0.04908739 2283.0 2683.0 40000537
C 4 0.05 -0.53996124 0.05 0.04908739 2283.0 2683.0 40000538
C 4 0.05 -0.44178647 0.05 0.04908739 2283.0 2683.0 40000539
C 4 0.05 -0.3436117 0.05 0.04908739 2283.0 2683.0 40000540
C 4 0.05 -0.24543693 0.05 0.04908739 2283.0 2683.0 40000541
C 4 0.05 -0.14726216 0.05 0.04908739 2283.0 2683.0 40000542
C 4 0.05 -0.04908739 0.05 0.04908739 2283.0 2683.0 40000543
C 4 0.05 0.04908739 0.05 0.04908739 2283.0 2683.0 40000544
C 4 0.05 0.14726216 0.05 0.04908739 2283.0 2683.0 40000545
C 4 0.05 0.24543693 0.05 0.04908739 2283.0 2683.0 40000546
C 4 0.05 0.3436117 0.05 0.04908739 2283.0 2683.0 40000547
C 4 0.05 0.44178647 0.05 0.04908739 2283.0 2683.0 40000548
C 4 0.05 0.53996124 0.05 0.04908739 2283.0 2683.0 40000549
C 4 0.05 0.63813601 0.05 0.04908739 2283.0 2683.0 40000550
C 4 0.05 0.73631078 0.05 0.04908739 2283.0 2683.0 40000551
C 4 0.05 0.83448555 0.05 0.04908739 2283.0 2683.0 40000552
C 4 0.05 0.93266032 0.05 0.04908739 2283.0 2683.0 40000553
C 4 0.05 1.03083509 0.05 0.04908739 2283.0 2683.0 40000554
C 4 0.05 1.12900986 0.05 0.04908739 2283.0 2683.0 40000555
C 4 0.05 1.22718463 0.05 0.04908739 2283.0 2683.0 40000556
C 4 0.05 1.3253594 0.05 0.04908739 2283.0 2683.0 40000557
C 4 0.05 1.42353417 0.05 0.04908739 2283.0 2683.0 40000558
C 4 0.05 1.52170894 0.05 0.04908739 2283.0 2683.0 40000559
C 4 0.05 1.61988371 0.05 0.04908739 2283.0 2683.0 40000560
C 4 0.05 1.71805848 0.05 0.04908739 2283.0 2683.0 40000561
C 4 0.05 1.81623325 0.05 0.04908739 2283.0 2683.0 40000562
C 4 0.05 1.91440802 0.05 0.04908739 2283.0 2683.0 40000563
C 4 0.05 2.01258279 0.05 0.04908739 2283.0 2683.0 40000564
C 4 0.05 2.11075756 0.05 0.04908739 2283.0 2683.0 40000565
C 4 0.05 2.20893233 0.05 0.04908739 2283.0 2683.0 40000566
C 4 0.05 2.3071071 0.05 0.04908739 2283.0 2683.0 40000567
C 4 0.05 2.40528188 0.05 0.04908739 2283.0 2683.0 40000568
C 4 0.05 2.50345665 0.05 0.04908739 2283.0 2683.0 40000569
C 4 0.05 2.60163142 0.05 0.04908739 2283.0 2683.0 40000570
C 4 0.05 2.69980619 0.05 0.04908739 2283.0 2683.0 40000571
C 4 0.05 2.79798096 0.05 0.04908739 2283.0 2683.0 40000572
C 4 0.05 2.89615573 0.05 0.04908739 2283.0 2683.0 40000573
C 4 0.05 2.9943305 0.05 0.04908739 2283.0 2683.0 40000574
C 4 0.05 3.09250527 0.05 0.04908739 2283.0 2683.0 40000575
C 4 0.15 -3.09250527 0.05 0.04908739 2283.0 2683.0 40000576
C 4 0.15 -2.9943305 0.05 0.04908739 2283.0 2683.0 40000577
C 4 0.15 -2.89615573 0.05 0.04908739 2283.0 2683.0 40000578
C 4 0.15 -2.79798096 0.05 0.04908739 2283.0 2683.0 40000579
C 4 0.15 -2.69980619 0.05 0.04908739 2283.0 2683.0 40000580
C 4 0.15 -2.60163142 0.05 0.04908739 2283.0 2683.0 40000581
C 4 0.15 -2.50345665 0.05 0.04908739 2283.0 2683.0 40000582
C 4 0.15 -2.40528188 0.05 0.04908739 2283.0 2683.0 40000583
C 4 0.15 -2.3071071 0.05 0.04908739 2283.0 2683.0 40000584
C 4 0.15 -2.20893233 0.05 0.04908739 2283.0 2683.0 40000585
C 4 0.15 -2.11075756 0.05 0.04908739 2283.0 2683.0 40000586
C 4 0.15 -2.01258279 0.05 0.04908739 2283.0 2683.0 40000587
C 4 0.15 -1.91440802 0.05 0.04908739 2283.0 2683.0 40000588
C 4 0.15 -1.81623325 0.05 0.04908739 2283.0 2683.0 40000589
C 4 0.15 -1.71805848 0.05 0.04908739 2283.0 2683.0 40000590
C 4 0.15 -1.61988371 0.05 0.04908739 2283.0 2683.0 40000591
C 4 0.15 -1.52170894 0.05 0.04908739 2283.0 2683.0 40000592
C 4 0.15 -1.42353417 0.05 0.04908739 2283.0 2683.0 40000593
C 4 0.15 -1.3253594 0.05 0.04908739 2283.0 2683.0 40000594
C 4 0.15 -1.22718463 0.05 0.04908739 2283.0 2683.0 40000595
C 4 0.15 -1.12900986 0.05 0.04908739 2283.0 2683.0 40000596
C 4 0.15 -1.03083509 0.05 0.04908739 2283.0 2683.0 40000597
C 4 0.15 -0.93266032 0.05 0.04908739 2283.0 2683.0 40000598
C 4 0.15 -0.83448555 0.05 0.04908739 2283.0 2683.0 40000599
C 4 0.15 -0.73631078 0.05 0.04908739 2283.0 2683.0 40000600
C 4 0.15 -0.63813601 0.05 0.04908739 2283.0 2683.0 40000601
C 4 0.15 -0.53996124 0.05 0.04908739 2283.0 2683.0 40000602
C 4 0.15 -0.44178647 0.05 0.04908739 2283.0 2683.0 40000603
C 4 0.15 -0.3436117 0.05 0.04908739 2283.0 2683.0 40000604
C 4 0.15 -0.24543693 0.05 0.04908739 2283.0 2683.0 40000605
C 4 0.15 -0.14726216 0.05 0.04908739 2283.0 2683.0 40000606
C 4 0.15 -0.04908739 0.05 0.04908739 2283.0 2683.0 40000607
C 4 0.15 0.04908739 0.05 0.04908739 2283.0 2683.0 40000608
C 4 0.15 0.14726216 0.05 0.04908739 2283.0 2683.0 40000609
C 4 0.15 0.24543693 0.05 0.04908739 2283.0 2683.0 40000610
C 4 0.15 0.3436117 0.05 0.04908739 2283.0 2683.0 40000611
C 4 0.15 0.44178647 0.05 0.04908739 2283.0 2683.0 40000612
C 4 0.15 0.53996124 0.05 0.04908739 2283.0 2683.0 40000613
C 4 0.15 0.63813601 0.05 0.04908739 2283.0 2683.0 40000614
C 4 0.15 0.73631078 0.05 0.04908739 2283.0 2683.0 40000615
C 4 0.15 0.83448555 0.05 0.04908739 2283.0 2683.0 40000616
C 4 0.15 0.93266032 0.05 0.04908739 2283.0 2683.0 40000617
C 4 0.15 1.03083509 0.05 0.04908739 2283.0 2683.0 40000618
C 4 0.15 1.12900986 0.05 0.04908739 2283.0 2683.0 40000619
C 4 0.15 1.22718463 0.05 0.04908739 2283.0 2683.0 40000620
C 4 0.15 1.3253594 0.05 0.04908739 2283.0 2683.0 40000621
C 4 0.15 1.42353417 0.05 0.04908739 2283.0 2683.0 40000622
C 4 0.15 1.52170894 0.05 0.04908739 2283.0 2683.0 40000623
C 4 0.15 1.61988371 0.05 0.04908739 2283.0 2683.0 40000624
C 4 0.15 1.71805848 0.05 0.04908739 2283.0 2683.0 40000625
C 4 0.15 1.81623325 0.05 0.04908739 2283.0 2683.0 40000626
C 4 0.15 1.91440802 0.05 0.04908739 2283.0 2683.0 40000627
C 4 0.15 2.01258279 0.05 0.04908739 2283.0 2683.0 40000628
C 4 0.15 2.11075756 0.05 0.04908739 2283.0 2683.0 40000629
C 4 0.15 2.20893233 0.05 0.04908739 2283.0 2683.0 40000630
C 4 0.15 2.3071071 0.05 0.04908739 2283.0 2683.0 40000631
C 4 0.15 2.40528188 0.05 0.04908739 2283.0 2683.0 40000632
C 4 0.15 2.50345665 0.05 0.04908739 2283.0 2683.0 40000633
C 4 0.15 2.60163142 0.05 0.04908739 2283.0 2683.0 40000634
C 4 0.15 2.69980619 0.05 0.04908739 2283.0 2683.0 40000635
C 4 0.15 2.79798096 0.05 0.04908739 2283.0 2683.0 40000636
C 4 0.15 2.89615573 0.05 0.04908739 2283.0 2683.0 40000637
C 4 0.15 2.9943305 0.05 0.04908739 2283.0 2683.0 40000638
C 4 0.15 3.09250527 0.05 0.04908739 2283.0 2683.0 40000639
C 4 0.25 -3.09250527 0.05 0.04908739 2283.0 2683.0 40000640
C 4 0.25 -2.9943305 0.05 0.04908739 2283.0 2683.0 40000641
C 4 0.25 -2.89615573 0.05 0.04908739 2283.0 2683.0 40000642
C 4 0.25 -2.79798096 0.05 0.04908739 2283.0 2683.0 40000643
C 4 0.25 -2.69980619 0.05 0.04908739 2283.0 2683.0 40000644
C 4 0.25 -2.60163142 0.05 0.04908739 2283.0 2683.0 40000645
C 4 0.25 -2.50345665 0.05 0.04908739 2283.0 2683.0 40000646
C 4 0.25 -2.40528188 0.05 0.04908739 2283.0 2683.0 40000647
C 4 0.25 -2.3071071 0.05 0.04908739 2283.0 2683.0 40000648
C 4 0.25 -2.20893233 0.05 0.04908739 2283.0 2683.0 40000649
C 4 0.25 -2.11075756 0.05 0.04908739 2283.0 2683.0 40000650
C 4 0.25 -2.01258279 0.05 0.04908739 2283.0 2683.0 40000651
C 4 0.25 -1.91440802 0.05 0.04908739 2283.0 2683.0 40000652
C 4 0.25 -1.81623325 0.05 0.04908739 2283.0 2683.0 40000653
C 4 0.25 -1.71805848 0.05 0.04908739 2283.0 2683.0 40000654
C 4 0.25 -1.61988371 0.05 0.04908739 2283.0 2683.0 40000655
C 4 0.25 -1.52170894 0.05 0.04908739 2283.0 2683.0 40000656
C 4 0.25 -1.42353417 0.05 0.04908739 2283.0 2683.0 40000657
C 4 0.25 -1.3253594 0.05 0.04908739 2283.0 2683.0 40000658
C 4 0.25 -1.22718463 0.05 0.04908739 2283.0 2683.0 40000659
C 4 0.25 -1.12900986 0.05 0.04908739 2283.0 2683.0 40000660
C 4 0.25 -1.03083509 0.05 0.04908739 2283.0 2683.0 40000661
C 4 0.25 -0.93266032 0.05 0.04908739 2283.0 2683.0 40000662
C 4 0.25 -0.83448555 0.05 0.04908739 2283.0 2683.0 40000663
C 4 0.25 -0.73631078 0.05 0.04908739 2283.0 2683.0 40000664
C 4 0.25 -0.63813601 0.05 0.04908739 2283.0 2683.0 40000665
C 4 0.25 -0.53996124 0.05 0.04908739 2283.0 2683.0 40000666
C 4 0.25 -0.44178647 0.05 0.04908739 2283.0 2683.0 40000667
C 4 0.25 -0.3436117 0.05 0.04908739 2283.0 2683.0 40000668
C 4 0.25 -0.24543693 0.05 0.04908739 2283.0 2683.0 40000669
C 4 0.25 -0.14726216 0.05 0.04908739 2283.0 2683.0 40000670
C 4 0.25 -0.04908739 0.05 0.04908739 2283.0 2683.0 40000671
C 4 0.25 0.04908739 0.05 0.04908739 2283.0 2683.0 40000672
C 4 0.25 0.14726216 0.05 0.04908739 2283.0 2683.0 40000673
C 4 0.25 0.24543693 0.05 0.04908739 2283.0 2683.0 40000674
C 4 0.25 0.3436117 0.05 0.04908739 2283.0 2683.0 40000675
C 4 0.25 0.44178647 0.05 0.04908739 2283.0 2683.0 40000676
C 4 0.25 0.53996124 0.05 0.04908739 2283.0 2683.0 40000677
C 4 0.25 0.63813601 0.05 0.04908739 2283.0 2683.0 40000678
C 4 0.25 0.73631078 0.05 0.04908739 2283.0 2683.0 40000679
C 4 0.25 0.83448555 0.05 0.04908739 2283.0 2683.0 40000680
C 4 0.25 0.93266032 0.05 0.04908739 2283.0 2683.0 40000681
C 4 0.25 1.03083509 0.05 0.04908739 2283.0 2683.0 40000682
C 4 0.25 1.12900986 0.05 0.04908739 2283.0 2683.0 40000683
C 4 0.25 1.22718463 0.05 0.04908739 2283.0 2683.0 40000684
C 4 0.25 1.3253594 0.05 0.04908739 2283.0 2683.0 40000685
C 4 0.25 1.42353417 0.05 0.04908739 2283.0 2683.0 40000686
C 4 0.25 1.52170894 0.05 0.04908739 2283.0 2683.0 40000687
C 4 0.25 1.61988371 0.05 0.04908739 2283.0 2683.0 40000688
C 4 0.25 1.71805848 0.05 0.04908739 2283.0 2683.0 40000689
C 4 0.25 1.81623325 0.05 0.04908739 2283.0 2683.0 40000690
C 4 0.25 1.91440802 0.05 0.04908739 2283.0 2683.0 40000691
C 4 0.25 2.01258279 0.05 0.04908739 2283.0 2683.0 40000692
C 4 0.25 2.11075756 0.05 0.04908739 2283.0 2683.0 40000693
C 4 0.25 2.20893233 0.05 0.04908739 2283.0 2683.0 40000694
C 4 0.25 2.3071071 0.05 0.04908739 2283.0 2683.0 40000695
C 4 0.25 2.40528188 0.05 0.04908739 2283.0 2683.0 40000696
C 4 0.25 2.50345665 0.05 0.04908739 2283.0 2683.0 40000697
C 4 0.25 2.60163142 0.05 0.04908739 2283.0 2683.0 40000698
C 4 0.25 2.69980619 0.05 0.04908739 2283.0 2683.0 40000699
C 4 0.25 2.79798096 0.05 0.04908739 2283.0 2683.0 40000700
C 4 0.25 2.89615573 0.05 0.04908739 2283.0 2683.0 40000701
C 4 0.25 2.9943305 0.05 0.04908739 2283.0 2683.0 40000702
C 4 0.25 3.09250527 0.05 0.04908739 2283.0 2683.0 40000703
C 4 0.35 -3.09250527 0.05 0.04908739 2283.0 2683.0 40000704
C 4 0.35 -2.9943305 0.05 0.04908739 2283.0 2683.0 40000705
C 4 0.35 -2.89615573 0.05 0.04908739 2283.0 2683.0 40000706
C 4 0.35 -2.79798096 0.05 0.04908739 2283.0 2683.0 40000707
C 4 0.35 -2.69980619 0.05 0.04908739 2283.0 2683.0 40000708
C 4 0.35 -2.60163142 0.05 0.04908739 2283.0 2683.0 40000709
C 4 0.35 -2.50345665 0.05 0.04908739 2283.0 2683.0 40000710
C 4 0.35 -2.40528188 0.05 0.04908739 2283.0 2683.0 40000711
C 4 0.35 -2.3071071 0.05 0.04908739 2283.0 2683.0 40000712
C 4 0.35 -2.20893233 0.05 0.04908739 2283.0 2683.0 40000713
C 4 0.35 -2.11075756 0.05 0.04908739 2283.0 2683.0 40000714
C 4 0.35 -2.01258279 0.05 0.04908739 2283.0 2683.0 40000715
C 4 0.35 -1.91440802 0.05 0.04908739 2283.0 2683.0 40000716
C 4 0.35 -1.81623325 0.05 0.04908739 2283.0 2683.0 40000717
C 4 0.35 -1.71805848 0.05 0.04908739 2283.0 2683.0 40000718
C 4 0.35 -1.61988371 0.05 0.04908739 2283.0 2683.0 40000719
C 4 0.35 -1.52170894 0.05 0.04908739 2283.0 2683.0 40000720
C 4 0.35 -1.42353417 0.05 0.04908739 2283.0 2683.0 40000721
C 4 0.35 -1.3253594 0.05 0.04908739 2283.0 2683.0 40000722
C 4 0.35 -1.22718463 0.05 0.04908739 2283.0 2683.0 40000723
C 4 0.35 -1.12900986 0.05 0.04908739 2283.0 2683.0 40000724
C 4 0.35 -1.03083509 0.05 0.04908739 2283.0 2683.0 40000725
C 4 0.35 -0.93266032 0.05 0.04908739 2283.0 2683.0 40000726
C 4 0.35 -0.83448555 0.05 0.04908739 2283.0 2683.0 40000727
C 4 0.35 -0.73631078 0.05 0.04908739 2283.0 2683.0 40000728
C 4 0.35 -0.63813601 0.05 0.04908739 2283.0 2683.0 40000729
C 4 0.35 -0.53996124 0.05 0.04908739 2283.0 2683.0 40000730
C 4 0.35 -0.44178647 0.05 0.04908739 2283.0 2683.0 40000731
C 4 0.35 -0.3436117 0.05 0.04908739 2283.0 2683.0 40000732
C 4 0.35 -0.24543693 0.05 0.04908739 2283.0 2683.0 40000733
C 4 0.35 -0.14726216 0.05 0.04908739 2283.0 2683.0 40000734
C 4 0.35 -0.04908739 0.05 0.04908739 2283.0 2683.0 40000735
C 4 0.35 0.04908739 0.05 0.04908739 2283.0 2683.0 40000736
C 4 0.35 0.14726216 0.05 0.04908739 2283.0 2683.0 40000737
C 4 0.35 0.24543693 0.05 0.04908739 2283.0 2683.0 40000738
C 4 0.35 0.3436117 0.05 0.04908739 2283.0 2683.0 40000739
C 4 0.35 0.44178647 0.05 0.04908739 2283.0 2683.0 40000740
C 4 0.35 0.53996124 0.05 0.04908739 2283.0 2683.0 40000741
C 4 0.35 0.63813601 0.05 0.04908739 2283.0 2683.0 40000742
C 4 0.35 0.73631078 0.05 0.04908739 2283.0 2683.0 40000743
C 4 0.35 0.83448555 0.05 0.04908739 2283.0 2683.0 40000744
C 4 0.35 0.93266032 0.05 0.04908739 2283.0 2683.0 40000745
C 4 0.35 1.03083509 0.05 0.04908739 2283.0 2683.0 40000746
C 4 0.35 1.12900986 0.05 0.04908739 2283.0 2683.0 40000747
C 4 0.35 1.22718463 0.05 0.04908739 2283.0 2683.0 40000748
C 4 0.35 1.3253594 0.05 0.04908739 2283.0 2683.0 40000749
C 4 0.35 1.42353417 0.05 0.04908739 2283.0 2683.0 40000750
C 4 0.35 1.52170894 0.05 0.04908739 2283.0 2683.0 40000751
C 4 0.35 1.61988371 0.05 0.04908739 2283.0 2683.0 40000752
C 4 0.35 1.71805848 0.05 0.04908739 2283.0 2683.0 40000753
C 4 0.35 1.81623325 0.05 0.04908739 2283.0 2683.0 40000754
C 4 0.35 1.91440802 0.05 0.04908739 2283.0 2683.0 40000755
C 4 0.35 2.01258279 0.05 0.04908739 2283.0 2683.0 40000756
C 4 0.35 2.11075756 0.05 0.04908739 2283.0 2683.0 40000757
C 4 0.35 2.20893233 0.05 0.04908739 2283.0 2683.0 40000758
C 4 0.35 2.3071071 0.05 0.04908739 2283.0 2683.0 40000759
C 4 0.35 2.40528188 0.05 0.04908739 2283.0 2683.0 40000760
C 4 0.35 2.50345665 0.05 0.04908739 2283.0 2683.0 40000761
C 4 0.35 2.60163142 0.05 0.04908739 2283.0 2683.0 40000762
C 4 0.35 2.69980619 0.05 0.04908739 2283.0 2683.0 40000763
C 4 0.35 2.79798096 0.05 0.04908739 2283.0 2683.0 40000764
C 4 0.35 2.89615573 0.05 0.04908739 2283.0 2683.0 40000765
C 4 0.35 2.9943305 0.05 0.04908739 2283.0 2683.0 40000766
C 4 0.35 3.09250527 0.05 0.04908739 2283.0 2683.0 40000767
C 4 0.45 -3.09250527 0.05 0.04908739 2283.0 2683.0 40000768
C 4 0.45 -2.9943305 0.05 0.04908739 2283.0 2683.0 40000769
C 4 0.45 -2.89615573 0.05 0.04908739 2283.0 2683.0 40000770
C 4 0.45 -2.79798096 0.05 0.04908739 2283.0 2683.0 40000771
C 4 0.45 -2.69980619 0.05 0.04908739 2283.0 2683.0 40000772
C 4 0.45 -2.60163142 0.05 0.04908739 2283.0 2683.0 40000773
C 4 0.45 -2.50345665 0.05 0.04908739 2283.0 2683.0 40000774
C 4 0.45 -2.40528188 0.05 0.04908739 2283.0 2683.0 40000775
C 4 0.45 -2.3071071 0.05 0.04908739 2283.0 2683.0 40000776
C 4 0.45 -2.20893233 0.05 0.04908739 2283.0 2683.0 40000777
C 4 0.45 -2.11075756 0.05 0.04908739 2283.0 2683.0 40000778
C 4 0.45 -2.01258279 0.05 0.04908739 2283.0 2683.0 40000779
C 4 0.45 -1.91440802 0.05 0.04908739 2283.0 2683.0 40000780
C 4 0.45 -1.81623325 0.05 0.04908739 2283.0 2683.0 40000781
C 4 0.45 -1.71805848 0.05 0.04908739 2283.0 2683.0 40000782
C 4 0.45 -1.61988371 0.05 0.04908739 2283.0 2683.0 40000783
C 4 0.45 -1.52170894 0.05 0.04908739 2283.0 2683.0 40000784
C 4 0.45 -1.42353417 0.05 0.04908739 2283.0 2683.0 40000785
C 4 0.45 -1.3253594 0.05 0.04908739 2283.0 2683.0 40000786
C 4 0.45 -1.22718463 0.05 0.04908739 2283.0 2683.0 40000787
C 4 0.45 -1.12900986 0.05 0.04908739 2283.0 2683.0 40000788
C 4 0.45 -1.03083509 0.05 0.04908739 2283.0 2683.0 40000789
C 4 0.45 -0.93266032 0.05 0.04908739 2283.0 2683.0 40000790
C 4 0.45 -0.83448555 0.05 0.04908739 2283.0 2683.0 40000791
C 4 0.45 -0.73631078 0.05 0.04908739 2283.0 2683.0 40000792
C 4 0.45 -0.63813601 0.05 0.04908739 2283.0 2683.0 40000793
C 4 0.45 -0.53996124 0.05 0.04908739 2283.0 2683.0 40000794
C 4 0.45 -0.44178647 0.05 0.04908739 2283.0 2683.0 40000795
C 4 0.45 -0.3436117 0.05 0.04908739 2283.0 2683.0 40000796
C 4 0.45 -0.24543693 0.05 0.04908739 2283.0 2683.0 40000797
C 4 0.45 -0.14726216 0.05 0.04908739 2283.0 2683.0 40000798
C 4 0.45 -0.04908739 0.05 0.04908739 2283.0 2683.0 40000799
C 4 0.45 0.04908739 0.05 0.04908739 2283.0 2683.0 40000800
C 4 0.45 0.14726216 0.05 0.04908739 2283.0 2683.0 40000801
C 4 0.45 0.24543693 0.05 0.04908739 2283.0 2683.0 40000802
C 4 0.45 0.3436117 0.05 0.04908739 2283.0 2683.0 40000803
C 4 0.45 0.44178647 0.05 0.04908739 2283.0 2683.0 40000804
C 4 0.45 0.53996124 0.05 0.04908739 2283.0 2683.0 40000805
C 4 0.45 0.63813601 0.05 0.04908739 2283.0 2683.0 40000806
C 4 0.45 0.73631078 0.05 0.04908739 2283.0 2683.0 40000807
C 4 0.45 0.83448555 0.05 0.04908739 2283.0 2683.0 40000808
C 4 0.45 0.93266032 0.05 0.04908739 2283.0 2683.0 40000809
C 4 0.45 1.03083509 0.05 0.04908739 2283.0 2683.0 40000810
C 4 0.45 1.12900986 0.05 0.04908739 2283.0 2683.0 40000811
C 4 0.45 1.22718463 0.05 0.04908739 2283.0 2683.0 40000812
C 4 0.45 1.3253594 0.05 0.04908739 2283.0 2683.0 40000813
C 4 0.45 1.42353417 0.05 0.04908739 2283.0 2683.0 40000814
C 4 0.45 1.52170894 0.05 0.04908739 2283.0 2683.0 40000815
C 4 0.45 1.61988371 0.05 0.04908739 2283.0 2683.0 40000816
C 4 0.45 1.71805848 0.05 0.04908739 2283.0 2683.0 40000817
C 4 0.45 1.81623325 0.05 0.04908739 2283.0 2683.0 40000818
C 4 0.45 1.91440802 0.05 0.04908739 2283.0 2683.0 40000819
C 4 0.45 2.01258279 0.05 0.04908739 2283.0 2683.0 40000820
C 4 0.45 2.11075756 0.05 0.04908739 2283.0 2683.0 40000821
C 4 0.45 2.20893233 0.05 0.04908739 2283.0 2683.0 40000822
C 4 0.45 2.3071071 0.05 0.04908739 2283.0 2683.0 40000823
C 4 0.45 2.40528188 0.05 0.04908739 2283.0 2683.0 40000824
C 4 0.45 2.50345665 0.05 0.04908739 2283.0 2683.0 40000825
C 4 0.45 2.60163142 0.05 0.04908739 2283.0 2683.0 40000826
C 4 0.45 2.69980619 0.05 0.04908739 2283.0 2683.0 40000827
C 4 0.45 2.79798096 0.05 0.04908739 2283.0 2683.0 40000828
C 4 0.45 2.89615573 0.05 0.04908739 2283.0 2683.0 40000829
C 4 0.45 2.9943305 0.05 0.04908739 2283.0 2683.0 40000830
C 4 0.45 3.09250527 0.05 0.04908739 2283.0 2683.0 40000831
C 4 0.55 -3.09250527 0.05 0.04908739 2283.0 2683.0 40000832
C 4 0.55 -2.9943305 0.05 0.04908739 2283.0 2683.0 40000833
C 4 0.55 -2.89615573 0.05 0.04908739 2283.0 2683.0 40000834
C 4 0.55 -2.79798096 0.05 0.04908739 2283.0 2683.0 40000835
C 4 0.55 -2.69980619 0.05 0.04908739 2283.0 2683.0 40000836
C 4 0.55 -2.60163142 0.05 0.04908739 2283.0 2683.0 40000837
C 4 0.55 -2.50345665 0.05 0.04908739 2283.0 2683.0 40000838
C 4 0.55 -2.40528188 0.05 0.04908739 2283.0 2683.0 40000839
C 4 0.55 -2.3071071 0.05 0.04908739 2283.0 2683.0 40000840
C 4 0.55 -2.20893233 0.05 0.04908739 2283.0 2683.0 40000841
C 4 0.55 -2.11075756 0.05 0.04908739 2283.0 2683.0 40000842
C 4 0.55 -2.01258279 0.05 0.04908739 2283.0 2683.0 40000843
C 4 0.55 -1.91440802 0.05 0.04908739 2283.0 2683.0 40000844
C 4 0.55 -1.81623325 0.05 0.04908739 2283.0 2683.0 40000845
C 4 0.55 -1.71805848 0.05 0.04908739 2283.0 2683.0 40000846
C 4 0.55 -1.61988371 0.05 0.04908739 2283.0 2683.0 40000847
C 4 0.55 -1.52170894 0.05 0.04908739 2283.0 2683.0 40000848
C 4 0.55 -1.42353417 0.05 0.04908739 2283.0 2683.0 40000849
C 4 0.55 -1.3253594 0.05 0.04908739 2283.0 2683.0 40000850
C 4 0.55 -1.22718463 0.05 0.04908739 2283.0 2683.0 40000851
C 4 0.55 -1.12900986 0.05 0.04908739 2283.0 2683.0 40000852
C 4 0.55 -1.03083509 0.05 0.04908739 2283.0 2683.0 40000853
C 4 0.55 -0.93266032 0.05 0.04908739 2283.0 2683.0 40000854
C 4 0.55 -0.83448555 0.05 0.04908739 2283.0 2683.0 40000855
C 4 0.55 -0.73631078 0.05 0.04908739 2283.0 2683.0 40000856
C 4 0.55 -0.63813601 0.05 0.04908739 2283.0 2683.0 40000857
C 4 0.55 -0.53996124 0.05 0.04908739 2283.0 2683.0 40000858
C 4 0.55 -0.44178647 0.05 0.04908739 2283.0 2683.0 40000859
C 4 0.55 -0.3436117 0.05 0.04908739 2283.0 2683.0 40000860
C 4 0.55 -0.24543693 0.05 0.04908739 2283.0 2683.0 40000861
C 4 0.55 -0.14726216 0.05 0.04908739 2283.0 2683.0 40000862
C 4 0.55 -0.04908739 0.05 0.04908739 2283.0 2683.0 40000863
C 4 0.55 0.04908739 0.05 0.04908739 2283.0 2683.0 40000864
C 4 0.55 0.14726216 0.05 0.04908739 2283.0 2683.0 40000865
C 4 0.55 0.24543693 0.05 0.04908739 2283.0 2683.0 40000866
C 4 0.55 0.3436117 0.05 0.04908739 2283.0 2683.0 40000867
C 4 0.55 0.44178647 0.05 0.04908739 2283.0 2683.0 40000868
C 4 0.55 0.53996124 0.05 0.04908739 2283.0 2683.0 40000869
C 4 0.55 0.63813601 0.05 0.04908739 2283.0 2683.0 40000870
C 4 0.55 0.73631078 0.05 0.04908739 2283.0 2683.0 40000871
C 4 0.55 0.83448555 0.05 0.04908739 2283.0 2683.0 40000872
C 4 0.55 0.93266032 0.05 0.04908739 2283.0 2683.0 40000873
C 4 0.55 1.03083509 0.05 0.04908739 2283.0 2683.0 40000874
C 4 0.55 1.12900986 0.05 0.04908739 2283.0 2683.0 40000875
C 4 0.55 1.22718463 0.05 0.04908739 2283.0 2683.0 40000876
C 4 0.55 1.3253594 0.05 0.04908739 2283.0 2683.0 40000877
C 4 0.55 1.42353417 0.05 0.04908739 2283.0 2683.0 40000878
C 4 0.55 1.52170894 0.05 0.04908739 2283.0 2683.0 40000879
C 4 0.55 1.61988371 0.05 0.04908739 2283.0 2683.0 40000880
C 4 0.55 1.71805848 0.05 0.04908739 2283.0 2683.0 40000881
C 4 0.55 1.81623325 0.05 0.04908739 2283.0 2683.0 40000882
C 4 0.55 1.91440802 0.05 0.04908739 2283.0 2683.0 40000883
C 4 0.55 2.01258279 0.05 0.04908739 2283.0 2683.0 40000884
C 4 0.55 2.11075756 0.05 0.04908739 2283.0 2683.0 40000885
C 4 0.55 2.20893233 0.05 0.04908739 2283.0 2683.0 40000886
C 4 0.55 2.3071071 0.05 0.04908739 2283.0 2683.0 40000887
C 4 0.55 2.40528188 0.05 0.04908739 2283.0 2683.0 40000888
C 4 0.55 2.50345665 0.05 0.04908739 2283.0 2683.0 40000889
C 4 0.55 2.60163142 0.05 0.04908739 2283.0 2683.0 40000890
C 4 0.55 2.69980619 0.05 0.04908739 2283.0 2683.0 40000891
C 4 0.55 2.79798096 0.05 0.04908739 2283.0 2683.0 40000892
C 4 0.55 2.89615573 0.05 0.04908739 2283.0 2683.0 40000893
C 4 0.55 2.9943305 0.05 0.04908739 2283.0 2683.0 40000894
C 4 0.55 3.09250527 0.05 0.04908739 2283.0 2683.0 40000895
C 4 0.65 -3.09250527 0.05 0.04908739 2283.0 2683.0 40000896
C 4 0.65 -2.9943305 0.05 0.04908739 2283.0 2683.0 40000897
C 4 0.65 -2.89615573 0.05 0.04908739 2283.0 2683.0 40000898
C 4 0.65 -2.79798096 0.05 0.04908739 2283.0 2683.0 40000899
C 4 0.65 -2.69980619 0.05 0.04908739 2283.0 2683.0 40000900
C 4 0.65 -2.60163142 0.05 0.04908739 2283.0 2683.0 40000901
C 4 0.65 -2.50345665 0.05 0.04908739 2283.0 2683.0 40000902
C 4 0.65 -2.40528188 0.05 0.04908739 2283.0 2683.0 40000903
C 4 0.65 -2.3071071 0.05 0.04908739 2283.0 2683.0 40000904
C 4 0.65 -2.20893233 0.05 0.04908739 2283.0 2683.0 40000905
C 4 0.65 -2.11075756 0.05 0.04908739 2283.0 2683.0 40000906
C 4 0.65 -2.01258279 0.05 0.04908739 2283.0 2683.0 40000907
C 4 0.65 -1.91440802 0.05 0.04908739 2283.0 2683.0 40000908
C 4 0.65 -1.81623325 0.05 0.04908739 2283.0 2683.0 40000909
C 4 0.65 -1.71805848 0.05 0.04908739 2283.0 2683.0 40000910
C 4 0.65 -1.61988371 0.05 0.04908739 2283.0 2683.0 40000911
C 4 0.65 -1.52170894 0.05 0.04908739 2283.0 2683.0 40000912
C 4 0.65 -1.42353417 0.05 0.04908739 2283.0 2683.0 40000913
C 4 0.65 -1.3253594 0.05 0.04908739 2283.0 2683.0 40000914
C 4 0.65 -1.22718463 0.05 0.04908739 2283.0 2683.0 40000915
C 4 0.65 -1.12900986 0.05 0.04908739 2283.0 2683.0 40000916
C 4 0.65 -1.03083509 0.05 0.04908739 2283.0 2683.0 40000917
C 4 0.65 -0.93266032 0.05 0.04908739 2283.0 2683.0 40000918
C 4 0.65 -0.83448555 0.05 0.04908739 2283.0 2683.0 40000919
C 4 0.65 -0.73631078 0.05 0.04908739 2283.0 2683.0 40000920
C 4 0.65 -0.63813601 0.05 0.04908739 2283.0 2683.0 40000921
C 4 0.65 -0.53996124 0.05 0.04908739 2283.0 2683.0 40000922
C 4 0.65 -0.44178647 0.05 0.04908739 2283.0 2683.0 40000923
C 4 0.65 -0.3436117 0.05 0.04908739 2283.0 2683.0 40000924
C 4 0.65 -0.24543693 0.05 0.04908739 2283.0 2683.0 40000925
C 4 0.65 -0.14726216 0.05 0.04908739 2283.0 2683.0 40000926
C 4 0.65 -0.04908739 0.05 0.04908739 2283.0 2683.0 40000927
C 4 0.65 0.04908739 0.05 0.04908739 2283.0 2683.0 40000928
C 4 0.65 0.14726216 0.05 0.04908739 2283.0 2683.0 40000929
C 4 0.65 0.24543693 0.05 0.04908739 2283.0 2683.0 40000930
C 4 0.65 0.3436117 0.05 0.04908739 2283.0 2683.0 40000931
C 4 0.65 0.44178647 0.05 0.04908739 2283.0 2683.0 40000932
C 4 0.65 0.53996124 0.05 0.04908739 2283.0 2683.0 40000933
C 4 0.65 0.63813601 0.05 0.04908739 2283.0 2683.0 40000934
C 4 0.65 0.73631078 0.05 0.04908739 2283.0 2683.0 40000935
C 4 0.65 0.83448555 0.05 0.04908739 2283.0 2683.0 40000936
C 4 0.65 0.93266032 0.05 0.04908739 2283.0 2683.0 40000937
C 4 0.65 1.03083509 0.05 0.04908739 2283.0 2683.0 40000938
C 4 0.65 1.12900986 0.05 0.04908739 2283.0 2683.0 40000939
C 4 0.65 1.22718463 0.05 0.04908739 2283.0 2683.0 40000940
C 4 0.65 1.3253594 0.05 0.04908739 2283.0 2683.0 40000941
C 4 0.65 1.42353417 0.05 0.04908739 2283.0 2683.0 40000942
C 4 0.65 1.52170894 0.05 0.04908739 2283.0 2683.0 40000943
C 4 0.65 1.61988371 0.05 0.04908739 2283.0 2683.0 40000944
C 4 0.65 1.71805848 0.05 0.04908739 2283.0 2683.0 40000945
C 4 0.65 1.81623325 0.05 0.04908739 2283.0 2683.0 40000946
C 4 0.65 1.91440802 0.05 0.04908739 2283.0 2683.0 40000947
C 4 0.65 2.01258279 0.05 0.04908739 2283.0 2683.0 40000948
C 4 0.65 2.11075756 0.05 0.04908739 2283.0 2683.0 40000949
C 4 0.65 2.20893233 0.05 0.04908739 2283.0 2683.0 40000950
C 4 0.65 2.3071071 0.05 0.04908739 2283.0 2683.0 40000951
C 4 0.65 2.40528188 0.05 0.04908739 2283.0 2683.0 40000952
C 4 0.65 2.50345665 0.05 0.04908739 2283.0 2683.0 40000953
C 4 0.65 2.60163142 0.05 0.04908739 2283.0 2683.0 40000954
C 4 0.65 2.69980619 0.05 0.04908739 2283.0 2683.0 40000955
C 4 0.65 2.79798096 0.05 0.04908739 2283.0 2683.0 40000956
C 4 0.65 2.89615573 0.05 0.04908739 2283.0 2683.0 40000957
C 4 0.65 2.9943305 0.05 0.04908739 2283.0 2683.0 40000958
C 4 0.65 3.09250527 0.05 0.04908739 2283.0 2683.0 40000959
C 4 0.75 -3.09250527 0.05 0.04908739 2283.0 2683.0 40000960
C 4 0.75 -2.9943305 0.05 0.04908739 2283.0 2683.0 40000961
C 4 0.75 -2.89615573 0.05 0.04908739 2283.0 2683.0 40000962
C 4 0.75 -2.79798096 0.05 0.04908739 2283.0 2683.0 40000963
C 4 0.75 -2.69980619 0.05 0.04908739 2283.0 2683.0 40000964
C 4 0.75 -2.60163142 0.05 0.04908739 2283.0 2683.0 40000965
C 4 0.75 -2.50345665 0.05 0.04908739 2283.0 2683.0 40000966
C 4 0.75 -2.40528188 0.05 0.04908739 2283.0 2683.0 40000967
C 4 0.75 -2.3071071 0.05 0.04908739 2283.0 2683.0 40000968
C 4 0.75 -2.20893233 0.05 0.04908739 2283.0 2683.0 40000969
C 4 0.75 -2.11075756 0.05 0.04908739 2283.0 2683.0 40000970
C 4 0.75 -2.01258279 0.05 0.04908739 2283.0 2683.0 40000971
C 4 0.75 -1.91440802 0.05 0.04908739 2283.0 2683.0 40000972
C 4 0.75 -1.81623325 0.05 0.04908739 2283.0 2683.0 40000973
C 4 0.75 -1.71805848 0.05 0.04908739 2283.0 2683.0 40000974
C 4 0.75 -1.61988371 0.05 0.04908739 2283.0 2683.0 40000975
C 4 0.75 -1.52170894 0.05 0.04908739 2283.0 2683.0 40000976
C 4 0.75 -1.42353417 0.05 0.04908739 2283.0 2683.0 40000977
C 4 0.75 -1.3253594 0.05 0.04908739 2283.0 2683.0 40000978
C 4 0.75 -1.22718463 0.05 0.04908739 2283.0 2683.0 40000979
C 4 0.75 -1.12900986 0.05 0.04908739 2283.0 2683.0 40000980
C 4 0.75 -1.03083509 0.05 0.04908739 2283.0 2683.0 40000981
C 4 0.75 -0.93266032 0.05 0.04908739 2283.0 2683.0 40000982
C 4 0.75 -0.83448555 0.05 0.04908739 2283.0 2683.0 40000983
C 4 0.75 -0.73631078 0.05 0.04908739 2283.0 2683.0 40000984
C 4 0.75 -0.63813601 0.05 0.04908739 2283.0 2683.0 40000985
C 4 0.75 -0.53996124 0.05 0.04908739 2283.0 2683.0 40000986
C 4 0.75 -0.44178647 0.05 0.04908739 2283.0 2683.0 40000987
C 4 0.75 -0.3436117 0.05 0.04908739 2283.0 2683.0 40000988
C 4 0.75 -0.24543693 0.05 0.04908739 2283.0 2683.0 40000989
C 4 0.75 -0.14726216 0.05 0.04908739 2283.0 2683.0 40000990
C 4 0.75 -0.04908739 0.05 0.04908739 2283.0 2683.0 40000991
C 4 0.75 0.04908739 0.05 0.04908739 2283.0 2683.0 40000992
C 4 0.75 0.14726216 0.05 0.04908739 2283.0 2683.0 40000993
C 4 0.75 0.24543693 0.05 0.04908739 2283.0 2683.0 40000994
C 4 0.75 0.3436117 0.05 0.04908739 2283.0 2683.0 40000995
C 4 0.75 0.44178647 0.05 0.04908739 2283.0 2683.0 40000996
C 4 0.75 0.53996124 0.05 0.04908739 2283.0 2683.0 40000997
C 4 0.75 0.63813601 0.05 0.04908739 2283.0 2683.0 40000998
C 4 0.75 0.73631078 0.05 0.04908739 2283.0 2683.0 40000999
C 4 0.75 0.83448555 0.05 0.04908739 2283.0 2683.0 40001000
C 4 0.75 0.93266032 0.05 0.04908739 2283.0 2683.0 40001001
C 4 0.75 1.03083509 0.05 0.04908739 2283.0 2683.0 40001002
C 4 0.75 1.12900986 0.05 0.04908739 2283.0 2683.0 40001003
C 4 0.75 1.22718463 0.05 0.04908739 2283.0 2683.0 40001004
C 4 0.75 1.3253594 0.05 0.04908739 2283.0 2683.0 40001005
C 4 0.75 1.42353417 0.05 0.04908739 2283.0 2683.0 40001006
C 4 0.75 1.52170894 0.05 0.04908739 2283.0 2683.0 40001007
C 4 0.75 1.61988371 0.05 0.04908739 2283.0 2683.0 40001008
C 4 0.75 1.71805848 0.05 0.04908739 2283.0 2683.0 40001009
C 4 0.75 1.81623325 0.05 0.04908739 2283.0 2683.0 40001010
C 4 0.75 1.91440802 0.05 0.04908739 2283.0 2683.0 40001011
C 4 0.75 2.01258279 0.05 0.04908739 2283.0 2683.0 40001012
C 4 0.75 2.11075756 0.05 0.04908739 2283.0 2683.0 40001013
C 4 0.75 2.20893233 0.05 0.04908739 2283.0 2683.0 40001014
C 4 0.75 2.3071071 0.05 0.04908739 2283.0 2683.0 40001015
C 4 0.75 2.40528188 0.05 0.04908739 2283.0 2683.0 40001016
C 4 0.75 2.50345665 0.05 0.04908739 2283.0 2683.0 40001017
C 4 0.75 2.60163142 0.05 0.04908739 2283.0 2683.0 40001018
C 4 0.75 2.69980619 0.05 0.04908739 2283.0 2683.0 40001019
C 4 0.75 2.79798096 0.05 0.04908739 2283.0 2683.0 40001020
C 4 0.75 2.89615573 0.05 0.04908739 2283.0 2683.0 40001021
C 4 0.75 2.9943305 0.05 0.04908739 2283.0 2683.0 40001022
C 4 0.75 3.09250527 0.05 0.04908739 2283.0 2683.0 40001023
