# sample segmentation eta phi delta_eta delta_phi rmin rmax zmin zmax
config 15 0 1.5 2.5 475.0 2030.0 5087.0 6056.5
eta_bins -2.5 -2.4 -2.3 -2.2 -2.1 -2.0 -1.9 -1.8 -1.7 -1.6 -1.5 1.5 1.6 1.7 1.8 1.9 2.0 2.1 2.2 2.3 2.4 2.5
phi_bins -3.1416 -3.0434 -2.9452 -2.8471 -2.7489 -2.6507 -2.5525 -2.4544 -2.3562 -2.258 -2.1598 -2.0617 -1.9635 -1.8653 -1.7671 -1.669 -1.5708 -1.4726 -1.3744 -1.2763 -1.1781 -1.0799 -0.9817 -0.8836 -0.7854 -0.6872 -0.589 -0.4909 -0.3927 -0.2945 -0.1963 -0.0982 0.0 0.0982 0.1963 0.2945 0.3927 0.4909 0.589 0.6872 0.7854 0.8836 0.9817 1.0799 1.1781 1.2763 1.3744 1.4726 1.5708 1.669 1.7671 1.8653 1.9635 2.0617 2.1598 2.258 2.3562 2.4544 2.5525 2.6507 2.7489 2.8471 2.9452 3.0434 3.1416
cell 15 -2.45 -3.09250527 0.1 0.09817477 475.0 2030.0 5087.0 6056.5 150000000
cell 15 -2.45 -2.9943305 0.1 0.09817477 475.0 2030.0 5087.0 6056.5 150000001
cell 15 -2.45 -2.89615573 0.1 0.09817477 475.0 2030.0 5087.0 6056.5 150000002
cell 15 -2.45 -2.79798096 0.1 0.09817477 475.0 2030.0 5087.0 6056.5 150000003
cell 15 -2.45 -2.69980619 0.1 0.09817477 475.0 2030.0 5087.0 6056.5 150000004
cell 15 -2.45 -2.60163142 0.1 0.09817477 475.0 2030.0 5087.0 6056.5 150000005
cell 15 -2.45 -2.50345665 0.1 0.09817477 475.0 2030.0 5087.0 6056.5 150000006
cell 15 -2.45 -2.40528188 0.1 0.09817477 475.0 2030.0 5087.0 6056.5 150000007
cell 15 -2.45 -2.3071071 0.1 0.09817477 475.0 2030.0 5087.0 6056.5 150000008
cell 15 -2.45 -2.20893233 0.1 0.09817477 475.0 2030.0 5087.0 6056.5 150000009
cell 15 -2.45 -2.11075756 0.1 0.09817477 475.0 2030.0 5087.0 6056.5 150000010
cell 15 -2.45 -2.01258279 0.1 0.09817477 475.0 2030.0 5087.0 6056.5 150000011
cell 15 -2.45 -1.91440802 0.1 0.09817477 475.0 2030.0 5087.0 6056.5 150000012
cell 15 -2.45 -1.81623325 0.1 0.09817477 475.0 2030.0 5087.0 6056.5 150000013
cell 15 -2.45 -1.71805848 0.1 0.09817477 475.0 2030.0 5087.0 6056.5 150000014
cell 15 -2.45 -1.61988371 0.1 0.09817477 475.0 2030.0 5087.0 6056.5 150000015
cell 15 -2.45 -1.52170894 0.1 0.09817477 475.0 2030.0 5087.0 6056.5 150000016
cell 15 -2.45 -1.42353417 0.1 0.09817477 475.0 2030.0 5087.0 6056.5 150000017
cell 15 -2.45 -1.3253594 0.1 0.09817477 475.0 2030.0 5087.0 6056.5 150000018
cell 15 -2.45 -1.22718463 0.1 0.09817477 475.0 2030.0 5087.0 6056.5 150000019
cell 15 -2.45 -1.12900986 0.1 0.09817477 475.0 2030.0 5087.0 6056.5 150000020
cell 15 -2.45 -1.03083509 0.1 0.09817477 475.0 2030.0 5087.0 6056.5 150000021
cell 15 -2.45 -0.93266032 0.1 0.09817477 475.0 2030.0 5087.0 6056.5 150000022
cell 15 -2.45 -0.83448555 0.1 0.09817477 475.0 2030.0 5087.0 6056.5 150000023
cell 15 -2.45 -0.73631078 0.1 0.09817477 475.0 2030.0 5087.0 6056.5 150000024
cell 15 -2.45 -0.63813601 0.1 0.09817477 475.0 2030.0 5087.0 6056.5 150000025
cell 15 -2.45 -0.53996124 0.1 0.09817477 475.0 2030.0 5087.0 6056.5 150000026
cell 15 -2.45 -0.44178647 0.1 0.09817477 475.0 2030.0 5087.0 6056.5 150000027
cell 15 -2.45 -0.3436117 0.1 0.09817477 475.0 2030.0 5087.0 6056.5 150000028
cell 15 -2.45 -0.24543693 0.1 0.09817477 475.0 2030.0 5087.0 6056.5 150000029
cell 15 -2.45 -0.14726216 0.1 0.09817477 475.0 2030.0 5087.0 6056.5 150000030
cell 15 -2.45 -0.04908739 0.1 0.09817477 475.0 2030.0 5087.0 6056.5 150000031
cell 15 -2.45 0.04908739 0.1 0.09817477 475.0 2030.0 5087.0 6056.5 150000032
cell 15 -2.45 0.14726216 0.1 0.09817477 475.0 2030.0 5087.0 6056.5 150000033
cell 15 -2.45 0.24543693 0.1 0.09817477 475.0 2030.0 5087.0 6056.5 150000034
cell 15 -2.45 0.3436117 0.1 0.09817477 475.0 2030.0 5087.0 6056.5 150000035
cell 15 -2.45 0.44178647 0.1 0.09817477 475.0 2030.0 5087.0 6056.5 150000036
cell 15 -2.45 0.53996124 0.1 0.09817477 475.0 2030.0 5087.0 6056.5 150000037
cell 15 -2.45 0.63813601 0.1 0.09817477 475.0 2030.0 5087.0 6056.5 150000038
cell 15 -2.45 0.73631078 0.1 0.09817477 475.0 2030.0 5087.0 6056.5 150000039
cell 15 -2.45 0.83448555 0.1 0.09817477 475.0 2030.0 5087.0 6056.5 150000040
cell 15 -2.45 0.93266032 0.1 0.09817477 475.0 2030.0 5087.0 6056.5 150000041
cell 15 -2.45 1.03083509 0.1 0.09817477 475.0 2030.0 5087.0 6056.5 150000042
cell 15 -2.45 1.12900986 0.1 0.09817477 475.0 2030.0 5087.0 6056.5 150000043
cell 15 -2.45 1.22718463 0.1 0.09817477 475.0 2030.0 5087.0 6056.5 150000044
cell 15 -2.45 1.3253594 0.1 0.09817477 475.0 2030.0 5087.0 6056.5 150000045
cell 15 -2.45 1.42353417 0.1 0.09817477 475.0 2030.0 5087.0 6056.5 150000046
cell 15 -2.45 1.52170894 0.1 0.09817477 475.0 2030.0 5087.0 6056.5 150000047
cell 15 -2.45 1.61988371 0.1 0.09817477 475.0 2030.0 5087.0 6056.5 150000048
cell 15 -2.45 1.71805848 0.1 0.09817477 475.0 2030.0 5087.0 6056.5 150000049
cell 15 -2.45 1.81623325 0.1 0.09817477 475.0 2030.0 5087.0 6056.5 150000050
cell 15 -2.45 1.91440802 0.1 0.09817477 475.0 2030.0 5087.0 6056.5 150000051
cell 15 -2.45 2.01258279 0.1 0.09817477 475.0 2030.0 5087.0 6056.5 150000052
cell 15 -2.45 2.11075756 0.1 0.09817477 475.0 2030.0 5087.0 6056.5 150000053
cell 15 -2.45 2.20893233 0.1 0.09817477 475.0 2030.0 5087.0 6056.5 150000054
cell 15 -2.45 2.3071071 0.1 0.09817477 475.0 2030.0 5087.0 6056.5 150000055
cell 15 -2.45 2.40528188 0.1 0.09817477 475.0 2030.0 5087.0 6056.5 150000056
cell 15 -2.45 2.50345665 0.1 0.09817477 475.0 2030.0 5087.0 6056.5 150000057
cell 15 -2.45 2.60163142 0.1 0.09817477 475.0 2030.0 5087.0 6056.5 150000058
cell 15 -2.45 2.69980619 0.1 0.09817477 475.0 2030.0 5087.0 6056.5 150000059
cell 15 -2.45 2.79798096 0.1 0.09817477 475.0 2030.0 5087.0 6056.5 150000060
cell 15 -2.45 2.89615573 0.1 0.09817477 475.0 2030.0 5087.0 6056.5 150000061
cell 15 -2.45 2.9943305 0.1 0.09817477 475.0 2030.0 5087.0 6056.5 150000062
cell 15 -2.45 3.09250527 0.1 0.09817477 475.0 2030.0 5087.0 6056.5 150000063
cell 15 -2.35 -3.09250527 0.1 0.09817477 475.0 2030.0 5087.0 6056.5 150000064
cell 15 -2.35 -2.9943305 0.1 0.09817477 475.0 2030.0 5087.0 6056.5 150000065
cell 15 -2.35 -2.89615573 0.1 0.09817477 475.0 2030.0 5087.0 6056.5 150000066
cell 15 -2.35 -2.79798096 0.1 0.09817477 475.0 2030.0 5087.0 6056.5 150000067
cell 15 -2.35 -2.69980619 0.1 0.09817477 475.0 2030.0 5087.0 6056.5 150000068
cell 15 -2.35 -2.60163142 0.1 0.09817477 475.0 2030.0 5087.0 6056.5 150000069
cell 15 -2.35 -2.50345665 0.1 0.09817477 475.0 2030.0 5087.0 6056.5 150000070
cell 15 -2.35 -2.40528188 0.1 0.09817477 475.0 2030.0 5087.0 6056.5 150000071
cell 15 -2.35 -2.3071071 0.1 0.09817477 475.0 2030.0 5087.0 6056.5 150000072
cell 15 -2.35 -2.20893233 0.1 0.09817477 475.0 2030.0 5087.0 6056.5 150000073
cell 15 -2.35 -2.11075756 0.1 0.09817477 475.0 2030.0 5087.0 6056.5 150000074
cell 15 -2.35 -2.01258279 0.1 0.09817477 475.0 2030.0 5087.0 6056.5 150000075
cell 15 -2.35 -1.91440802 0.1 0.09817477 475.0 2030.0 5087.0 6056.5 150000076
cell 15 -2.35 -1.81623325 0.1 0.09817477 475.0 2030.0 5087.0 6056.5 150000077
cell 15 -2.35 -1.71805848 0.1 0.09817477 475.0 2030.0 5087.0 6056.5 150000078
cell 15 -2.35 -1.61988371 0.1 0.09817477 475.0 2030.0 5087.0 6056.5 150000079
cell 15 -2.35 -1.52170894 0.1 0.09817477 475.0 2030.0 5087.0 6056.5 150000080
cell 15 -2.35 -1.42353417 0.1 0.09817477 475.0 2030.0 5087.0 6056.5 150000081
cell 15 -2.35 -1.3253594 0.1 0.09817477 475.0 2030.0 5087.0 6056.5 150000082
cell 15 -2.35 -1.22718463 0.1 0.09817477 475.0 2030.0 5087.0 6056.5 150000083
cell 15 -2.35 -1.12900986 0.1 0.09817477 475.0 2030.0 5087.0 6056.5 150000084
cell 15 -2.35 -1.03083509 0.1 0.09817477 475.0 2030.0 5087.0 6056.5 150000085
cell 15 -2.35 -0.93266032 0.1 0.09817477 475.0 2030.0 5087.0 6056.5 150000086
cell 15 -2.35 -0.83448555 0.1 0.09817477 475.0 2030.0 5087.0 6056.5 150000087
cell 15 -2.35 -0.73631078 0.1 0.09817477 475.0 2030.0 5087.0 6056.5 150000088
cell 15 -2.35 -0.63813601 0.1 0.09817477 475.0 2030.0 5087.0 6056.5 150000089
cell 15 -2.35 -0.53996124 0.1 0.09817477 475.0 2030.0 5087.0 6056.5 150000090
cell 15 -2.35 -0.44178647 0.1 0.09817477 475.0 2030.0 5087.0 6056.5 150000091
cell 15 -2.35 -0.3436117 0.1 0.09817477 475.0 2030.0 5087.0 6056.5 150000092
cell 15 -2.35 -0.24543693 0.1 0.09817477 475.0 2030.0 5087.0 6056.5 150000093
cell 15 -2.35 -0.14726216 0.1 0.09817477 475.0 2030.0 5087.0 6056.5 150000094
cell 15 -2.35 -0.04908739 0.1 0.09817477 475.0 2030.0 5087.0 6056.5 150000095
cell 15 -2.35 0.04908739 0.1 0.09817477 475.0 2030.0 5087.0 6056.5 150000096
cell 15 -2.35 0.14726216 0.1 0.09817477 475.0 2030.0 5087.0 6056.5 150000097
cell 15 -2.35 0.24543693 0.1 0.09817477 475.0 2030.0 5087.0 6056.5 150000098
cell 15 -2.35 0.3436117 0.1 0.09817477 475.0 2030.0 5087.0 6056.5 150000099
cell 15 -2.35 0.44178647 0.1 0.09817477 475.0 2030.0 5087.0 6056.5 150000100
cell 15 -2.35 0.53996124 0.1 0.09817477 475.0 2030.0 5087.0 6056.5 150000101
cell 15 -2.35 0.63813601 0.1 0.09817477 475.0 2030.0 5087.0 6056.5 150000102
cell 15 -2.35 0.73631078 0.1 0.09817477 475.0 2030.0 5087.0 6056.5 150000103
cell 15 -2.35 0.83448555 0.1 0.09817477 475.0 2030.0 5087.0 6056.5 150000104
cell 15 -2.35 0.93266032 0.1 0.09817477 475.0 2030.0 5087.0 6056.5 150000105
cell 15 -2.35 1.03083509 0.1 0.09817477 475.0 2030.0 5087.0 6056.5 150000106
cell 15 -2.35 1.12900986 0.1 0.09817477 475.0 2030.0 5087.0 6056.5 150000107
cell 15 -2.35 1.22718463 0.1 0.09817477 475.0 2030.0 5087.0 6056.5 150000108
cell 15 -2.35 1.3253594 0.1 0.09817477 475.0 2030.0 5087.0 6056.5 150000109
cell 15 -2.35 1.42353417 0.1 0.09817477 475.0 2030.0 5087.0 6056.5 150000110
cell 15 -2.35 1.52170894 0.1 0.09817477 475.0 2030.0 5087.0 6056.5 150000111
cell 15 -2.35 1.61988371 0.1 0.09817477 475.0 2030.0 5087.0 6056.5 150000112
cell 15 -2.35 1.71805848 0.1 0.09817477 475.0 2030.0 5087.0 6056.5 150000113
cell 15 -2.35 1.81623325 0.1 0.09817477 475.0 2030.0 5087.0 6056.5 150000114
cell 15 -2.35 1.91440802 0.1 0.09817477 475.0 2030.0 5087.0 6056.5 150000115
cell 15 -2.35 2.01258279 0.1 0.09817477 475.0 2030.0 5087.0 6056.5 150000116
cell 15 -2.35 2.11075756 0.1 0.09817477 475.0 2030.0 5087.0 6056.5 150000117
cell 15 -2.35 2.20893233 0.1 0.09817477 475.0 2030.0 5087.0 6056.5 150000118
cell 15 -2.35 2.3071071 0.1 0.09817477 475.0 2030.0 5087.0 6056.5 150000119
cell 15 -2.35 2.40528188 0.1 0.09817477 475.0 2030.0 5087.0 6056.5 150000120
cell 15 -2.35 2.50345665 0.1 0.09817477 475.0 2030.0 5087.0 6056.5 150000121
cell 15 -2.35 2.60163142 0.1 0.09817477 475.0 2030.0 5087.0 6056.5 150000122
cell 15 -2.35 2.69980619 0.1 0.09817477 475.0 2030.0 5087.0 6056.5 150000123
cell 15 -2.35 2.79798096 0.1 0.09817477 475.0 2030.0 5087.0 6056.5 150000124
cell 15 -2.35 2.89615573 0.1 0.09817477 475.0 2030.0 5087.0 6056.5 150000125
cell 15 -2.35 2.9943305 0.1 0.09817477 475.0 2030.0 5087.0 6056.5 150000126
cell 15 -2.35 3.09250527 0.1 0.09817477 475.0 2030.0 5087.0 6056.5 150000127
cell 15 -2.25 -3.09250527 0.1 0.09817477 475.0 2030.0 5087.0 6056.5 150000128
cell 15 -2.25 -2.9943305 0.1 0.09817477 475.0 2030.0 5087.0 6056.5 150000129
cell 15 -2.25 -2.89615573 0.1 0.09817477 475.0 2030.0 5087.0 6056.5 150000130
cell 15 -2.25 -2.79798096 0.1 0.09817477 475.0 2030.0 5087.0 6056.5 150000131
cell 15 -2.25 -2.69980619 0.1 0.09817477 475.0 2030.0 5087.0 6056.5 150000132
cell 15 -2.25 -2.60163142 0.1 0.09817477 475.0 2030.0 5087.0 6056.5 150000133
cell 15 -2.25 -2.50345665 0.1 0.09817477 475.0 2030.0 5087.0 6056.5 150000134
cell 15 -2.25 -2.40528188 0.1 0.09817477 475.0 2030.0 5087.0 6056.5 150000135
cell 15 -2.25 -2.3071071 0.1 0.09817477 475.0 2030.0 5087.0 6056.5 150000136
cell 15 -2.25 -2.20893233 0.1 0.09817477 475.0 2030.0 5087.0 6056.5 150000137
cell 15 -2.25 -2.11075756 0.1 0.09817477 475.0 2030.0 5087.0 6056.5 150000138
cell 15 -2.25 -2.01258279 0.1 0.09817477 475.0 2030.0 5087.0 6056.5 150000139
cell 15 -2.25 -1.91440802 0.1 0.09817477 475.0 2030.0 5087.0 6056.5 150000140
cell 15 -2.25 -1.81623325 0.1 0.09817477 475.0 2030.0 5087.0 6056.5 150000141
cell 15 -2.25 -1.71805848 0.1 0.09817477 475.0 2030.0 5087.0 6056.5 150000142
cell 15 -2.25 -1.61988371 0.1 0.09817477 475.0 2030.0 5087.0 6056.5 150000143
cell 15 -2.25 -1.52170894 0.1 0.09817477 475.0 2030.0 5087.0 6056.5 150000144
cell 15 -2.25 -1.42353417 0.1 0.09817477 475.0 2030.0 5087.0 6056.5 150000145
cell 15 -2.25 -1.3253594 0.1 0.09817477 475.0 2030.0 5087.0 6056.5 150000146
cell 15 -2.25 -1.22718463 0.1 0.09817477 475.0 2030.0 5087.0 6056.5 150000147
cell 15 -2.25 -1.12900986 0.1 0.09817477 475.0 2030.0 5087.0 6056.5 150000148
cell 15 -2.25 -1.03083509 0.1 0.09817477 475.0 2030.0 5087.0 6056.5 150000149
cell 15 -2.25 -0.93266032 0.1 0.09817477 475.0 2030.0 5087.0 6056.5 150000150
cell 15 -2.25 -0.83448555 0.1 0.09817477 475.0 2030.0 5087.0 6056.5 150000151
cell 15 -2.25 -0.73631078 0.1 0.09817477 475.0 2030.0 5087.0 6056.5 150000152
cell 15 -2.25 -0.63813601 0.1 0.09817477 475.0 2030.0 5087.0 6056.5 150000153
cell 15 -2.25 -0.53996124 0.1 0.09817477 475.0 2030.0 5087.0 6056.5 150000154
cell 15 -2.25 -0.44178647 0.1 0.09817477 475.0 2030.0 5087.0 6056.5 150000155
cell 15 -2.25 -0.3436117 0.1 0.09817477 475.0 2030.0 5087.0 6056.5 150000156
cell 15 -2.25 -0.24543693 0.1 0.09817477 475.0 2030.0 5087.0 6056.5 150000157
cell 15 -2.25 -0.14726216 0.1 0.09817477 475.0 2030.0 5087.0 6056.5 150000158
cell 15 -2.25 -0.04908739 0.1 0.09817477 475.0 2030.0 5087.0 6056.5 150000159
cell 15 -2.25 0.04908739 0.1 0.09817477 475.0 2030.0 5087.0 6056.5 150000160
cell 15 -2.25 0.14726216 0.1 0.09817477 475.0 2030.0 5087.0 6056.5 150000161
cell 15 -2.25 0.24543693 0.1 0.09817477 475.0 2030.0 5087.0 6056.5 150000162
cell 15 -2.25 0.3436117 0.1 0.09817477 475.0 2030.0 5087.0 6056.5 150000163
cell 15 -2.25 0.44178647 0.1 0.09817477 475.0 2030.0 5087.0 6056.5 150000164
cell 15 -2.25 0.53996124 0.1 0.09817477 475.0 2030.0 5087.0 6056.5 150000165
cell 15 -2.25 0.63813601 0.1 0.09817477 475.0 2030.0 5087.0 6056.5 150000166
cell 15 -2.25 0.73631078 0.1 0.09817477 475.0 2030.0 5087.0 6056.5 150000167
cell 15 -2.25 0.83448555 0.1 0.09817477 475.0 2030.0 5087.0 6056.5 150000168
cell 15 -2.25 0.93266032 0.1 0.09817477 475.0 2030.0 5087.0 6056.5 150000169
cell 15 -2.25 1.03083509 0.1 0.09817477 475.0 2030.0 5087.0 6056.5 150000170
cell 15 -2.25 1.12900986 0.1 0.09817477 475.0 2030.0 5087.0 6056.5 150000171
cell 15 -2.25 1.22718463 0.1 0.09817477 475.0 2030.0 5087.0 6056.5 150000172
cell 15 -2.25 1.3253594 0.1 0.09817477 475.0 2030.0 5087.0 6056.5 150000173
cell 15 -2.25 1.42353417 0.1 0.09817477 475.0 2030.0 5087.0 6056.5 150000174
cell 15 -2.25 1.52170894 0.1 0.09817477 475.0 2030.0 5087.0 6056.5 150000175
cell 15 -2.25 1.61988371 0.1 0.09817477 475.0 2030.0 5087.0 6056.5 150000176
cell 15 -2.25 1.71805848 0.1 0.09817477 475.0 2030.0 5087.0 6056.5 150000177
cell 15 -2.25 1.81623325 0.1 0.09817477 475.0 2030.0 5087.0 6056.5 150000178
cell 15 -2.25 1.91440802 0.1 0.09817477 475.0 2030.0 5087.0 6056.5 150000179
cell 15 -2.25 2.01258279 0.1 0.09817477 475.0 2030.0 5087.0 6056.5 150000180
cell 15 -2.25 2.11075756 0.1 0.09817477 475.0 2030.0 5087.0 6056.5 150000181
cell 15 -2.25 2.20893233 0.1 0.09817477 475.0 2030.0 5087.0 6056.5 150000182
cell 15 -2.25 2.3071071 0.1 0.09817477 475.0 2030.0 5087.0 6056.5 150000183
cell 15 -2.25 2.40528188 0.1 0.09817477 475.0 2030.0 5087.0 6056.5 150000184
cell 15 -2.25 2.50345665 0.1 0.09817477 475.0 2030.0 5087.0 6056.5 150000185
cell 15 -2.25 2.60163142 0.1 0.09817477 475.0 2030.0 5087.0 6056.5 150000186
cell 15 -2.25 2.69980619 0.1 0.09817477 475.0 2030.0 5087.0 6056.5 150000187
cell 15 -2.25 2.79798096 0.1 0.09817477 475.0 2030.0 5087.0 6056.5 150000188
cell 15 -2.25 2.89615573 0.1 0.09817477 475.0 2030.0 5087.0 6056.5 150000189
cell 15 -2.25 2.9943305 0.1 0.09817477 475.0 2030.0 5087.0 6056.5 150000190
cell 15 -2.25 3.09250527 0.1 0.09817477 475.0 2030.0 5087.0 6056.5 150000191
cell 15 -2.15 -3.09250527 0.1 0.09817477 475.0 2030.0 5087.0 6056.5 150000192
cell 15 -2.15 -2.9943305 0.1 0.09817477 475.0 2030.0 5087.0 6056.5 150000193
cell 15 -2.15 -2.89615573 0.1 0.09817477 475.0 2030.0 5087.0 6056.5 150000194
cell 15 -2.15 -2.79798096 0.1 0.09817477 475.0 2030.0 5087.0 6056.5 150000195
cell 15 -2.15 -2.69980619 0.1 0.09817477 475.0 2030.0 5087.0 6056.5 150000196
cell 15 -2.15 -2.60163142 0.1 0.09817477 475.0 2030.0 5087.0 6056.5 150000197
cell 15 -2.15 -2.50345665 0.1 0.09817477 475.0 2030.0 5087.0 6056.5 150000198
cell 15 -2.15 -2.40528188 0.1 0.09817477 475.0 2030.0 5087.0 6056.5 150000199
cell 15 -2.15 -2.3071071 0.1 0.09817477 475.0 2030.0 5087.0 6056.5 150000200
cell 15 -2.15 -2.20893233 0.1 0.09817477 475.0 2030.0 5087.0 6056.5 150000201
cell 15 -2.15 -2.11075756 0.1 0.09817477 475.0 2030.0 5087.0 6056.5 150000202
cell 15 -2.15 -2.01258279 0.1 0.09817477 475.0 2030.0 5087.0 6056.5 150000203
cell 15 -2.15 -1.91440802 0.1 0.09817477 475.0 2030.0 5087.0 6056.5 150000204
cell 15 -2.15 -1.81623325 0.1 0.09817477 475.0 2030.0 5087.0 6056.5 150000205
cell 15 -2.15 -1.71805848 0.1 0.09817477 475.0 2030.0 5087.0 6056.5 150000206
cell 15 -2.15 -1.61988371 0.1 0.09817477 475.0 2030.0 5087.0 6056.5 150000207
cell 15 -2.15 -1.52170894 0.1 0.09817477 475.0 2030.0 5087.0 6056.5 150000208
cell 15 -2.15 -1.42353417 0.1 0.09817477 475.0 2030.0 5087.0 6056.5 150000209
cell 15 -2.15 -1.3253594 0.1 0.09817477 475.0 2030.0 5087.0 6056.5 150000210
cell 15 -2.15 -1.22718463 0.1 0.09817477 475.0 2030.0 5087.0 6056.5 150000211
cell 15 -2.15 -1.12900986 0.1 0.09817477 475.0 2030.0 5087.0 6056.5 150000212
cell 15 -2.15 -1.03083509 0.1 0.09817477 475.0 2030.0 5087.0 6056.5 150000213
cell 15 -2.15 -0.93266032 0.1 0.09817477 475.0 2030.0 5087.0 6056.5 150000214
cell 15 -2.15 -0.83448555 0.1 0.09817477 475.0 2030.0 5087.0 6056.5 150000215
cell 15 -2.15 -0.73631078 0.1 0.09817477 475.0 2030.0 5087.0 6056.5 150000216
cell 15 -2.15 -0.63813601 0.1 0.09817477 475.0 2030.0 5087.0 6056.5 150000217
cell 15 -2.15 -0.53996124 0.1 0.09817477 475.0 2030.0 5087.0 6056.5 150000218
cell 15 -2.15 -0.44178647 0.1 0.09817477 475.0 2030.0 5087.0 6056.5 150000219
cell 15 -2.15 -0.3436117 0.1 0.09817477 475.0 2030.0 5087.0 6056.5 150000220
cell 15 -2.15 -0.24543693 0.1 0.09817477 475.0 2030.0 5087.0 6056.5 150000221
cell 15 -2.15 -0.14726216 0.1 0.09817477 475.0 2030.0 5087.0 6056.5 150000222
cell 15 -2.15 -0.04908739 0.1 0.09817477 475.0 2030.0 5087.0 6056.5 150000223
cell 15 -2.15 0.04908739 0.1 0.09817477 475.0 2030.0 5087.0 6056.5 150000224
cell 15 -2.15 0.14726216 0.1 0.09817477 475.0 2030.0 5087.0 6056.5 150000225
cell 15 -2.15 0.24543693 0.1 0.09817477 475.0 2030.0 5087.0 6056.5 150000226
cell 15 -2.15 0.3436117 0.1 0.09817477 475.0 2030.0 5087.0 6056.5 150000227
cell 15 -2.15 0.44178647 0.1 0.09817477 475.0 2030.0 5087.0 6056.5 150000228
cell 15 -2.15 0.53996124 0.1 0.09817477 475.0 2030.0 5087.0 6056.5 150000229
cell 15 -2.15 0.63813601 0.1 0.09817477 475.0 2030.0 5087.0 6056.5 150000230
cell 15 -2.15 0.73631078 0.1 0.09817477 475.0 2030.0 5087.0 6056.5 150000231
cell 15 -2.15 0.83448555 0.1 0.09817477 475.0 2030.0 5087.0 6056.5 150000232
cell 15 -2.15 0.93266032 0.1 0.09817477 475.0 2030.0 5087.0 6056.5 150000233
cell 15 -2.15 1.03083509 0.1 0.09817477 475.0 2030.0 5087.0 6056.5 150000234
cell 15 -2.15 1.12900986 0.1 0.09817477 475.0 2030.0 5087.0 6056.5 150000235
cell 15 -2.15 1.22718463 0.1 0.09817477 475.0 2030.0 5087.0 6056.5 150000236
cell 15 -2.15 1.3253594 0.1 0.09817477 475.0 2030.0 5087.0 6056.5 150000237
cell 15 -2.15 1.42353417 0.1 0.09817477 475.0 2030.0 5087.0 6056.5 150000238
cell 15 -2.15 1.52170894 0.1 0.09817477 475.0 2030.0 5087.0 6056.5 150000239
cell 15 -2.15 1.61988371 0.1 0.09817477 475.0 2030.0 5087.0 6056.5 150000240
cell 15 -2.15 1.71805848 0.1 0.09817477 475.0 2030.0 5087.0 6056.5 150000241
cell 15 -2.15 1.81623325 0.1 0.09817477 475.0 2030.0 5087.0 6056.5 150000242
cell 15 -2.15 1.91440802 0.1 0.09817477 475.0 2030.0 5087.0 6056.5 150000243
cell 15 -2.15 2.01258279 0.1 0.09817477 475.0 2030.0 5087.0 6056.5 150000244
cell 15 -2.15 2.11075756 0.1 0.09817477 475.0 2030.0 5087.0 6056.5 150000245
cell 15 -2.15 2.20893233 0.1 0.09817477 475.0 2030.0 5087.0 6056.5 150000246
cell 15 -2.15 2.3071071 0.1 0.09817477 475.0 2030.0 5087.0 6056.5 150000247
cell 15 -2.15 2.40528188 0.1 0.09817477 475.0 2030.0 5087.0 6056.5 150000248
cell 15 -2.15 2.50345665 0.1 0.09817477 475.0 2030.0 5087.0 6056.5 150000249
cell 15 -2.15 2.60163142 0.1 0.09817477 475.0 2030.0 5087.0 6056.5 150000250
cell 15 -2.15 2.69980619 0.1 0.09817477 475.0 2030.0 5087.0 6056.5 150000251
cell 15 -2.15 2.79798096 0.1 0.09817477 475.0 2030.0 5087.0 6056.5 150000252
cell 15 -2.15 2.89615573 0.1 0.09817477 475.0 2030.0 5087.0 6056.5 150000253
cell 15 -2.15 2.9943305 0.1 0.09817477 475.0 2030.0 5087.0 6056.5 150000254
cell 15 -2.15 3.09250527 0.1 0.09817477 475.0 2030.0 5087.0 6056.5 150000255
cell 15 -2.05 -3.09250527 0.1 0.09817477 475.0 2030.0 5087.0 6056.5 150000256
cell 15 -2.05 -2.9943305 0.1 0.09817477 475.0 2030.0 5087.0 6056.5 150000257
cell 15 -2.05 -2.89615573 0.1 0.09817477 475.0 2030.0 5087.0 6056.5 150000258
cell 15 -2.05 -2.79798096 0.1 0.09817477 475.0 2030.0 5087.0 6056.5 150000259
cell 15 -2.05 -2.69980619 0.1 0.09817477 475.0 2030.0 5087.0 6056.5 150000260
cell 15 -2.05 -2.60163142 0.1 0.09817477 475.0 2030.0 5087.0 6056.5 150000261
cell 15 -2.05 -2.50345665 0.1 0.09817477 475.0 2030.0 5087.0 6056.5 150000262
cell 15 -2.05 -2.40528188 0.1 0.09817477 475.0 2030.0 5087.0 6056.5 150000263
cell 15 -2.05 -2.3071071 0.1 0.09817477 475.0 2030.0 5087.0 6056.5 150000264
cell 15 -2.05 -2.20893233 0.1 0.09817477 475.0 2030.0 5087.0 6056.5 150000265
cell 15 -2.05 -2.11075756 0.1 0.09817477 475.0 2030.0 5087.0 6056.5 150000266
cell 15 -2.05 -2.01258279 0.1 0.09817477 475.0 2030.0 5087.0 6056.5 150000267
cell 15 -2.05 -1.91440802 0.1 0.09817477 475.0 2030.0 5087.0 6056.5 150000268
cell 15 -2.05 -1.81623325 0.1 0.09817477 475.0 2030.0 5087.0 6056.5 150000269
cell 15 -2.05 -1.71805848 0.1 0.09817477 475.0 2030.0 5087.0 6056.5 150000270
cell 15 -2.05 -1.61988371 0.1 0.09817477 475.0 2030.0 5087.0 6056.5 150000271
cell 15 -2.05 -1.52170894 0.1 0.09817477 475.0 2030.0 5087.0 6056.5 150000272
cell 15 -2.05 -1.42353417 0.1 0.09817477 475.0 2030.0 5087.0 6056.5 150000273
cell 15 -2.05 -1.3253594 0.1 0.09817477 475.0 2030.0 5087.0 6056.5 150000274
cell 15 -2.05 -1.22718463 0.1 0.09817477 475.0 2030.0 5087.0 6056.5 150000275
cell 15 -2.05 -1.12900986 0.1 0.09817477 475.0 2030.0 5087.0 6056.5 150000276
cell 15 -2.05 -1.03083509 0.1 0.09817477 475.0 2030.0 5087.0 6056.5 150000277
cell 15 -2.05 -0.93266032 0.1 0.09817477 475.0 2030.0 5087.0 6056.5 150000278
cell 15 -2.05 -0.83448555 0.1 0.09817477 475.0 2030.0 5087.0 6056.5 150000279
cell 15 -2.05 -0.73631078 0.1 0.09817477 475.0 2030.0 5087.0 6056.5 150000280
cell 15 -2.05 -0.63813601 0.1 0.09817477 475.0 2030.0 5087.0 6056.5 150000281
cell 15 -2.05 -0.53996124 0.1 0.09817477 475.0 2030.0 5087.0 6056.5 150000282
cell 15 -2.05 -0.44178647 0.1 0.09817477 475.0 2030.0 5087.0 6056.5 150000283
cell 15 -2.05 -0.3436117 0.1 0.09817477 475.0 2030.0 5087.0 6056.5 150000284
cell 15 -2.05 -0.24543693 0.1 0.09817477 475.0 2030.0 5087.0 6056.5 150000285
cell 15 -2.05 -0.14726216 0.1 0.09817477 475.0 2030.0 5087.0 6056.5 150000286
cell 15 -2.05 -0.04908739 0.1 0.09817477 475.0 2030.0 5087.0 6056.5 150000287
cell 15 -2.05 0.04908739 0.1 0.09817477 475.0 2030.0 5087.0 6056.5 150000288
cell 15 -2.05 0.14726216 0.1 0.09817477 475.0 2030.0 5087.0 6056.5 150000289
cell 15 -2.05 0.24543693 0.1 0.09817477 475.0 2030.0 5087.0 6056.5 150000290
cell 15 -2.05 0.3436117 0.1 0.09817477 475.0 2030.0 5087.0 6056.5 150000291
cell 15 -2.05 0.44178647 0.1 0.09817477 475.0 2030.0 5087.0 6056.5 150000292
cell 15 -2.05 0.53996124 0.1 0.09817477 475.0 2030.0 5087.0 6056.5 150000293
cell 15 -2.05 0.63813601 0.1 0.09817477 475.0 2030.0 5087.0 6056.5 150000294
cell 15 -2.05 0.73631078 0.1 0.09817477 475.0 2030.0 5087.0 6056.5 150000295
cell 15 -2.05 0.83448555 0.1 0.09817477 475.0 2030.0 5087.0 6056.5 150000296
cell 15 -2.05 0.93266032 0.1 0.09817477 475.0 2030.0 5087.0 6056.5 150000297
cell 15 -2.05 1.03083509 0.1 0.09817477 475.0 2030.0 5087.0 6056.5 150000298
cell 15 -2.05 1.12900986 0.1 0.09817477 475.0 2030.0 5087.0 6056.5 150000299
cell 15 -2.05 1.22718463 0.1 0.09817477 475.0 2030.0 5087.0 6056.5 150000300
cell 15 -2.05 1.3253594 0.1 0.09817477 475.0 2030.0 5087.0 6056.5 150000301
cell 15 -2.05 1.42353417 0.1 0.09817477 475.0 2030.0 5087.0 6056.5 150000302
cell 15 -2.05 1.52170894 0.1 0.09817477 475.0 2030.0 5087.0 6056.5 150000303
cell 15 -2.05 1.61988371 0.1 0.09817477 475.0 2030.0 5087.0 6056.5 150000304
cell 15 -2.05 1.71805848 0.1 0.09817477 475.0 2030.0 5087.0 6056.5 150000305
cell 15 -2.05 1.81623325 0.1 0.09817477 475.0 2030.0 5087.0 6056.5 150000306
cell 15 -2.05 1.91440802 0.1 0.09817477 475.0 2030.0 5087.0 6056.5 150000307
cell 15 -2.05 2.01258279 0.1 0.09817477 475.0 2030.0 5087.0 6056.5 150000308
cell 15 -2.05 2.11075756 0.1 0.09817477 475.0 2030.0 5087.0 6056.5 150000309
cell 15 -2.05 2.20893233 0.1 0.09817477 475.0 2030.0 5087.0 6056.5 150000310
cell 15 -2.05 2.3071071 0.1 0.09817477 475.0 2030.0 5087.0 6056.5 150000311
cell 15 -2.05 2.40528188 0.1 0.09817477 475.0 2030.0 5087.0 6056.5 150000312
cell 15 -2.05 2.50345665 0.1 0.09817477 475.0 2030.0 5087.0 6056.5 150000313
cell 15 -2.05 2.60163142 0.1 0.09817477 475.0 2030.0 5087.0 6056.5 150000314
cell 15 -2.05 2.69980619 0.1 0.09817477 475.0 2030.0 5087.0 6056.5 150000315
cell 15 -2.05 2.79798096 0.1 0.09817477 475.0 2030.0 5087.0 6056.5 150000316
cell 15 -2.05 2.89615573 0.1 0.09817477 475.0 2030.0 5087.0 6056.5 150000317
cell 15 -2.05 2.9943305 0.1 0.09817477 475.0 2030.0 5087.0 6056.5 150000318
cell 15 -2.05 3.09250527 0.1 0.09817477 475.0 2030.0 5087.0 6056.5 150000319
cell 15 -1.95 -3.09250527 0.1 0.09817477 475.0 2030.0 5087.0 6056.5 150000320
cell 15 -1.95 -2.9943305 0.1 0.09817477 475.0 2030.0 5087.0 6056.5 150000321
cell 15 -1.95 -2.89615573 0.1 0.09817477 475.0 2030.0 5087.0 6056.5 150000322
cell 15 -1.95 -2.79798096 0.1 0.09817477 475.0 2030.0 5087.0 6056.5 150000323
cell 15 -1.95 -2.69980619 0.1 0.09817477 475.0 2030.0 5087.0 6056.5 150000324
cell 15 -1.95 -2.60163142 0.1 0.09817477 475.0 2030.0 5087.0 6056.5 150000325
cell 15 -1.95 -2.50345665 0.1 0.09817477 475.0 2030.0 5087.0 6056.5 150000326
cell 15 -1.95 -2.40528188 0.1 0.09817477 475.0 2030.0 5087.0 6056.5 150000327
cell 15 -1.95 -2.3071071 0.1 0.09817477 475.0 2030.0 5087.0 6056.5 150000328
cell 15 -1.95 -2.20893233 0.1 0.09817477 475.0 2030.0 5087.0 6056.5 150000329
cell 15 -1.95 -2.11075756 0.1 0.09817477 475.0 2030.0 5087.0 6056.5 150000330
cell 15 -1.95 -2.01258279 0.1 0.09817477 475.0 2030.0 5087.0 6056.5 150000331
cell 15 -1.95 -1.91440802 0.1 0.09817477 475.0 2030.0 5087.0 6056.5 150000332
cell 15 -1.95 -1.81623325 0.1 0.09817477 475.0 2030.0 5087.0 6056.5 150000333
cell 15 -1.95 -1.71805848 0.1 0.09817477 475.0 2030.0 5087.0 6056.5 150000334
cell 15 -1.95 -1.61988371 0.1 0.09817477 475.0 2030.0 5087.0 6056.5 150000335
cell 15 -1.95 -1.52170894 0.1 0.09817477 475.0 2030.0 5087.0 6056.5 150000336
cell 15 -1.95 -1.42353417 0.1 0.09817477 475.0 2030.0 5087.0 6056.5 150000337
cell 15 -1.95 -1.3253594 0.1 0.09817477 475.0 2030.0 5087.0 6056.5 150000338
cell 15 -1.95 -1.22718463 0.1 0.09817477 475.0 2030.0 5087.0 6056.5 150000339
cell 15 -1.95 -1.12900986 0.1 0.09817477 475.0 2030.0 5087.0 6056.5 150000340
cell 15 -1.95 -1.03083509 0.1 0.09817477 475.0 2030.0 5087.0 6056.5 150000341
cell 15 -1.95 -0.93266032 0.1 0.09817477 475.0 2030.0 5087.0 6056.5 150000342
cell 15 -1.95 -0.83448555 0.1 0.09817477 475.0 2030.0 5087.0 6056.5 150000343
cell 15 -1.95 -0.73631078 0.1 0.09817477 475.0 2030.0 5087.0 6056.5 150000344
cell 15 -1.95 -0.63813601 0.1 0.09817477 475.0 2030.0 5087.0 6056.5 150000345
cell 15 -1.95 -0.53996124 0.1 0.09817477 475.0 2030.0 5087.0 6056.5 150000346
cell 15 -1.95 -0.44178647 0.1 0.09817477 475.0 2030.0 5087.0 6056.5 150000347
cell 15 -1.95 -0.3436117 0.1 0.09817477 475.0 2030.0 5087.0 6056.5 150000348
cell 15 -1.95 -0.24543693 0.1 0.09817477 475.0 2030.0 5087.0 6056.5 150000349
cell 15 -1.95 -0.14726216 0.1 0.09817477 475.0 2030.0 5087.0 6056.5 150000350
cell 15 -1.95 -0.04908739 0.1 0.09817477 475.0 2030.0 5087.0 6056.5 150000351
cell 15 -1.95 0.04908739 0.1 0.09817477 475.0 2030.0 5087.0 6056.5 150000352
cell 15 -1.95 0.14726216 0.1 0.09817477 475.0 2030.0 5087.0 6056.5 150000353
cell 15 -1.95 0.24543693 0.1 0.09817477 475.0 2030.0 5087.0 6056.5 150000354
cell 15 -1.95 0.3436117 0.1 0.09817477 475.0 2030.0 5087.0 6056.5 150000355
cell 15 -1.95 0.44178647 0.1 0.09817477 475.0 2030.0 5087.0 6056.5 150000356
cell 15 -1.95 0.53996124 0.1 0.09817477 475.0 2030.0 5087.0 6056.5 150000357
cell 15 -1.95 0.63813601 0.1 0.09817477 475.0 2030.0 5087.0 6056.5 150000358
cell 15 -1.95 0.73631078 0.1 0.09817477 475.0 2030.0 5087.0 6056.5 150000359
cell 15 -1.95 0.83448555 0.1 0.09817477 475.0 2030.0 5087.0 6056.5 150000360
cell 15 -1.95 0.93266032 0.1 0.09817477 475.0 2030.0 5087.0 6056.5 150000361
cell 15 -1.95 1.03083509 0.1 0.09817477 475.0 2030.0 5087.0 6056.5 150000362
cell 15 -1.95 1.12900986 0.1 0.09817477 475.0 2030.0 5087.0 6056.5 150000363
cell 15 -1.95 1.22718463 0.1 0.09817477 475.0 2030.0 5087.0 6056.5 150000364
cell 15 -1.95 1.3253594 0.1 0.09817477 475.0 2030.0 5087.0 6056.5 150000365
cell 15 -1.95 1.42353417 0.1 0.09817477 475.0 2030.0 5087.0 6056.5 150000366
cell 15 -1.95 1.52170894 0.1 0.09817477 475.0 2030.0 5087.0 6056.5 150000367
cell 15 -1.95 1.61988371 0.1 0.09817477 475.0 2030.0 5087.0 6056.5 150000368
cell 15 -1.95 1.71805848 0.1 0.09817477 475.0 2030.0 5087.0 6056.5 150000369
cell 15 -1.95 1.81623325 0.1 0.09817477 475.0 2030.0 5087.0 6056.5 150000370
cell 15 -1.95 1.91440802 0.1 0.09817477 475.0 2030.0 5087.0 6056.5 150000371
cell 15 -1.95 2.01258279 0.1 0.09817477 475.0 2030.0 5087.0 6056.5 150000372
cell 15 -1.95 2.11075756 0.1 0.09817477 475.0 2030.0 5087.0 6056.5 150000373
cell 15 -1.95 2.20893233 0.1 0.09817477 475.0 2030.0 5087.0 6056.5 150000374
cell 15 -1.95 2.3071071 0.1 0.09817477 475.0 2030.0 5087.0 6056.5 150000375
cell 15 -1.95 2.40528188 0.1 0.09817477 475.0 2030.0 5087.0 6056.5 150000376
cell 15 -1.95 2.50345665 0.1 0.09817477 475.0 2030.0 5087.0 6056.5 150000377
cell 15 -1.95 2.60163142 0.1 0.09817477 475.0 2030.0 5087.0 6056.5 150000378
cell 15 -1.95 2.69980619 0.1 0.09817477 475.0 2030.0 5087.0 6056.5 150000379
cell 15 -1.95 2.79798096 0.1 0.09817477 475.0 2030.0 5087.0 6056.5 150000380
cell 15 -1.95 2.89615573 0.1 0.09817477 475.0 2030.0 5087.0 6056.5 150000381
cell 15 -1.95 2.9943305 0.1 0.09817477 475.0 2030.0 5087.0 6056.5 150000382
cell 15 -1.95 3.09250527 0.1 0.09817477 475.0 2030.0 5087.0 6056.5 150000383
cell 15 -1.85 -3.09250527 0.1 0.09817477 475.0 2030.0 5087.0 6056.5 150000384
cell 15 -1.85 -2.9943305 0.1 0.09817477 475.0 2030.0 5087.0 6056.5 150000385
cell 15 -1.85 -2.89615573 0.1 0.09817477 475.0 2030.0 5087.0 6056.5 150000386
cell 15 -1.85 -2.79798096 0.1 0.09817477 475.0 2030.0 5087.0 6056.5 150000387
cell 15 -1.85 -2.69980619 0.1 0.09817477 475.0 2030.0 5087.0 6056.5 150000388
cell 15 -1.85 -2.60163142 0.1 0.09817477 475.0 2030.0 5087.0 6056.5 150000389
cell 15 -1.85 -2.50345665 0.1 0.09817477 475.0 2030.0 5087.0 6056.5 150000390
cell 15 -1.85 -2.40528188 0.1 0.09817477 475.0 2030.0 5087.0 6056.5 150000391
cell 15 -1.85 -2.3071071 0.1 0.09817477 475.0 2030.0 5087.0 6056.5 150000392
cell 15 -1.85 -2.20893233 0.1 0.09817477 475.0 2030.0 5087.0 6056.5 150000393
cell 15 -1.85 -2.11075756 0.1 0.09817477 475.0 2030.0 5087.0 6056.5 150000394
cell 15 -1.85 -2.01258279 0.1 0.09817477 475.0 2030.0 5087.0 6056.5 150000395
cell 15 -1.85 -1.91440802 0.1 0.09817477 475.0 2030.0 5087.0 6056.5 150000396
cell 15 -1.85 -1.81623325 0.1 0.09817477 475.0 2030.0 5087.0 6056.5 150000397
cell 15 -1.85 -1.71805848 0.1 0.09817477 475.0 2030.0 5087.0 6056.5 150000398
cell 15 -1.85 -1.61988371 0.1 0.09817477 475.0 2030.0 5087.0 6056.5 150000399
cell 15 -1.85 -1.52170894 0.1 0.09817477 475.0 2030.0 5087.0 6056.5 150000400
cell 15 -1.85 -1.42353417 0.1 0.09817477 475.0 2030.0 5087.0 6056.5 150000401
cell 15 -1.85 -1.3253594 0.1 0.09817477 475.0 2030.0 5087.0 6056.5 150000402
cell 15 -1.85 -1.22718463 0.1 0.09817477 475.0 2030.0 5087.0 6056.5 150000403
cell 15 -1.85 -1.12900986 0.1 0.09817477 475.0 2030.0 5087.0 6056.5 150000404
cell 15 -1.85 -1.03083509 0.1 0.09817477 475.0 2030.0 5087.0 6056.5 150000405
cell 15 -1.85 -0.93266032 0.1 0.09817477 475.0 2030.0 5087.0 6056.5 150000406
cell 15 -1.85 -0.83448555 0.1 0.09817477 475.0 2030.0 5087.0 6056.5 150000407
cell 15 -1.85 -0.73631078 0.1 0.09817477 475.0 2030.0 5087.0 6056.5 150000408
cell 15 -1.85 -0.63813601 0.1 0.09817477 475.0 2030.0 5087.0 6056.5 150000409
cell 15 -1.85 -0.53996124 0.1 0.09817477 475.0 2030.0 5087.0 6056.5 150000410
cell 15 -1.85 -0.44178647 0.1 0.09817477 475.0 2030.0 5087.0 6056.5 150000411
cell 15 -1.85 -0.3436117 0.1 0.09817477 475.0 2030.0 5087.0 6056.5 150000412
cell 15 -1.85 -0.24543693 0.1 0.09817477 475.0 2030.0 5087.0 6056.5 150000413
cell 15 -1.85 -0.14726216 0.1 0.09817477 475.0 2030.0 5087.0 6056.5 150000414
cell 15 -1.85 -0.04908739 0.1 0.09817477 475.0 2030.0 5087.0 6056.5 150000415
cell 15 -1.85 0.04908739 0.1 0.09817477 475.0 2030.0 5087.0 6056.5 150000416
cell 15 -1.85 0.14726216 0.1 0.09817477 475.0 2030.0 5087.0 6056.5 150000417
cell 15 -1.85 0.24543693 0.1 0.09817477 475.0 2030.0 5087.0 6056.5 150000418
cell 15 -1.85 0.3436117 0.1 0.09817477 475.0 2030.0 5087.0 6056.5 150000419
cell 15 -1.85 0.44178647 0.1 0.09817477 475.0 2030.0 5087.0 6056.5 150000420
cell 15 -1.85 0.53996124 0.1 0.09817477 475.0 2030.0 5087.0 6056.5 150000421
cell 15 -1.85 0.63813601 0.1 0.09817477 475.0 2030.0 5087.0 6056.5 150000422
cell 15 -1.85 0.73631078 0.1 0.09817477 475.0 2030.0 5087.0 6056.5 150000423
cell 15 -1.85 0.83448555 0.1 0.09817477 475.0 2030.0 5087.0 6056.5 150000424
cell 15 -1.85 0.93266032 0.1 0.09817477 475.0 2030.0 5087.0 6056.5 150000425
cell 15 -1.85 1.03083509 0.1 0.09817477 475.0 2030.0 5087.0 6056.5 150000426
cell 15 -1.85 1.12900986 0.1 0.09817477 475.0 2030.0 5087.0 6056.5 150000427
cell 15 -1.85 1.22718463 0.1 0.09817477 475.0 2030.0 5087.0 6056.5 150000428
cell 15 -1.85 1.3253594 0.1 0.09817477 475.0 2030.0 5087.0 6056.5 150000429
cell 15 -1.85 1.42353417 0.1 0.09817477 475.0 2030.0 5087.0 6056.5 150000430
cell 15 -1.85 1.52170894 0.1 0.09817477 475.0 2030.0 5087.0 6056.5 150000431
cell 15 -1.85 1.61988371 0.1 0.09817477 475.0 2030.0 5087.0 6056.5 150000432
cell 15 -1.85 1.71805848 0.1 0.09817477 475.0 2030.0 5087.0 6056.5 150000433
cell 15 -1.85 1.81623325 0.1 0.09817477 475.0 2030.0 5087.0 6056.5 150000434
cell 15 -1.85 1.91440802 0.1 0.09817477 475.0 2030.0 5087.0 6056.5 150000435
cell 15 -1.85 2.01258279 0.1 0.09817477 475.0 2030.0 5087.0 6056.5 150000436
cell 15 -1.85 2.11075756 0.1 0.09817477 475.0 2030.0 5087.0 6056.5 150000437
cell 15 -1.85 2.20893233 0.1 0.09817477 475.0 2030.0 5087.0 6056.5 150000438
cell 15 -1.85 2.3071071 0.1 0.09817477 475.0 2030.0 5087.0 6056.5 150000439
cell 15 -1.85 2.40528188 0.1 0.09817477 475.0 2030.0 5087.0 6056.5 150000440
cell 15 -1.85 2.50345665 0.1 0.09817477 475.0 2030.0 5087.0 6056.5 150000441
cell 15 -1.85 2.60163142 0.1 0.09817477 475.0 2030.0 5087.0 6056.5 150000442
cell 15 -1.85 2.69980619 0.1 0.09817477 475.0 2030.0 5087.0 6056.5 150000443
cell 15 -1.85 2.79798096 0.1 0.09817477 475.0 2030.0 5087.0 6056.5 150000444
cell 15 -1.85 2.89615573 0.1 0.09817477 475.0 2030.0 5087.0 6056.5 150000445
cell 15 -1.85 2.9943305 0.1 0.09817477 475.0 2030.0 5087.0 6056.5 150000446
cell 15 -1.85 3.09250527 0.1 0.09817477 475.0 2030.0 5087.0 6056.5 150000447
cell 15 -1.75 -3.09250527 0.1 0.09817477 475.0 2030.0 5087.0 6056.5 150000448
cell 15 -1.75 -2.9943305 0.1 0.09817477 475.0 2030.0 5087.0 6056.5 150000449
cell 15 -1.75 -2.89615573 0.1 0.09817477 475.0 2030.0 5087.0 6056.5 150000450
cell 15 -1.75 -2.79798096 0.1 0.09817477 475.0 2030.0 5087.0 6056.5 150000451
cell 15 -1.75 -2.69980619 0.1 0.09817477 475.0 2030.0 5087.0 6056.5 150000452
cell 15 -1.75 -2.60163142 0.1 0.09817477 475.0 2030.0 5087.0 6056.5 150000453
cell 15 -1.75 -2.50345665 0.1 0.09817477 475.0 2030.0 5087.0 6056.5 150000454
cell 15 -1.75 -2.40528188 0.1 0.09817477 475.0 2030.0 5087.0 6056.5 150000455
cell 15 -1.75 -2.3071071 0.1 0.09817477 475.0 2030.0 5087.0 6056.5 150000456
cell 15 -1.75 -2.20893233 0.1 0.09817477 475.0 2030.0 5087.0 6056.5 150000457
cell 15 -1.75 -2.11075756 0.1 0.09817477 475.0 2030.0 5087.0 6056.5 150000458
cell 15 -1.75 -2.01258279 0.1 0.09817477 475.0 2030.0 5087.0 6056.5 150000459
cell 15 -1.75 -1.91440802 0.1 0.09817477 475.0 2030.0 5087.0 6056.5 150000460
cell 15 -1.75 -1.81623325 0.1 0.09817477 475.0 2030.0 5087.0 6056.5 150000461
cell 15 -1.75 -1.71805848 0.1 0.09817477 475.0 2030.0 5087.0 6056.5 150000462
cell 15 -1.75 -1.61988371 0.1 0.09817477 475.0 2030.0 5087.0 6056.5 150000463
cell 15 -1.75 -1.52170894 0.1 0.09817477 475.0 2030.0 5087.0 6056.5 150000464
cell 15 -1.75 -1.42353417 0.1 0.09817477 475.0 2030.0 5087.0 6056.5 150000465
cell 15 -1.75 -1.3253594 0.1 0.09817477 475.0 2030.0 5087.0 6056.5 150000466
cell 15 -1.75 -1.22718463 0.1 0.09817477 475.0 2030.0 5087.0 6056.5 150000467
cell 15 -1.75 -1.12900986 0.1 0.09817477 475.0 2030.0 5087.0 6056.5 150000468
cell 15 -1.75 -1.03083509 0.1 0.09817477 475.0 2030.0 5087.0 6056.5 150000469
cell 15 -1.75 -0.93266032 0.1 0.09817477 475.0 2030.0 5087.0 6056.5 150000470
cell 15 -1.75 -0.83448555 0.1 0.09817477 475.0 2030.0 5087.0 6056.5 150000471
cell 15 -1.75 -0.73631078 0.1 0.09817477 475.0 2030.0 5087.0 6056.5 150000472
cell 15 -1.75 -0.63813601 0.1 0.09817477 475.0 2030.0 5087.0 6056.5 150000473
cell 15 -1.75 -0.53996124 0.1 0.09817477 475.0 2030.0 5087.0 6056.5 150000474
cell 15 -1.75 -0.44178647 0.1 0.09817477 475.0 2030.0 5087.0 6056.5 150000475
cell 15 -1.75 -0.3436117 0.1 0.09817477 475.0 2030.0 5087.0 6056.5 150000476
cell 15 -1.75 -0.24543693 0.1 0.09817477 475.0 2030.0 5087.0 6056.5 150000477
cell 15 -1.75 -0.14726216 0.1 0.09817477 475.0 2030.0 5087.0 6056.5 150000478
cell 15 -1.75 -0.04908739 0.1 0.09817477 475.0 2030.0 5087.0 6056.5 150000479
cell 15 -1.75 0.04908739 0.1 0.09817477 475.0 2030.0 5087.0 6056.5 150000480
cell 15 -1.75 0.14726216 0.1 0.09817477 475.0 2030.0 5087.0 6056.5 150000481
cell 15 -1.75 0.24543693 0.1 0.09817477 475.0 2030.0 5087.0 6056.5 150000482
cell 15 -1.75 0.3436117 0.1 0.09817477 475.0 2030.0 5087.0 6056.5 150000483
cell 15 -1.75 0.44178647 0.1 0.09817477 475.0 2030.0 5087.0 6056.5 150000484
cell 15 -1.75 0.53996124 0.1 0.09817477 475.0 2030.0 5087.0 6056.5 150000485
cell 15 -1.75 0.63813601 0.1 0.09817477 475.0 2030.0 5087.0 6056.5 150000486
cell 15 -1.75 0.73631078 0.1 0.09817477 475.0 2030.0 5087.0 6056.5 150000487
cell 15 -1.75 0.83448555 0.1 0.09817477 475.0 2030.0 5087.0 6056.5 150000488
cell 15 -1.75 0.93266032 0.1 0.09817477 475.0 2030.0 5087.0 6056.5 150000489
cell 15 -1.75 1.03083509 0.1 0.09817477 475.0 2030.0 5087.0 6056.5 150000490
cell 15 -1.75 1.12900986 0.1 0.09817477 475.0 2030.0 5087.0 6056.5 150000491
cell 15 -1.75 1.22718463 0.1 0.09817477 475.0 2030.0 5087.0 6056.5 150000492
cell 15 -1.75 1.3253594 0.1 0.09817477 475.0 2030.0 5087.0 6056.5 150000493
cell 15 -1.75 1.42353417 0.1 0.09817477 475.0 2030.0 5087.0 6056.5 150000494
cell 15 -1.75 1.52170894 0.1 0.09817477 475.0 2030.0 5087.0 6056.5 150000495
cell 15 -1.75 1.61988371 0.1 0.09817477 475.0 2030.0 5087.0 6056.5 150000496
cell 15 -1.75 1.71805848 0.1 0.09817477 475.0 2030.0 5087.0 6056.5 150000497
cell 15 -1.75 1.81623325 0.1 0.09817477 475.0 2030.0 5087.0 6056.5 150000498
cell 15 -1.75 1.91440802 0.1 0.09817477 475.0 2030.0 5087.0 6056.5 150000499
cell 15 -1.75 2.01258279 0.1 0.09817477 475.0 2030.0 5087.0 6056.5 150000500
cell 15 -1.75 2.11075756 0.1 0.09817477 475.0 2030.0 5087.0 6056.5 150000501
cell 15 -1.75 2.20893233 0.1 0.09817477 475.0 2030.0 5087.0 6056.5 150000502
cell 15 -1.75 2.3071071 0.1 0.09817477 475.0 2030.0 5087.0 6056.5 150000503
cell 15 -1.75 2.40528188 0.1 0.09817477 475.0 2030.0 5087.0 6056.5 150000504
cell 15 -1.75 2.50345665 0.1 0.09817477 475.0 2030.0 5087.0 6056.5 150000505
cell 15 -1.75 2.60163142 0.1 0.09817477 475.0 2030.0 5087.0 6056.5 150000506
cell 15 -1.75 2.69980619 0.1 0.09817477 475.0 2030.0 5087.0 6056.5 150000507
cell 15 -1.75 2.79798096 0.1 0.09817477 475.0 2030.0 5087.0 6056.5 150000508
cell 15 -1.75 2.89615573 0.1 0.09817477 475.0 2030.0 5087.0 6056.5 150000509
cell 15 -1.75 2.9943305 0.1 0.09817477 475.0 2030.0 5087.0 6056.5 150000510
cell 15 -1.75 3.09250527 0.1 0.09817477 475.0 2030.0 5087.0 6056.5 150000511
cell 15 -1.65 -3.09250527 0.1 0.09817477 475.0 2030.0 5087.0 6056.5 150000512
cell 15 -1.65 -2.9943305 0.1 0.09817477 475.0 2030.0 5087.0 6056.5 150000513
cell 15 -1.65 -2.89615573 0.1 0.09817477 475.0 2030.0 5087.0 6056.5 150000514
cell 15 -1.65 -2.79798096 0.1 0.09817477 475.0 2030.0 5087.0 6056.5 150000515
cell 15 -1.65 -2.69980619 0.1 0.09817477 475.0 2030.0 5087.0 6056.5 150000516
cell 15 -1.65 -2.60163142 0.1 0.09817477 475.0 2030.0 5087.0 6056.5 150000517
cell 15 -1.65 -2.50345665 0.1 0.09817477 475.0 2030.0 5087.0 6056.5 150000518
cell 15 -1.65 -2.40528188 0.1 0.09817477 475.0 2030.0 5087.0 6056.5 150000519
cell 15 -1.65 -2.3071071 0.1 0.09817477 475.0 2030.0 5087.0 6056.5 150000520
cell 15 -1.65 -2.20893233 0.1 0.09817477 475.0 2030.0 5087.0 6056.5 150000521
cell 15 -1.65 -2.11075756 0.1 0.09817477 475.0 2030.0 5087.0 6056.5 150000522
cell 15 -1.65 -2.01258279 0.1 0.09817477 475.0 2030.0 5087.0 6056.5 150000523
cell 15 -1.65 -1.91440802 0.1 0.09817477 475.0 2030.0 5087.0 6056.5 150000524
cell 15 -1.65 -1.81623325 0.1 0.09817477 475.0 2030.0 5087.0 6056.5 150000525
cell 15 -1.65 -1.71805848 0.1 0.09817477 475.0 2030.0 5087.0 6056.5 150000526
cell 15 -1.65 -1.61988371 0.1 0.09817477 475.0 2030.0 5087.0 6056.5 150000527
cell 15 -1.65 -1.52170894 0.1 0.09817477 475.0 2030.0 5087.0 6056.5 150000528
cell 15 -1.65 -1.42353417 0.1 0.09817477 475.0 2030.0 5087.0 6056.5 150000529
cell 15 -1.65 -1.3253594 0.1 0.09817477 475.0 2030.0 5087.0 6056.5 150000530
cell 15 -1.65 -1.22718463 0.1 0.09817477 475.0 2030.0 5087.0 6056.5 150000531
cell 15 -1.65 -1.12900986 0.1 0.09817477 475.0 2030.0 5087.0 6056.5 150000532
cell 15 -1.65 -1.03083509 0.1 0.09817477 475.0 2030.0 5087.0 6056.5 150000533
cell 15 -1.65 -0.93266032 0.1 0.09817477 475.0 2030.0 5087.0 6056.5 150000534
cell 15 -1.65 -0.83448555 0.1 0.09817477 475.0 2030.0 5087.0 6056.5 150000535
cell 15 -1.65 -0.73631078 0.1 0.09817477 475.0 2030.0 5087.0 6056.5 150000536
cell 15 -1.65 -0.63813601 0.1 0.09817477 475.0 2030.0 5087.0 6056.5 150000537
cell 15 -1.65 -0.53996124 0.1 0.09817477 475.0 2030.0 5087.0 6056.5 150000538
cell 15 -1.65 -0.44178647 0.1 0.09817477 475.0 2030.0 5087.0 6056.5 150000539
cell 15 -1.65 -0.3436117 0.1 0.09817477 475.0 2030.0 5087.0 6056.5 150000540
cell 15 -1.65 -0.24543693 0.1 0.09817477 475.0 2030.0 5087.0 6056.5 150000541
cell 15 -1.65 -0.14726216 0.1 0.09817477 475.0 2030.0 5087.0 6056.5 150000542
cell 15 -1.65 -0.04908739 0.1 0.09817477 475.0 2030.0 5087.0 6056.5 150000543
cell 15 -1.65 0.04908739 0.1 0.09817477 475.0 2030.0 5087.0 6056.5 150000544
cell 15 -1.65 0.14726216 0.1 0.09817477 475.0 2030.0 5087.0 6056.5 150000545
cell 15 -1.65 0.24543693 0.1 0.09817477 475.0 2030.0 5087.0 6056.5 150000546
cell 15 -1.65 0.3436117 0.1 0.09817477 475.0 2030.0 5087.0 6056.5 150000547
cell 15 -1.65 0.44178647 0.1 0.09817477 475.0 2030.0 5087.0 6056.5 150000548
cell 15 -1.65 0.53996124 0.1 0.09817477 475.0 2030.0 5087.0 6056.5 150000549
cell 15 -1.65 0.63813601 0.1 0.09817477 475.0 2030.0 5087.0 6056.5 150000550
cell 15 -1.65 0.73631078 0.1 0.09817477 475.0 2030.0 5087.0 6056.5 150000551
cell 15 -1.65 0.83448555 0.1 0.09817477 475.0 2030.0 5087.0 6056.5 150000552
cell 15 -1.65 0.93266032 0.1 0.09817477 475.0 2030.0 5087.0 6056.5 150000553
cell 15 -1.65 1.03083509 0.1 0.09817477 475.0 2030.0 5087.0 6056.5 150000554
cell 15 -1.65 1.12900986 0.1 0.09817477 475.0 2030.0 5087.0 6056.5 150000555
cell 15 -1.65 1.22718463 0.1 0.09817477 475.0 2030.0 5087.0 6056.5 150000556
cell 15 -1.65 1.3253594 0.1 0.09817477 475.0 2030.0 5087.0 6056.5 150000557
cell 15 -1.65 1.42353417 0.1 0.09817477 475.0 2030.0 5087.0 6056.5 150000558
cell 15 -1.65 1.52170894 0.1 0.09817477 475.0 2030.0 5087.0 6056.5 150000559
cell 15 -1.65 1.61988371 0.1 0.09817477 475.0 2030.0 5087.0 6056.5 150000560
cell 15 -1.65 1.71805848 0.1 0.09817477 475.0 2030.0 5087.0 6056.5 150000561
cell 15 -1.65 1.81623325 0.1 0.09817477 475.0 2030.0 5087.0 6056.5 150000562
cell 15 -1.65 1.91440802 0.1 0.09817477 475.0 2030.0 5087.0 6056.5 150000563
cell 15 -1.65 2.01258279 0.1 0.09817477 475.0 2030.0 5087.0 6056.5 150000564
cell 15 -1.65 2.11075756 0.1 0.09817477 475.0 2030.0 5087.0 6056.5 150000565
cell 15 -1.65 2.20893233 0.1 0.09817477 475.0 2030.0 5087.0 6056.5 150000566
cell 15 -1.65 2.3071071 0.1 0.09817477 475.0 2030.0 5087.0 6056.5 150000567
cell 15 -1.65 2.40528188 0.1 0.09817477 475.0 2030.0 5087.0 6056.5 150000568
cell 15 -1.65 2.50345665 0.1 0.09817477 475.0 2030.0 5087.0 6056.5 150000569
cell 15 -1.65 2.60163142 0.1 0.09817477 475.0 2030.0 5087.0 6056.5 150000570
cell 15 -1.65 2.69980619 0.1 0.09817477 475.0 2030.0 5087.0 6056.5 150000571
cell 15 -1.65 2.79798096 0.1 0.09817477 475.0 2030.0 5087.0 6056.5 150000572
cell 15 -1.65 2.89615573 0.1 0.09817477 475.0 2030.0 5087.0 6056.5 150000573
cell 15 -1.65 2.9943305 0.1 0.09817477 475.0 2030.0 5087.0 6056.5 150000574
cell 15 -1.65 3.09250527 0.1 0.09817477 475.0 2030.0 5087.0 6056.5 150000575
cell 15 -1.55 -3.09250527 0.1 0.09817477 475.0 2030.0 5087.0 6056.5 150000576
cell 15 -1.55 -2.9943305 0.1 0.09817477 475.0 2030.0 5087.0 6056.5 150000577
cell 15 -1.55 -2.89615573 0.1 0.09817477 475.0 2030.0 5087.0 6056.5 150000578
cell 15 -1.55 -2.79798096 0.1 0.09817477 475.0 2030.0 5087.0 6056.5 150000579
cell 15 -1.55 -2.69980619 0.1 0.09817477 475.0 2030.0 5087.0 6056.5 150000580
cell 15 -1.55 -2.60163142 0.1 0.09817477 475.0 2030.0 5087.0 6056.5 150000581
cell 15 -1.55 -2.50345665 0.1 0.09817477 475.0 2030.0 5087.0 6056.5 150000582
cell 15 -1.55 -2.40528188 0.1 0.09817477 475.0 2030.0 5087.0 6056.5 150000583
cell 15 -1.55 -2.3071071 0.1 0.09817477 475.0 2030.0 5087.0 6056.5 150000584
cell 15 -1.55 -2.20893233 0.1 0.09817477 475.0 2030.0 5087.0 6056.5 150000585
cell 15 -1.55 -2.11075756 0.1 0.09817477 475.0 2030.0 5087.0 6056.5 150000586
cell 15 -1.55 -2.01258279 0.1 0.09817477 475.0 2030.0 5087.0 6056.5 150000587
cell 15 -1.55 -1.91440802 0.1 0.09817477 475.0 2030.0 5087.0 6056.5 150000588
cell 15 -1.55 -1.81623325 0.1 0.09817477 475.0 2030.0 5087.0 6056.5 150000589
cell 15 -1.55 -1.71805848 0.1 0.09817477 475.0 2030.0 5087.0 6056.5 150000590
cell 15 -1.55 -1.61988371 0.1 0.09817477 475.0 2030.0 5087.0 6056.5 150000591
cell 15 -1.55 -1.52170894 0.1 0.09817477 475.0 2030.0 5087.0 6056.5 150000592
cell 15 -1.55 -1.42353417 0.1 0.09817477 475.0 2030.0 5087.0 6056.5 150000593
cell 15 -1.55 -1.3253594 0.1 0.09817477 475.0 2030.0 5087.0 6056.5 150000594
cell 15 -1.55 -1.22718463 0.1 0.09817477 475.0 2030.0 5087.0 6056.5 150000595
cell 15 -1.55 -1.12900986 0.1 0.09817477 475.0 2030.0 5087.0 6056.5 150000596
cell 15 -1.55 -1.03083509 0.1 0.09817477 475.0 2030.0 5087.0 6056.5 150000597
cell 15 -1.55 -0.93266032 0.1 0.09817477 475.0 2030.0 5087.0 6056.5 150000598
cell 15 -1.55 -0.83448555 0.1 0.09817477 475.0 2030.0 5087.0 6056.5 150000599
cell 15 -1.55 -0.73631078 0.1 0.09817477 475.0 2030.0 5087.0 6056.5 150000600
cell 15 -1.55 -0.63813601 0.1 0.09817477 475.0 2030.0 5087.0 6056.5 150000601
cell 15 -1.55 -0.53996124 0.1 0.09817477 475.0 2030.0 5087.0 6056.5 150000602
cell 15 -1.55 -0.44178647 0.1 0.09817477 475.0 2030.0 5087.0 6056.5 150000603
cell 15 -1.55 -0.3436117 0.1 0.09817477 475.0 2030.0 5087.0 6056.5 150000604
cell 15 -1.55 -0.24543693 0.1 0.09817477 475.0 2030.0 5087.0 6056.5 150000605
cell 15 -1.55 -0.14726216 0.1 0.09817477 475.0 2030.0 5087.0 6056.5 150000606
cell 15 -1.55 -0.04908739 0.1 0.09817477 475.0 2030.0 5087.0 6056.5 150000607
cell 15 -1.55 0.04908739 0.1 0.09817477 475.0 2030.0 5087.0 6056.5 150000608
cell 15 -1.55 0.14726216 0.1 0.09817477 475.0 2030.0 5087.0 6056.5 150000609
cell 15 -1.55 0.24543693 0.1 0.09817477 475.0 2030.0 5087.0 6056.5 150000610
cell 15 -1.55 0.3436117 0.1 0.09817477 475.0 2030.0 5087.0 6056.5 150000611
cell 15 -1.55 0.44178647 0.1 0.09817477 475.0 2030.0 5087.0 6056.5 150000612
cell 15 -1.55 0.53996124 0.1 0.09817477 475.0 2030.0 5087.0 6056.5 150000613
cell 15 -1.55 0.63813601 0.1 0.09817477 475.0 2030.0 5087.0 6056.5 150000614
cell 15 -1.55 0.73631078 0.1 0.09817477 475.0 2030.0 5087.0 6056.5 150000615
cell 15 -1.55 0.83448555 0.1 0.09817477 475.0 2030.0 5087.0 6056.5 150000616
cell 15 -1.55 0.93266032 0.1 0.09817477 475.0 2030.0 5087.0 6056.5 150000617
cell 15 -1.55 1.03083509 0.1 0.09817477 475.0 2030.0 5087.0 6056.5 150000618
cell 15 -1.55 1.12900986 0.1 0.09817477 475.0 2030.0 5087.0 6056.5 150000619
cell 15 -1.55 1.22718463 0.1 0.09817477 475.0 2030.0 5087.0 6056.5 150000620
cell 15 -1.55 1.3253594 0.1 0.09817477 475.0 2030.0 5087.0 6056.5 150000621
cell 15 -1.55 1.42353417 0.1 0.09817477 475.0 2030.0 5087.0 6056.5 150000622
cell 15 -1.55 1.52170894 0.1 0.09817477 475.0 2030.0 5087.0 6056.5 150000623
cell 15 -1.55 1.61988371 0.1 0.09817477 475.0 2030.0 5087.0 6056.5 150000624
cell 15 -1.55 1.71805848 0.1 0.09817477 475.0 2030.0 5087.0 6056.5 150000625
cell 15 -1.55 1.81623325 0.1 0.09817477 475.0 2030.0 5087.0 6056.5 150000626
cell 15 -1.55 1.91440802 0.1 0.09817477 475.0 2030.0 5087.0 6056.5 150000627
cell 15 -1.55 2.01258279 0.1 0.09817477 475.0 2030.0 5087.0 6056.5 150000628
cell 15 -1.55 2.11075756 0.1 0.09817477 475.0 2030.0 5087.0 6056.5 150000629
cell 15 -1.55 2.20893233 0.1 0.09817477 475.0 2030.0 5087.0 6056.5 150000630
cell 15 -1.55 2.3071071 0.1 0.09817477 475.0 2030.0 5087.0 6056.5 150000631
cell 15 -1.55 2.40528188 0.1 0.09817477 475.0 2030.0 5087.0 6056.5 150000632
cell 15 -1.55 2.50345665 0.1 0.09817477 475.0 2030.0 5087.0 6056.5 150000633
cell 15 -1.55 2.60163142 0.1 0.09817477 475.0 2030.0 5087.0 6056.5 150000634
cell 15 -1.55 2.69980619 0.1 0.09817477 475.0 2030.0 5087.0 6056.5 150000635
cell 15 -1.55 2.79798096 0.1 0.09817477 475.0 2030.0 5087.0 6056.5 150000636
cell 15 -1.55 2.89615573 0.1 0.09817477 475.0 2030.0 5087.0 6056.5 150000637
cell 15 -1.55 2.9943305 0.1 0.09817477 475.0 2030.0 5087.0 6056.5 150000638
cell 15 -1.55 3.09250527 0.1 0.09817477 475.0 2030.0 5087.0 6056.5 150000639
cell 15 1.55 -3.09250527 0.1 0.09817477 475.0 2030.0 5087.0 6056.5 150000704
cell 15 1.55 -2.9943305 0.1 0.09817477 475.0 2030.0 5087.0 6056.5 150000705
cell 15 1.55 -2.89615573 0.1 0.09817477 475.0 2030.0 5087.0 6056.5 150000706
cell 15 1.55 -2.79798096 0.1 0.09817477 475.0 2030.0 5087.0 6056.5 150000707
cell 15 1.55 -2.69980619 0.1 0.09817477 475.0 2030.0 5087.0 6056.5 150000708
cell 15 1.55 -2.60163142 0.1 0.09817477 475.0 2030.0 5087.0 6056.5 150000709
cell 15 1.55 -2.50345665 0.1 0.09817477 475.0 2030.0 5087.0 6056.5 150000710
cell 15 1.55 -2.40528188 0.1 0.09817477 475.0 2030.0 5087.0 6056.5 150000711
cell 15 1.55 -2.3071071 0.1 0.09817477 475.0 2030.0 5087.0 6056.5 150000712
cell 15 1.55 -2.20893233 0.1 0.09817477 475.0 2030.0 5087.0 6056.5 150000713
cell 15 1.55 -2.11075756 0.1 0.09817477 475.0 2030.0 5087.0 6056.5 150000714
cell 15 1.55 -2.01258279 0.1 0.09817477 475.0 2030.0 5087.0 6056.5 150000715
cell 15 1.55 -1.91440802 0.1 0.09817477 475.0 2030.0 5087.0 6056.5 150000716
cell 15 1.55 -1.81623325 0.1 0.09817477 475.0 2030.0 5087.0 6056.5 150000717
cell 15 1.55 -1.71805848 0.1 0.09817477 475.0 2030.0 5087.0 6056.5 150000718
cell 15 1.55 -1.61988371 0.1 0.09817477 475.0 2030.0 5087.0 6056.5 150000719
cell 15 1.55 -1.52170894 0.1 0.09817477 475.0 2030.0 5087.0 6056.5 150000720
cell 15 1.55 -1.42353417 0.1 0.09817477 475.0 2030.0 5087.0 6056.5 150000721
cell 15 1.55 -1.3253594 0.1 0.09817477 475.0 2030.0 5087.0 6056.5 150000722
cell 15 1.55 -1.22718463 0.1 0.09817477 475.0 2030.0 5087.0 6056.5 150000723
cell 15 1.55 -1.12900986 0.1 0.09817477 475.0 2030.0 5087.0 6056.5 150000724
cell 15 1.55 -1.03083509 0.1 0.09817477 475.0 2030.0 5087.0 6056.5 150000725
cell 15 1.55 -0.93266032 0.1 0.09817477 475.0 2030.0 5087.0 6056.5 150000726
cell 15 1.55 -0.83448555 0.1 0.09817477 475.0 2030.0 5087.0 6056.5 150000727
cell 15 1.55 -0.73631078 0.1 0.09817477 475.0 2030.0 5087.0 6056.5 150000728
cell 15 1.55 -0.63813601 0.1 0.09817477 475.0 2030.0 5087.0 6056.5 150000729
cell 15 1.55 -0.53996124 0.1 0.09817477 475.0 2030.0 5087.0 6056.5 150000730
cell 15 1.55 -0.44178647 0.1 0.09817477 475.0 2030.0 5087.0 6056.5 150000731
cell 15 1.55 -0.3436117 0.1 0.09817477 475.0 2030.0 5087.0 6056.5 150000732
cell 15 1.55 -0.24543693 0.1 0.09817477 475.0 2030.0 5087.0 6056.5 150000733
cell 15 1.55 -0.14726216 0.1 0.09817477 475.0 2030.0 5087.0 6056.5 150000734
cell 15 1.55 -0.04908739 0.1 0.09817477 475.0 2030.0 5087.0 6056.5 150000735
cell 15 1.55 0.04908739 0.1 0.09817477 475.0 2030.0 5087.0 6056.5 150000736
cell 15 1.55 0.14726216 0.1 0.09817477 475.0 2030.0 5087.0 6056.5 150000737
cell 15 1.55 0.24543693 0.1 0.09817477 475.0 2030.0 5087.0 6056.5 150000738
cell 15 1.55 0.3436117 0.1 0.09817477 475.0 2030.0 5087.0 6056.5 150000739
cell 15 1.55 0.44178647 0.1 0.09817477 475.0 2030.0 5087.0 6056.5 150000740
cell 15 1.55 0.53996124 0.1 0.09817477 475.0 2030.0 5087.0 6056.5 150000741
cell 15 1.55 0.63813601 0.1 0.09817477 475.0 2030.0 5087.0 6056.5 150000742
cell 15 1.55 0.73631078 0.1 0.09817477 475.0 2030.0 5087.0 6056.5 150000743
cell 15 1.55 0.83448555 0.1 0.09817477 475.0 2030.0 5087.0 6056.5 150000744
cell 15 1.55 0.93266032 0.1 0.09817477 475.0 2030.0 5087.0 6056.5 150000745
cell 15 1.55 1.03083509 0.1 0.09817477 475.0 2030.0 5087.0 6056.5 150000746
cell 15 1.55 1.12900986 0.1 0.09817477 475.0 2030.0 5087.0 6056.5 150000747
cell 15 1.55 1.22718463 0.1 0.09817477 475.0 2030.0 5087.0 6056.5 150000748
cell 15 1.55 1.3253594 0.1 0.09817477 475.0 2030.0 5087.0 6056.5 150000749
cell 15 1.55 1.42353417 0.1 0.09817477 475.0 2030.0 5087.0 6056.5 150000750
cell 15 1.55 1.52170894 0.1 0.09817477 475.0 2030.0 5087.0 6056.5 150000751
cell 15 1.55 1.61988371 0.1 0.09817477 475.0 2030.0 5087.0 6056.5 150000752
cell 15 1.55 1.71805848 0.1 0.09817477 475.0 2030.0 5087.0 6056.5 150000753
cell 15 1.55 1.81623325 0.1 0.09817477 475.0 2030.0 5087.0 6056.5 150000754
cell 15 1.55 1.91440802 0.1 0.09817477 475.0 2030.0 5087.0 6056.5 150000755
cell 15 1.55 2.01258279 0.1 0.09817477 475.0 2030.0 5087.0 6056.5 150000756
cell 15 1.55 2.11075756 0.1 0.09817477 475.0 2030.0 5087.0 6056.5 150000757
cell 15 1.55 2.20893233 0.1 0.09817477 475.0 2030.0 5087.0 6056.5 150000758
cell 15 1.55 2.3071071 0.1 0.09817477 475.0 2030.0 5087.0 6056.5 150000759
cell 15 1.55 2.40528188 0.1 0.09817477 475.0 2030.0 5087.0 6056.5 150000760
cell 15 1.55 2.50345665 0.1 0.09817477 475.0 2030.0 5087.0 6056.5 150000761
cell 15 1.55 2.60163142 0.1 0.09817477 475.0 2030.0 5087.0 6056.5 150000762
cell 15 1.55 2.69980619 0.1 0.09817477 475.0 2030.0 5087.0 6056.5 150000763
cell 15 1.55 2.79798096 0.1 0.09817477 475.0 2030.0 5087.0 6056.5 150000764
cell 15 1.55 2.89615573 0.1 0.09817477 475.0 2030.0 5087.0 6056.5 150000765
cell 15 1.55 2.9943305 0.1 0.09817477 475.0 2030.0 5087.0 6056.5 150000766
cell 15 1.55 3.09250527 0.1 0.09817477 475.0 2030.0 5087.0 6056.5 150000767
cell 15 1.65 -3.09250527 0.1 0.09817477 475.0 2030.0 5087.0 6056.5 150000768
cell 15 1.65 -2.9943305 0.1 0.09817477 475.0 2030.0 5087.0 6056.5 150000769
cell 15 1.65 -2.89615573 0.1 0.09817477 475.0 2030.0 5087.0 6056.5 150000770
cell 15 1.65 -2.79798096 0.1 0.09817477 475.0 2030.0 5087.0 6056.5 150000771
cell 15 1.65 -2.69980619 0.1 0.09817477 475.0 2030.0 5087.0 6056.5 150000772
cell 15 1.65 -2.60163142 0.1 0.09817477 475.0 2030.0 5087.0 6056.5 150000773
cell 15 1.65 -2.50345665 0.1 0.09817477 475.0 2030.0 5087.0 6056.5 150000774
cell 15 1.65 -2.40528188 0.1 0.09817477 475.0 2030.0 5087.0 6056.5 150000775
cell 15 1.65 -2.3071071 0.1 0.09817477 475.0 2030.0 5087.0 6056.5 150000776
cell 15 1.65 -2.20893233 0.1 0.09817477 475.0 2030.0 5087.0 6056.5 150000777
cell 15 1.65 -2.11075756 0.1 0.09817477 475.0 2030.0 5087.0 6056.5 150000778
cell 15 1.65 -2.01258279 0.1 0.09817477 475.0 2030.0 5087.0 6056.5 150000779
cell 15 1.65 -1.91440802 0.1 0.09817477 475.0 2030.0 5087.0 6056.5 150000780
cell 15 1.65 -1.81623325 0.1 0.09817477 475.0 2030.0 5087.0 6056.5 150000781
cell 15 1.65 -1.71805848 0.1 0.09817477 475.0 2030.0 5087.0 6056.5 150000782
cell 15 1.65 -1.61988371 0.1 0.09817477 475.0 2030.0 5087.0 6056.5 150000783
cell 15 1.65 -1.52170894 0.1 0.09817477 475.0 2030.0 5087.0 6056.5 150000784
cell 15 1.65 -1.42353417 0.1 0.09817477 475.0 2030.0 5087.0 6056.5 150000785
cell 15 1.65 -1.3253594 0.1 0.09817477 475.0 2030.0 5087.0 6056.5 150000786
cell 15 1.65 -1.22718463 0.1 0.09817477 475.0 2030.0 5087.0 6056.5 150000787
cell 15 1.65 -1.12900986 0.1 0.09817477 475.0 2030.0 5087.0 6056.5 150000788
cell 15 1.65 -1.03083509 0.1 0.09817477 475.0 2030.0 5087.0 6056.5 150000789
cell 15 1.65 -0.93266032 0.1 0.09817477 475.0 2030.0 5087.0 6056.5 150000790
cell 15 1.65 -0.83448555 0.1 0.09817477 475.0 2030.0 5087.0 6056.5 150000791
cell 15 1.65 -0.73631078 0.1 0.09817477 475.0 2030.0 5087.0 6056.5 150000792
cell 15 1.65 -0.63813601 0.1 0.09817477 475.0 2030.0 5087.0 6056.5 150000793
cell 15 1.65 -0.53996124 0.1 0.09817477 475.0 2030.0 5087.0 6056.5 150000794
cell 15 1.65 -0.44178647 0.1 0.09817477 475.0 2030.0 5087.0 6056.5 150000795
cell 15 1.65 -0.3436117 0.1 0.09817477 475.0 2030.0 5087.0 6056.5 150000796
cell 15 1.65 -0.24543693 0.1 0.09817477 475.0 2030.0 5087.0 6056.5 150000797
cell 15 1.65 -0.14726216 0.1 0.09817477 475.0 2030.0 5087.0 6056.5 150000798
cell 15 1.65 -0.04908739 0.1 0.09817477 475.0 2030.0 5087.0 6056.5 150000799
cell 15 1.65 0.04908739 0.1 0.09817477 475.0 2030.0 5087.0 6056.5 150000800
cell 15 1.65 0.14726216 0.1 0.09817477 475.0 2030.0 5087.0 6056.5 150000801
cell 15 1.65 0.24543693 0.1 0.09817477 475.0 2030.0 5087.0 6056.5 150000802
cell 15 1.65 0.3436117 0.1 0.09817477 475.0 2030.0 5087.0 6056.5 150000803
cell 15 1.65 0.44178647 0.1 0.09817477 475.0 2030.0 5087.0 6056.5 150000804
cell 15 1.65 0.53996124 0.1 0.09817477 475.0 2030.0 5087.0 6056.5 150000805
cell 15 1.65 0.63813601 0.1 0.09817477 475.0 2030.0 5087.0 6056.5 150000806
cell 15 1.65 0.73631078 0.1 0.09817477 475.0 2030.0 5087.0 6056.5 150000807
cell 15 1.65 0.83448555 0.1 0.09817477 475.0 2030.0 5087.0 6056.5 150000808
cell 15 1.65 0.93266032 0.1 0.09817477 475.0 2030.0 5087.0 6056.5 150000809
cell 15 1.65 1.03083509 0.1 0.09817477 475.0 2030.0 5087.0 6056.5 150000810
cell 15 1.65 1.12900986 0.1 0.09817477 475.0 2030.0 5087.0 6056.5 150000811
cell 15 1.65 1.22718463 0.1 0.09817477 475.0 2030.0 5087.0 6056.5 150000812
cell 15 1.65 1.3253594 0.1 0.09817477 475.0 2030.0 5087.0 6056.5 150000813
cell 15 1.65 1.42353417 0.1 0.09817477 475.0 2030.0 5087.0 6056.5 150000814
cell 15 1.65 1.52170894 0.1 0.09817477 475.0 2030.0 5087.0 6056.5 150000815
cell 15 1.65 1.61988371 0.1 0.09817477 475.0 2030.0 5087.0 6056.5 150000816
cell 15 1.65 1.71805848 0.1 0.09817477 475.0 2030.0 5087.0 6056.5 150000817
cell 15 1.65 1.81623325 0.1 0.09817477 475.0 2030.0 5087.0 6056.5 150000818
cell 15 1.65 1.91440802 0.1 0.09817477 475.0 2030.0 5087.0 6056.5 150000819
cell 15 1.65 2.01258279 0.1 0.09817477 475.0 2030.0 5087.0 6056.5 150000820
cell 15 1.65 2.11075756 0.1 0.09817477 475.0 2030.0 5087.0 6056.5 150000821
cell 15 1.65 2.20893233 0.1 0.09817477 475.0 2030.0 5087.0 6056.5 150000822
cell 15 1.65 2.3071071 0.1 0.09817477 475.0 2030.0 5087.0 6056.5 150000823
cell 15 1.65 2.40528188 0.1 0.09817477 475.0 2030.0 5087.0 6056.5 150000824
cell 15 1.65 2.50345665 0.1 0.09817477 475.0 2030.0 5087.0 6056.5 150000825
cell 15 1.65 2.60163142 0.1 0.09817477 475.0 2030.0 5087.0 6056.5 150000826
cell 15 1.65 2.69980619 0.1 0.09817477 475.0 2030.0 5087.0 6056.5 150000827
cell 15 1.65 2.79798096 0.1 0.09817477 475.0 2030.0 5087.0 6056.5 150000828
cell 15 1.65 2.89615573 0.1 0.09817477 475.0 2030.0 5087.0 6056.5 150000829
cell 15 1.65 2.9943305 0.1 0.09817477 475.0 2030.0 5087.0 6056.5 150000830
cell 15 1.65 3.09250527 0.1 0.09817477 475.0 2030.0 5087.0 6056.5 150000831
cell 15 1.75 -3.09250527 0.1 0.09817477 475.0 2030.0 5087.0 6056.5 150000832
cell 15 1.75 -2.9943305 0.1 0.09817477 475.0 2030.0 5087.0 6056.5 150000833
cell 15 1.75 -2.89615573 0.1 0.09817477 475.0 2030.0 5087.0 6056.5 150000834
cell 15 1.75 -2.79798096 0.1 0.09817477 475.0 2030.0 5087.0 6056.5 150000835
cell 15 1.75 -2.69980619 0.1 0.09817477 475.0 2030.0 5087.0 6056.5 150000836
cell 15 1.75 -2.60163142 0.1 0.09817477 475.0 2030.0 5087.0 6056.5 150000837
cell 15 1.75 -2.50345665 0.1 0.09817477 475.0 2030.0 5087.0 6056.5 150000838
cell 15 1.75 -2.40528188 0.1 0.09817477 475.0 2030.0 5087.0 6056.5 150000839
cell 15 1.75 -2.3071071 0.1 0.09817477 475.0 2030.0 5087.0 6056.5 150000840
cell 15 1.75 -2.20893233 0.1 0.09817477 475.0 2030.0 5087.0 6056.5 150000841
cell 15 1.75 -2.11075756 0.1 0.09817477 475.0 2030.0 5087.0 6056.5 150000842
cell 15 1.75 -2.01258279 0.1 0.09817477 475.0 2030.0 5087.0 6056.5 150000843
cell 15 1.75 -1.91440802 0.1 0.09817477 475.0 2030.0 5087.0 6056.5 150000844
cell 15 1.75 -1.81623325 0.1 0.09817477 475.0 2030.0 5087.0 6056.5 150000845
cell 15 1.75 -1.71805848 0.1 0.09817477 475.0 2030.0 5087.0 6056.5 150000846
cell 15 1.75 -1.61988371 0.1 0.09817477 475.0 2030.0 5087.0 6056.5 150000847
cell 15 1.75 -1.52170894 0.1 0.09817477 475.0 2030.0 5087.0 6056.5 150000848
cell 15 1.75 -1.42353417 0.1 0.09817477 475.0 2030.0 5087.0 6056.5 150000849
cell 15 1.75 -1.3253594 0.1 0.09817477 475.0 2030.0 5087.0 6056.5 150000850
cell 15 1.75 -1.22718463 0.1 0.09817477 475.0 2030.0 5087.0 6056.5 150000851
cell 15 1.75 -1.12900986 0.1 0.09817477 475.0 2030.0 5087.0 6056.5 150000852
cell 15 1.75 -1.03083509 0.1 0.09817477 475.0 2030.0 5087.0 6056.5 150000853
cell 15 1.75 -0.93266032 0.1 0.09817477 475.0 2030.0 5087.0 6056.5 150000854
cell 15 1.75 -0.83448555 0.1 0.09817477 475.0 2030.0 5087.0 6056.5 150000855
cell 15 1.75 -0.73631078 0.1 0.09817477 475.0 2030.0 5087.0 6056.5 150000856
cell 15 1.75 -0.63813601 0.1 0.09817477 475.0 2030.0 5087.0 6056.5 150000857
cell 15 1.75 -0.53996124 0.1 0.09817477 475.0 2030.0 5087.0 6056.5 150000858
cell 15 1.75 -0.44178647 0.1 0.09817477 475.0 2030.0 5087.0 6056.5 150000859
cell 15 1.75 -0.3436117 0.1 0.09817477 475.0 2030.0 5087.0 6056.5 150000860
cell 15 1.75 -0.24543693 0.1 0.09817477 475.0 2030.0 5087.0 6056.5 150000861
cell 15 1.75 -0.14726216 0.1 0.09817477 475.0 2030.0 5087.0 6056.5 150000862
cell 15 1.75 -0.04908739 0.1 0.09817477 475.0 2030.0 5087.0 6056.5 150000863
cell 15 1.75 0.04908739 0.1 0.09817477 475.0 2030.0 5087.0 6056.5 150000864
cell 15 1.75 0.14726216 0.1 0.09817477 475.0 2030.0 5087.0 6056.5 150000865
cell 15 1.75 0.24543693 0.1 0.09817477 475.0 2030.0 5087.0 6056.5 150000866
cell 15 1.75 0.3436117 0.1 0.09817477 475.0 2030.0 5087.0 6056.5 150000867
cell 15 1.75 0.44178647 0.1 0.09817477 475.0 2030.0 5087.0 6056.5 150000868
cell 15 1.75 0.53996124 0.1 0.09817477 475.0 2030.0 5087.0 6056.5 150000869
cell 15 1.75 0.63813601 0.1 0.09817477 475.0 2030.0 5087.0 6056.5 150000870
cell 15 1.75 0.73631078 0.1 0.09817477 475.0 2030.0 5087.0 6056.5 150000871
cell 15 1.75 0.83448555 0.1 0.09817477 475.0 2030.0 5087.0 6056.5 150000872
cell 15 1.75 0.93266032 0.1 0.09817477 475.0 2030.0 5087.0 6056.5 150000873
cell 15 1.75 1.03083509 0.1 0.09817477 475.0 2030.0 5087.0 6056.5 150000874
cell 15 1.75 1.12900986 0.1 0.09817477 475.0 2030.0 5087.0 6056.5 150000875
cell 15 1.75 1.22718463 0.1 0.09817477 475.0 2030.0 5087.0 6056.5 150000876
cell 15 1.75 1.3253594 0.1 0.09817477 475.0 2030.0 5087.0 6056.5 150000877
cell 15 1.75 1.42353417 0.1 0.09817477 475.0 2030.0 5087.0 6056.5 150000878
cell 15 1.75 1.52170894 0.1 0.09817477 475.0 2030.0 5087.0 6056.5 150000879
cell 15 1.75 1.61988371 0.1 0.09817477 475.0 2030.0 5087.0 6056.5 150000880
cell 15 1.75 1.71805848 0.1 0.09817477 475.0 2030.0 5087.0 6056.5 150000881
cell 15 1.75 1.81623325 0.1 0.09817477 475.0 2030.0 5087.0 6056.5 150000882
cell 15 1.75 1.91440802 0.1 0.09817477 475.0 2030.0 5087.0 6056.5 150000883
cell 15 1.75 2.01258279 0.1 0.09817477 475.0 2030.0 5087.0 6056.5 150000884
cell 15 1.75 2.11075756 0.1 0.09817477 475.0 2030.0 5087.0 6056.5 150000885
cell 15 1.75 2.20893233 0.1 0.09817477 475.0 2030.0 5087.0 6056.5 150000886
cell 15 1.75 2.3071071 0.1 0.09817477 475.0 2030.0 5087.0 6056.5 150000887
cell 15 1.75 2.40528188 0.1 0.09817477 475.0 2030.0 5087.0 6056.5 150000888
cell 15 1.75 2.50345665 0.1 0.09817477 475.0 2030.0 5087.0 6056.5 150000889
cell 15 1.75 2.60163142 0.1 0.09817477 475.0 2030.0 5087.0 6056.5 150000890
cell 15 1.75 2.69980619 0.1 0.09817477 475.0 2030.0 5087.0 6056.5 150000891
cell 15 1.75 2.79798096 0.1 0.09817477 475.0 2030.0 5087.0 6056.5 150000892
cell 15 1.75 2.89615573 0.1 0.09817477 475.0 2030.0 5087.0 6056.5 150000893
cell 15 1.75 2.9943305 0.1 0.09817477 475.0 2030.0 5087.0 6056.5 150000894
cell 15 1.75 3.09250527 0.1 0.09817477 475.0 2030.0 5087.0 6056.5 150000895
cell 15 1.85 -3.09250527 0.1 0.09817477 475.0 2030.0 5087.0 6056.5 150000896
cell 15 1.85 -2.9943305 0.1 0.09817477 475.0 2030.0 5087.0 6056.5 150000897
cell 15 1.85 -2.89615573 0.1 0.09817477 475.0 2030.0 5087.0 6056.5 150000898
cell 15 1.85 -2.79798096 0.1 0.09817477 475.0 2030.0 5087.0 6056.5 150000899
cell 15 1.85 -2.69980619 0.1 0.09817477 475.0 2030.0 5087.0 6056.5 150000900
cell 15 1.85 -2.60163142 0.1 0.09817477 475.0 2030.0 5087.0 6056.5 150000901
cell 15 1.85 -2.50345665 0.1 0.09817477 475.0 2030.0 5087.0 6056.5 150000902
cell 15 1.85 -2.40528188 0.1 0.09817477 475.0 2030.0 5087.0 6056.5 150000903
cell 15 1.85 -2.3071071 0.1 0.09817477 475.0 2030.0 5087.0 6056.5 150000904
cell 15 1.85 -2.20893233 0.1 0.09817477 475.0 2030.0 5087.0 6056.5 150000905
cell 15 1.85 -2.11075756 0.1 0.09817477 475.0 2030.0 5087.0 6056.5 150000906
cell 15 1.85 -2.01258279 0.1 0.09817477 475.0 2030.0 5087.0 6056.5 150000907
cell 15 1.85 -1.91440802 0.1 0.09817477 475.0 2030.0 5087.0 6056.5 150000908
cell 15 1.85 -1.81623325 0.1 0.09817477 475.0 2030.0 5087.0 6056.5 150000909
cell 15 1.85 -1.71805848 0.1 0.09817477 475.0 2030.0 5087.0 6056.5 150000910
cell 15 1.85 -1.61988371 0.1 0.09817477 475.0 2030.0 5087.0 6056.5 150000911
cell 15 1.85 -1.52170894 0.1 0.09817477 475.0 2030.0 5087.0 6056.5 150000912
cell 15 1.85 -1.42353417 0.1 0.09817477 475.0 2030.0 5087.0 6056.5 150000913
cell 15 1.85 -1.3253594 0.1 0.09817477 475.0 2030.0 5087.0 6056.5 150000914
cell 15 1.85 -1.22718463 0.1 0.09817477 475.0 2030.0 5087.0 6056.5 150000915
cell 15 1.85 -1.12900986 0.1 0.09817477 475.0 2030.0 5087.0 6056.5 150000916
cell 15 1.85 -1.03083509 0.1 0.09817477 475.0 2030.0 5087.0 6056.5 150000917
cell 15 1.85 -0.93266032 0.1 0.09817477 475.0 2030.0 5087.0 6056.5 150000918
cell 15 1.85 -0.83448555 0.1 0.09817477 475.0 2030.0 5087.0 6056.5 150000919
cell 15 1.85 -0.73631078 0.1 0.09817477 475.0 2030.0 5087.0 6056.5 150000920
cell 15 1.85 -0.63813601 0.1 0.09817477 475.0 2030.0 5087.0 6056.5 150000921
cell 15 1.85 -0.53996124 0.1 0.09817477 475.0 2030.0 5087.0 6056.5 150000922
cell 15 1.85 -0.44178647 0.1 0.09817477 475.0 2030.0 5087.0 6056.5 150000923
cell 15 1.85 -0.3436117 0.1 0.09817477 475.0 2030.0 5087.0 6056.5 150000924
cell 15 1.85 -0.24543693 0.1 0.09817477 475.0 2030.0 5087.0 6056.5 150000925
cell 15 1.85 -0.14726216 0.1 0.09817477 475.0 2030.0 5087.0 6056.5 150000926
cell 15 1.85 -0.04908739 0.1 0.09817477 475.0 2030.0 5087.0 6056.5 150000927
cell 15 1.85 0.04908739 0.1 0.09817477 475.0 2030.0 5087.0 6056.5 150000928
cell 15 1.85 0.14726216 0.1 0.09817477 475.0 2030.0 5087.0 6056.5 150000929
cell 15 1.85 0.24543693 0.1 0.09817477 475.0 2030.0 5087.0 6056.5 150000930
cell 15 1.85 0.3436117 0.1 0.09817477 475.0 2030.0 5087.0 6056.5 150000931
cell 15 1.85 0.44178647 0.1 0.09817477 475.0 2030.0 5087.0 6056.5 150000932
cell 15 1.85 0.53996124 0.1 0.09817477 475.0 2030.0 5087.0 6056.5 150000933
cell 15 1.85 0.63813601 0.1 0.09817477 475.0 2030.0 5087.0 6056.5 150000934
cell 15 1.85 0.73631078 0.1 0.09817477 475.0 2030.0 5087.0 6056.5 150000935
cell 15 1.85 0.83448555 0.1 0.09817477 475.0 2030.0 5087.0 6056.5 150000936
cell 15 1.85 0.93266032 0.1 0.09817477 475.0 2030.0 5087.0 6056.5 150000937
cell 15 1.85 1.03083509 0.1 0.09817477 475.0 2030.0 5087.0 6056.5 150000938
cell 15 1.85 1.12900986 0.1 0.09817477 475.0 2030.0 5087.0 6056.5 150000939
cell 15 1.85 1.22718463 0.1 0.09817477 475.0 2030.0 5087.0 6056.5 150000940
cell 15 1.85 1.3253594 0.1 0.09817477 475.0 2030.0 5087.0 6056.5 150000941
cell 15 1.85 1.42353417 0.1 0.09817477 475.0 2030.0 5087.0 6056.5 150000942
cell 15 1.85 1.52170894 0.1 0.09817477 475.0 2030.0 5087.0 6056.5 150000943
cell 15 1.85 1.61988371 0.1 0.09817477 475.0 2030.0 5087.0 6056.5 150000944
cell 15 1.85 1.71805848 0.1 0.09817477 475.0 2030.0 5087.0 6056.5 150000945
cell 15 1.85 1.81623325 0.1 0.09817477 475.0 2030.0 5087.0 6056.5 150000946
cell 15 1.85 1.91440802 0.1 0.09817477 475.0 2030.0 5087.0 6056.5 150000947
cell 15 1.85 2.01258279 0.1 0.09817477 475.0 2030.0 5087.0 6056.5 150000948
cell 15 1.85 2.11075756 0.1 0.09817477 475.0 2030.0 5087.0 6056.5 150000949
cell 15 1.85 2.20893233 0.1 0.09817477 475.0 2030.0 5087.0 6056.5 150000950
cell 15 1.85 2.3071071 0.1 0.09817477 475.0 2030.0 5087.0 6056.5 150000951
cell 15 1.85 2.40528188 0.1 0.09817477 475.0 2030.0 5087.0 6056.5 150000952
cell 15 1.85 2.50345665 0.1 0.09817477 475.0 2030.0 5087.0 6056.5 150000953
cell 15 1.85 2.60163142 0.1 0.09817477 475.0 2030.0 5087.0 6056.5 150000954
cell 15 1.85 2.69980619 0.1 0.09817477 475.0 2030.0 5087.0 6056.5 150000955
cell 15 1.85 2.79798096 0.1 0.09817477 475.0 2030.0 5087.0 6056.5 150000956
cell 15 1.85 2.89615573 0.1 0.09817477 475.0 2030.0 5087.0 6056.5 150000957
cell 15 1.85 2.9943305 0.1 0.09817477 475.0 2030.0 5087.0 6056.5 150000958
cell 15 1.85 3.09250527 0.1 0.09817477 475.0 2030.0 5087.0 6056.5 150000959
cell 15 1.95 -3.09250527 0.1 0.09817477 475.0 2030.0 5087.0 6056.5 150000960
cell 15 1.95 -2.9943305 0.1 0.09817477 475.0 2030.0 5087.0 6056.5 150000961
cell 15 1.95 -2.89615573 0.1 0.09817477 475.0 2030.0 5087.0 6056.5 150000962
cell 15 1.95 -2.79798096 0.1 0.09817477 475.0 2030.0 5087.0 6056.5 150000963
cell 15 1.95 -2.69980619 0.1 0.09817477 475.0 2030.0 5087.0 6056.5 150000964
cell 15 1.95 -2.60163142 0.1 0.09817477 475.0 2030.0 5087.0 6056.5 150000965
cell 15 1.95 -2.50345665 0.1 0.09817477 475.0 2030.0 5087.0 6056.5 150000966
cell 15 1.95 -2.40528188 0.1 0.09817477 475.0 2030.0 5087.0 6056.5 150000967
cell 15 1.95 -2.3071071 0.1 0.09817477 475.0 2030.0 5087.0 6056.5 150000968
cell 15 1.95 -2.20893233 0.1 0.09817477 475.0 2030.0 5087.0 6056.5 150000969
cell 15 1.95 -2.11075756 0.1 0.09817477 475.0 2030.0 5087.0 6056.5 150000970
cell 15 1.95 -2.01258279 0.1 0.09817477 475.0 2030.0 5087.0 6056.5 150000971
cell 15 1.95 -1.91440802 0.1 0.09817477 475.0 2030.0 5087.0 6056.5 150000972
cell 15 1.95 -1.81623325 0.1 0.09817477 475.0 2030.0 5087.0 6056.5 150000973
cell 15 1.95 -1.71805848 0.1 0.09817477 475.0 2030.0 5087.0 6056.5 150000974
cell 15 1.95 -1.61988371 0.1 0.09817477 475.0 2030.0 5087.0 6056.5 150000975
cell 15 1.95 -1.52170894 0.1 0.09817477 475.0 2030.0 5087.0 6056.5 150000976
cell 15 1.95 -1.42353417 0.1 0.09817477 475.0 2030.0 5087.0 6056.5 150000977
cell 15 1.95 -1.3253594 0.1 0.09817477 475.0 2030.0 5087.0 6056.5 150000978
cell 15 1.95 -1.22718463 0.1 0.09817477 475.0 2030.0 5087.0 6056.5 150000979
cell 15 1.95 -1.12900986 0.1 0.09817477 475.0 2030.0 5087.0 6056.5 150000980
cell 15 1.95 -1.03083509 0.1 0.09817477 475.0 2030.0 5087.0 6056.5 150000981
cell 15 1.95 -0.93266032 0.1 0.09817477 475.0 2030.0 5087.0 6056.5 150000982
cell 15 1.95 -0.83448555 0.1 0.09817477 475.0 2030.0 5087.0 6056.5 150000983
cell 15 1.95 -0.73631078 0.1 0.09817477 475.0 2030.0 5087.0 6056.5 150000984
cell 15 1.95 -0.63813601 0.1 0.09817477 475.0 2030.0 5087.0 6056.5 150000985
cell 15 1.95 -0.53996124 0.1 0.09817477 475.0 2030.0 5087.0 6056.5 150000986
cell 15 1.95 -0.44178647 0.1 0.09817477 475.0 2030.0 5087.0 6056.5 150000987
cell 15 1.95 -0.3436117 0.1 0.09817477 475.0 2030.0 5087.0 6056.5 150000988
cell 15 1.95 -0.24543693 0.1 0.09817477 475.0 2030.0 5087.0 6056.5 150000989
cell 15 1.95 -0.14726216 0.1 0.09817477 475.0 2030.0 5087.0 6056.5 150000990
cell 15 1.95 -0.04908739 0.1 0.09817477 475.0 2030.0 5087.0 6056.5 150000991
cell 15 1.95 0.04908739 0.1 0.09817477 475.0 2030.0 5087.0 6056.5 150000992
cell 15 1.95 0.14726216 0.1 0.09817477 475.0 2030.0 5087.0 6056.5 150000993
cell 15 1.95 0.24543693 0.1 0.09817477 475.0 2030.0 5087.0 6056.5 150000994
cell 15 1.95 0.3436117 0.1 0.09817477 475.0 2030.0 5087.0 6056.5 150000995
cell 15 1.95 0.44178647 0.1 0.09817477 475.0 2030.0 5087.0 6056.5 150000996
cell 15 1.95 0.53996124 0.1 0.09817477 475.0 2030.0 5087.0 6056.5 150000997
cell 15 1.95 0.63813601 0.1 0.09817477 475.0 2030.0 5087.0 6056.5 150000998
cell 15 1.95 0.73631078 0.1 0.09817477 475.0 2030.0 5087.0 6056.5 150000999
cell 15 1.95 0.83448555 0.1 0.09817477 475.0 2030.0 5087.0 6056.5 150001000
cell 15 1.95 0.93266032 0.1 0.09817477 475.0 2030.0 5087.0 6056.5 150001001
cell 15 1.95 1.03083509 0.1 0.09817477 475.0 2030.0 5087.0 6056.5 150001002
cell 15 1.95 1.12900986 0.1 0.09817477 475.0 2030.0 5087.0 6056.5 150001003
cell 15 1.95 1.22718463 0.1 0.09817477 475.0 2030.0 5087.0 6056.5 150001004
cell 15 1.95 1.3253594 0.1 0.09817477 475.0 2030.0 5087.0 6056.5 150001005
cell 15 1.95 1.42353417 0.1 0.09817477 475.0 2030.0 5087.0 6056.5 150001006
cell 15 1.95 1.52170894 0.1 0.09817477 475.0 2030.0 5087.0 6056.5 150001007
cell 15 1.95 1.61988371 0.1 0.09817477 475.0 2030.0 5087.0 6056.5 150001008
cell 15 1.95 1.71805848 0.1 0.09817477 475.0 2030.0 5087.0 6056.5 150001009
cell 15 1.95 1.81623325 0.1 0.09817477 475.0 2030.0 5087.0 6056.5 150001010
cell 15 1.95 1.91440802 0.1 0.09817477 475.0 2030.0 5087.0 6056.5 150001011
cell 15 1.95 2.01258279 0.1 0.09817477 475.0 2030.0 5087.0 6056.5 150001012
cell 15 1.95 2.11075756 0.1 0.09817477 475.0 2030.0 5087.0 6056.5 150001013
cell 15 1.95 2.20893233 0.1 0.09817477 475.0 2030.0 5087.0 6056.5 150001014
cell 15 1.95 2.3071071 0.1 0.09817477 475.0 2030.0 5087.0 6056.5 150001015
cell 15 1.95 2.40528188 0.1 0.09817477 475.0 2030.0 5087.0 6056.5 150001016
cell 15 1.95 2.50345665 0.1 0.09817477 475.0 2030.0 5087.0 6056.5 150001017
cell 15 1.95 2.60163142 0.1 0.09817477 475.0 2030.0 5087.0 6056.5 150001018
cell 15 1.95 2.69980619 0.1 0.09817477 475.0 2030.0 5087.0 6056.5 150001019
cell 15 1.95 2.79798096 0.1 0.09817477 475.0 2030.0 5087.0 6056.5 150001020
cell 15 1.95 2.89615573 0.1 0.09817477 475.0 2030.0 5087.0 6056.5 150001021
cell 15 1.95 2.9943305 0.1 0.09817477 475.0 2030.0 5087.0 6056.5 150001022
cell 15 1.95 3.09250527 0.1 0.09817477 475.0 2030.0 5087.0 6056.5 150001023
cell 15 2.05 -3.09250527 0.1 0.09817477 475.0 2030.0 5087.0 6056.5 150001024
cell 15 2.05 -2.9943305 0.1 0.09817477 475.0 2030.0 5087.0 6056.5 150001025
cell 15 2.05 -2.89615573 0.1 0.09817477 475.0 2030.0 5087.0 6056.5 150001026
cell 15 2.05 -2.79798096 0.1 0.09817477 475.0 2030.0 5087.0 6056.5 150001027
cell 15 2.05 -2.69980619 0.1 0.09817477 475.0 2030.0 5087.0 6056.5 150001028
cell 15 2.05 -2.60163142 0.1 0.09817477 475.0 2030.0 5087.0 6056.5 150001029
cell 15 2.05 -2.50345665 0.1 0.09817477 475.0 2030.0 5087.0 6056.5 150001030
cell 15 2.05 -2.40528188 0.1 0.09817477 475.0 2030.0 5087.0 6056.5 150001031
cell 15 2.05 -2.3071071 0.1 0.09817477 475.0 2030.0 5087.0 6056.5 150001032
cell 15 2.05 -2.20893233 0.1 0.09817477 475.0 2030.0 5087.0 6056.5 150001033
cell 15 2.05 -2.11075756 0.1 0.09817477 475.0 2030.0 5087.0 6056.5 150001034
cell 15 2.05 -2.01258279 0.1 0.09817477 475.0 2030.0 5087.0 6056.5 150001035
cell 15 2.05 -1.91440802 0.1 0.09817477 475.0 2030.0 5087.0 6056.5 150001036
cell 15 2.05 -1.81623325 0.1 0.09817477 475.0 2030.0 5087.0 6056.5 150001037
cell 15 2.05 -1.71805848 0.1 0.09817477 475.0 2030.0 5087.0 6056.5 150001038
cell 15 2.05 -1.61988371 0.1 0.09817477 475.0 2030.0 5087.0 6056.5 150001039
cell 15 2.05 -1.52170894 0.1 0.09817477 475.0 2030.0 5087.0 6056.5 150001040
cell 15 2.05 -1.42353417 0.1 0.09817477 475.0 2030.0 5087.0 6056.5 150001041
cell 15 2.05 -1.3253594 0.1 0.09817477 475.0 2030.0 5087.0 6056.5 150001042
cell 15 2.05 -1.22718463 0.1 0.09817477 475.0 2030.0 5087.0 6056.5 150001043
cell 15 2.05 -1.12900986 0.1 0.09817477 475.0 2030.0 5087.0 6056.5 150001044
cell 15 2.05 -1.03083509 0.1 0.09817477 475.0 2030.0 5087.0 6056.5 150001045
cell 15 2.05 -0.93266032 0.1 0.09817477 475.0 2030.0 5087.0 6056.5 150001046
cell 15 2.05 -0.83448555 0.1 0.09817477 475.0 2030.0 5087.0 6056.5 150001047
cell 15 2.05 -0.73631078 0.1 0.09817477 475.0 2030.0 5087.0 6056.5 150001048
cell 15 2.05 -0.63813601 0.1 0.09817477 475.0 2030.0 5087.0 6056.5 150001049
cell 15 2.05 -0.53996124 0.1 0.09817477 475.0 2030.0 5087.0 6056.5 150001050
cell 15 2.05 -0.44178647 0.1 0.09817477 475.0 2030.0 5087.0 6056.5 150001051
cell 15 2.05 -0.3436117 0.1 0.09817477 475.0 2030.0 5087.0 6056.5 150001052
cell 15 2.05 -0.24543693 0.1 0.09817477 475.0 2030.0 5087.0 6056.5 150001053
cell 15 2.05 -0.14726216 0.1 0.09817477 475.0 2030.0 5087.0 6056.5 150001054
cell 15 2.05 -0.04908739 0.1 0.09817477 475.0 2030.0 5087.0 6056.5 150001055
cell 15 2.05 0.04908739 0.1 0.09817477 475.0 2030.0 5087.0 6056.5 150001056
cell 15 2.05 0.14726216 0.1 0.09817477 475.0 2030.0 5087.0 6056.5 150001057
cell 15 2.05 0.24543693 0.1 0.09817477 475.0 2030.0 5087.0 6056.5 150001058
cell 15 2.05 0.3436117 0.1 0.09817477 475.0 2030.0 5087.0 6056.5 150001059
cell 15 2.05 0.44178647 0.1 0.09817477 475.0 2030.0 5087.0 6056.5 150001060
cell 15 2.05 0.53996124 0.1 0.09817477 475.0 2030.0 5087.0 6056.5 150001061
cell 15 2.05 0.63813601 0.1 0.09817477 475.0 2030.0 5087.0 6056.5 150001062
cell 15 2.05 0.73631078 0.1 0.09817477 475.0 2030.0 5087.0 6056.5 150001063
cell 15 2.05 0.83448555 0.1 0.09817477 475.0 2030.0 5087.0 6056.5 150001064
cell 15 2.05 0.93266032 0.1 0.09817477 475.0 2030.0 5087.0 6056.5 150001065
cell 15 2.05 1.03083509 0.1 0.09817477 475.0 2030.0 5087.0 6056.5 150001066
cell 15 2.05 1.12900986 0.1 0.09817477 475.0 2030.0 5087.0 6056.5 150001067
cell 15 2.05 1.22718463 0.1 0.09817477 475.0 2030.0 5087.0 6056.5 150001068
cell 15 2.05 1.3253594 0.1 0.09817477 475.0 2030.0 5087.0 6056.5 150001069
cell 15 2.05 1.42353417 0.1 0.09817477 475.0 2030.0 5087.0 6056.5 150001070
cell 15 2.05 1.52170894 0.1 0.09817477 475.0 2030.0 5087.0 6056.5 150001071
cell 15 2.05 1.61988371 0.1 0.09817477 475.0 2030.0 5087.0 6056.5 150001072
cell 15 2.05 1.71805848 0.1 0.09817477 475.0 2030.0 5087.0 6056.5 150001073
cell 15 2.05 1.81623325 0.1 0.09817477 475.0 2030.0 5087.0 6056.5 150001074
cell 15 2.05 1.91440802 0.1 0.09817477 475.0 2030.0 5087.0 6056.5 150001075
cell 15 2.05 2.01258279 0.1 0.09817477 475.0 2030.0 5087.0 6056.5 150001076
cell 15 2.05 2.11075756 0.1 0.09817477 475.0 2030.0 5087.0 6056.5 150001077
cell 15 2.05 2.20893233 0.1 0.09817477 475.0 2030.0 5087.0 6056.5 150001078
cell 15 2.05 2.3071071 0.1 0.09817477 475.0 2030.0 5087.0 6056.5 150001079
cell 15 2.05 2.40528188 0.1 0.09817477 475.0 2030.0 5087.0 6056.5 150001080
cell 15 2.05 2.50345665 0.1 0.09817477 475.0 2030.0 5087.0 6056.5 150001081
cell 15 2.05 2.60163142 0.1 0.09817477 475.0 2030.0 5087.0 6056.5 150001082
cell 15 2.05 2.69980619 0.1 0.09817477 475.0 2030.0 5087.0 6056.5 150001083
cell 15 2.05 2.79798096 0.1 0.09817477 475.0 2030.0 5087.0 6056.5 150001084
cell 15 2.05 2.89615573 0.1 0.09817477 475.0 2030.0 5087.0 6056.5 150001085
cell 15 2.05 2.9943305 0.1 0.09817477 475.0 2030.0 5087.0 6056.5 150001086
cell 15 2.05 3.09250527 0.1 0.09817477 475.0 2030.0 5087.0 6056.5 150001087
cell 15 2.15 -3.09250527 0.1 0.09817477 475.0 2030.0 5087.0 6056.5 150001088
cell 15 2.15 -2.9943305 0.1 0.09817477 475.0 2030.0 5087.0 6056.5 150001089
cell 15 2.15 -2.89615573 0.1 0.09817477 475.0 2030.0 5087.0 6056.5 150001090
cell 15 2.15 -2.79798096 0.1 0.09817477 475.0 2030.0 5087.0 6056.5 150001091
cell 15 2.15 -2.69980619 0.1 0.09817477 475.0 2030.0 5087.0 6056.5 150001092
cell 15 2.15 -2.60163142 0.1 0.09817477 475.0 2030.0 5087.0 6056.5 150001093
cell 15 2.15 -2.50345665 0.1 0.09817477 475.0 2030.0 5087.0 6056.5 150001094
cell 15 2.15 -2.40528188 0.1 0.09817477 475.0 2030.0 5087.0 6056.5 150001095
cell 15 2.15 -2.3071071 0.1 0.09817477 475.0 2030.0 5087.0 6056.5 150001096
cell 15 2.15 -2.20893233 0.1 0.09817477 475.0 2030.0 5087.0 6056.5 150001097
cell 15 2.15 -2.11075756 0.1 0.09817477 475.0 2030.0 5087.0 6056.5 150001098
cell 15 2.15 -2.01258279 0.1 0.09817477 475.0 2030.0 5087.0 6056.5 150001099
cell 15 2.15 -1.91440802 0.1 0.09817477 475.0 2030.0 5087.0 6056.5 150001100
cell 15 2.15 -1.81623325 0.1 0.09817477 475.0 2030.0 5087.0 6056.5 150001101
cell 15 2.15 -1.71805848 0.1 0.09817477 475.0 2030.0 5087.0 6056.5 150001102
cell 15 2.15 -1.61988371 0.1 0.09817477 475.0 2030.0 5087.0 6056.5 150001103
cell 15 2.15 -1.52170894 0.1 0.09817477 475.0 2030.0 5087.0 6056.5 150001104
cell 15 2.15 -1.42353417 0.1 0.09817477 475.0 2030.0 5087.0 6056.5 150001105
cell 15 2.15 -1.3253594 0.1 0.09817477 475.0 2030.0 5087.0 6056.5 150001106
cell 15 2.15 -1.22718463 0.1 0.09817477 475.0 2030.0 5087.0 6056.5 150001107
cell 15 2.15 -1.12900986 0.1 0.09817477 475.0 2030.0 5087.0 6056.5 150001108
cell 15 2.15 -1.03083509 0.1 0.09817477 475.0 2030.0 5087.0 6056.5 150001109
cell 15 2.15 -0.93266032 0.1 0.09817477 475.0 2030.0 5087.0 6056.5 150001110
cell 15 2.15 -0.83448555 0.1 0.09817477 475.0 2030.0 5087.0 6056.5 150001111
cell 15 2.15 -0.73631078 0.1 0.09817477 475.0 2030.0 5087.0 6056.5 150001112
cell 15 2.15 -0.63813601 0.1 0.09817477 475.0 2030.0 5087.0 6056.5 150001113
cell 15 2.15 -0.53996124 0.1 0.09817477 475.0 2030.0 5087.0 6056.5 150001114
cell 15 2.15 -0.44178647 0.1 0.09817477 475.0 2030.0 5087.0 6056.5 150001115
cell 15 2.15 -0.3436117 0.1 0.09817477 475.0 2030.0 5087.0 6056.5 150001116
cell 15 2.15 -0.24543693 0.1 0.09817477 475.0 2030.0 5087.0 6056.5 150001117
cell 15 2.15 -0.14726216 0.1 0.09817477 475.0 2030.0 5087.0 6056.5 150001118
cell 15 2.15 -0.04908739 0.1 0.09817477 475.0 2030.0 5087.0 6056.5 150001119
cell 15 2.15 0.04908739 0.1 0.09817477 475.0 2030.0 5087.0 6056.5 150001120
cell 15 2.15 0.14726216 0.1 0.09817477 475.0 2030.0 5087.0 6056.5 150001121
cell 15 2.15 0.24543693 0.1 0.09817477 475.0 2030.0 5087.0 6056.5 150001122
cell 15 2.15 0.3436117 0.1 0.09817477 475.0 2030.0 5087.0 6056.5 150001123
cell 15 2.15 0.44178647 0.1 0.09817477 475.0 2030.0 5087.0 6056.5 150001124
cell 15 2.15 0.53996124 0.1 0.09817477 475.0 2030.0 5087.0 6056.5 150001125
cell 15 2.15 0.63813601 0.1 0.09817477 475.0 2030.0 5087.0 6056.5 150001126
cell 15 2.15 0.73631078 0.1 0.09817477 475.0 2030.0 5087.0 6056.5 150001127
cell 15 2.15 0.83448555 0.1 0.09817477 475.0 2030.0 5087.0 6056.5 150001128
cell 15 2.15 0.93266032 0.1 0.09817477 475.0 2030.0 5087.0 6056.5 150001129
cell 15 2.15 1.03083509 0.1 0.09817477 475.0 2030.0 5087.0 6056.5 150001130
cell 15 2.15 1.12900986 0.1 0.09817477 475.0 2030.0 5087.0 6056.5 150001131
cell 15 2.15 1.22718463 0.1 0.09817477 475.0 2030.0 5087.0 6056.5 150001132
cell 15 2.15 1.3253594 0.1 0.09817477 475.0 2030.0 5087.0 6056.5 150001133
cell 15 2.15 1.42353417 0.1 0.09817477 475.0 2030.0 5087.0 6056.5 150001134
cell 15 2.15 1.52170894 0.1 0.09817477 475.0 2030.0 5087.0 6056.5 150001135
cell 15 2.15 1.61988371 0.1 0.09817477 475.0 2030.0 5087.0 6056.5 150001136
cell 15 2.15 1.71805848 0.1 0.09817477 475.0 2030.0 5087.0 6056.5 150001137
cell 15 2.15 1.81623325 0.1 0.09817477 475.0 2030.0 5087.0 6056.5 150001138
cell 15 2.15 1.91440802 0.1 0.09817477 475.0 2030.0 5087.0 6056.5 150001139
cell 15 2.15 2.01258279 0.1 0.09817477 475.0 2030.0 5087.0 6056.5 150001140
cell 15 2.15 2.11075756 0.1 0.09817477 475.0 2030.0 5087.0 6056.5 150001141
cell 15 2.15 2.20893233 0.1 0.09817477 475.0 2030.0 5087.0 6056.5 150001142
cell 15 2.15 2.3071071 0.1 0.09817477 475.0 2030.0 5087.0 6056.5 150001143
cell 15 2.15 2.40528188 0.1 0.09817477 475.0 2030.0 5087.0 6056.5 150001144
cell 15 2.15 2.50345665 0.1 0.09817477 475.0 2030.0 5087.0 6056.5 150001145
cell 15 2.15 2.60163142 0.1 0.09817477 475.0 2030.0 5087.0 6056.5 150001146
cell 15 2.15 2.69980619 0.1 0.09817477 475.0 2030.0 5087.0 6056.5 150001147
cell 15 2.15 2.79798096 0.1 0.09817477 475.0 2030.0 5087.0 6056.5 150001148
cell 15 2.15 2.89615573 0.1 0.09817477 475.0 2030.0 5087.0 6056.5 150001149
cell 15 2.15 2.9943305 0.1 0.09817477 475.0 2030.0 5087.0 6056.5 150001150
cell 15 2.15 3.09250527 0.1 0.09817477 475.0 2030.0 5087.0 6056.5 150001151
cell 15 2.25 -3.09250527 0.1 0.09817477 475.0 2030.0 5087.0 6056.5 150001152
cell 15 2.25 -2.9943305 0.1 0.09817477 475.0 2030.0 5087.0 6056.5 150001153
cell 15 2.25 -2.89615573 0.1 0.09817477 475.0 2030.0 5087.0 6056.5 150001154
cell 15 2.25 -2.79798096 0.1 0.09817477 475.0 2030.0 5087.0 6056.5 150001155
cell 15 2.25 -2.69980619 0.1 0.09817477 475.0 2030.0 5087.0 6056.5 150001156
cell 15 2.25 -2.60163142 0.1 0.09817477 475.0 2030.0 5087.0 6056.5 150001157
cell 15 2.25 -2.50345665 0.1 0.09817477 475.0 2030.0 5087.0 6056.5 150001158
cell 15 2.25 -2.40528188 0.1 0.09817477 475.0 2030.0 5087.0 6056.5 150001159
cell 15 2.25 -2.3071071 0.1 0.09817477 475.0 2030.0 5087.0 6056.5 150001160
cell 15 2.25 -2.20893233 0.1 0.09817477 475.0 2030.0 5087.0 6056.5 150001161
cell 15 2.25 -2.11075756 0.1 0.09817477 475.0 2030.0 5087.0 6056.5 150001162
cell 15 2.25 -2.01258279 0.1 0.09817477 475.0 2030.0 5087.0 6056.5 150001163
cell 15 2.25 -1.91440802 0.1 0.09817477 475.0 2030.0 5087.0 6056.5 150001164
cell 15 2.25 -1.81623325 0.1 0.09817477 475.0 2030.0 5087.0 6056.5 150001165
cell 15 2.25 -1.71805848 0.1 0.09817477 475.0 2030.0 5087.0 6056.5 150001166
cell 15 2.25 -1.61988371 0.1 0.09817477 475.0 2030.0 5087.0 6056.5 150001167
cell 15 2.25 -1.52170894 0.1 0.09817477 475.0 2030.0 5087.0 6056.5 150001168
cell 15 2.25 -1.42353417 0.1 0.09817477 475.0 2030.0 5087.0 6056.5 150001169
cell 15 2.25 -1.3253594 0.1 0.09817477 475.0 2030.0 5087.0 6056.5 150001170
cell 15 2.25 -1.22718463 0.1 0.09817477 475.0 2030.0 5087.0 6056.5 150001171
cell 15 2.25 -1.12900986 0.1 0.09817477 475.0 2030.0 5087.0 6056.5 150001172
cell 15 2.25 -1.03083509 0.1 0.09817477 475.0 2030.0 5087.0 6056.5 150001173
cell 15 2.25 -0.93266032 0.1 0.09817477 475.0 2030.0 5087.0 6056.5 150001174
cell 15 2.25 -0.83448555 0.1 0.09817477 475.0 2030.0 5087.0 6056.5 150001175
cell 15 2.25 -0.73631078 0.1 0.09817477 475.0 2030.0 5087.0 6056.5 150001176
cell 15 2.25 -0.63813601 0.1 0.09817477 475.0 2030.0 5087.0 6056.5 150001177
cell 15 2.25 -0.53996124 0.1 0.09817477 475.0 2030.0 5087.0 6056.5 150001178
cell 15 2.25 -0.44178647 0.1 0.09817477 475.0 2030.0 5087.0 6056.5 150001179
cell 15 2.25 -0.3436117 0.1 0.09817477 475.0 2030.0 5087.0 6056.5 150001180
cell 15 2.25 -0.24543693 0.1 0.09817477 475.0 2030.0 5087.0 6056.5 150001181
cell 15 2.25 -0.14726216 0.1 0.09817477 475.0 2030.0 5087.0 6056.5 150001182
cell 15 2.25 -0.04908739 0.1 0.09817477 475.0 2030.0 5087.0 6056.5 150001183
cell 15 2.25 0.04908739 0.1 0.09817477 475.0 2030.0 5087.0 6056.5 150001184
cell 15 2.25 0.14726216 0.1 0.09817477 475.0 2030.0 5087.0 6056.5 150001185
cell 15 2.25 0.24543693 0.1 0.09817477 475.0 2030.0 5087.0 6056.5 150001186
cell 15 2.25 0.3436117 0.1 0.09817477 475.0 2030.0 5087.0 6056.5 150001187
cell 15 2.25 0.44178647 0.1 0.09817477 475.0 2030.0 5087.0 6056.5 150001188
cell 15 2.25 0.53996124 0.1 0.09817477 475.0 2030.0 5087.0 6056.5 150001189
cell 15 2.25 0.63813601 0.1 0.09817477 475.0 2030.0 5087.0 6056.5 150001190
cell 15 2.25 0.73631078 0.1 0.09817477 475.0 2030.0 5087.0 6056.5 150001191
cell 15 2.25 0.83448555 0.1 0.09817477 475.0 2030.0 5087.0 6056.5 150001192
cell 15 2.25 0.93266032 0.1 0.09817477 475.0 2030.0 5087.0 6056.5 150001193
cell 15 2.25 1.03083509 0.1 0.09817477 475.0 2030.0 5087.0 6056.5 150001194
cell 15 2.25 1.12900986 0.1 0.09817477 475.0 2030.0 5087.0 6056.5 150001195
cell 15 2.25 1.22718463 0.1 0.09817477 475.0 2030.0 5087.0 6056.5 150001196
cell 15 2.25 1.3253594 0.1 0.09817477 475.0 2030.0 5087.0 6056.5 150001197
cell 15 2.25 1.42353417 0.1 0.09817477 475.0 2030.0 5087.0 6056.5 150001198
cell 15 2.25 1.52170894 0.1 0.09817477 475.0 2030.0 5087.0 6056.5 150001199
cell 15 2.25 1.61988371 0.1 0.09817477 475.0 2030.0 5087.0 6056.5 150001200
cell 15 2.25 1.71805848 0.1 0.09817477 475.0 2030.0 5087.0 6056.5 150001201
cell 15 2.25 1.81623325 0.1 0.09817477 475.0 2030.0 5087.0 6056.5 150001202
cell 15 2.25 1.91440802 0.1 0.09817477 475.0 2030.0 5087.0 6056.5 150001203
cell 15 2.25 2.01258279 0.1 0.09817477 475.0 2030.0 5087.0 6056.5 150001204
cell 15 2.25 2.11075756 0.1 0.09817477 475.0 2030.0 5087.0 6056.5 150001205
cell 15 2.25 2.20893233 0.1 0.09817477 475.0 2030.0 5087.0 6056.5 150001206
cell 15 2.25 2.3071071 0.1 0.09817477 475.0 2030.0 5087.0 6056.5 150001207
cell 15 2.25 2.40528188 0.1 0.09817477 475.0 2030.0 5087.0 6056.5 150001208
cell 15 2.25 2.50345665 0.1 0.09817477 475.0 2030.0 5087.0 6056.5 150001209
cell 15 2.25 2.60163142 0.1 0.09817477 475.0 2030.0 5087.0 6056.5 150001210
cell 15 2.25 2.69980619 0.1 0.09817477 475.0 2030.0 5087.0 6056.5 150001211
cell 15 2.25 2.79798096 0.1 0.09817477 475.0 2030.0 5087.0 6056.5 150001212
cell 15 2.25 2.89615573 0.1 0.09817477 475.0 2030.0 5087.0 6056.5 150001213
cell 15 2.25 2.9943305 0.1 0.09817477 475.0 2030.0 5087.0 6056.5 150001214
cell 15 2.25 3.09250527 0.1 0.09817477 475.0 2030.0 5087.0 6056.5 150001215
cell 15 2.35 -3.09250527 0.1 0.09817477 475.0 2030.0 5087.0 6056.5 150001216
cell 15 2.35 -2.9943305 0.1 0.09817477 475.0 2030.0 5087.0 6056.5 150001217
cell 15 2.35 -2.89615573 0.1 0.09817477 475.0 2030.0 5087.0 6056.5 150001218
cell 15 2.35 -2.79798096 0.1 0.09817477 475.0 2030.0 5087.0 6056.5 150001219
cell 15 2.35 -2.69980619 0.1 0.09817477 475.0 2030.0 5087.0 6056.5 150001220
cell 15 2.35 -2.60163142 0.1 0.09817477 475.0 2030.0 5087.0 6056.5 150001221
cell 15 2.35 -2.50345665 0.1 0.09817477 475.0 2030.0 5087.0 6056.5 150001222
cell 15 2.35 -2.40528188 0.1 0.09817477 475.0 2030.0 5087.0 6056.5 150001223
cell 15 2.35 -2.3071071 0.1 0.09817477 475.0 2030.0 5087.0 6056.5 150001224
cell 15 2.35 -2.20893233 0.1 0.09817477 475.0 2030.0 5087.0 6056.5 150001225
cell 15 2.35 -2.11075756 0.1 0.09817477 475.0 2030.0 5087.0 6056.5 150001226
cell 15 2.35 -2.01258279 0.1 0.09817477 475.0 2030.0 5087.0 6056.5 150001227
cell 15 2.35 -1.91440802 0.1 0.09817477 475.0 2030.0 5087.0 6056.5 150001228
cell 15 2.35 -1.81623325 0.1 0.09817477 475.0 2030.0 5087.0 6056.5 150001229
cell 15 2.35 -1.71805848 0.1 0.09817477 475.0 2030.0 5087.0 6056.5 150001230
cell 15 2.35 -1.61988371 0.1 0.09817477 475.0 2030.0 5087.0 6056.5 150001231
cell 15 2.35 -1.52170894 0.1 0.09817477 475.0 2030.0 5087.0 6056.5 150001232
cell 15 2.35 -1.42353417 0.1 0.09817477 475.0 2030.0 5087.0 6056.5 150001233
cell 15 2.35 -1.3253594 0.1 0.09817477 475.0 2030.0 5087.0 6056.5 150001234
cell 15 2.35 -1.22718463 0.1 0.09817477 475.0 2030.0 5087.0 6056.5 150001235
cell 15 2.35 -1.12900986 0.1 0.09817477 475.0 2030.0 5087.0 6056.5 150001236
cell 15 2.35 -1.03083509 0.1 0.09817477 475.0 2030.0 5087.0 6056.5 150001237
cell 15 2.35 -0.93266032 0.1 0.09817477 475.0 2030.0 5087.0 6056.5 150001238
cell 15 2.35 -0.83448555 0.1 0.09817477 475.0 2030.0 5087.0 6056.5 150001239
cell 15 2.35 -0.73631078 0.1 0.09817477 475.0 2030.0 5087.0 6056.5 150001240
cell 15 2.35 -0.63813601 0.1 0.09817477 475.0 2030.0 5087.0 6056.5 150001241
cell 15 2.35 -0.53996124 0.1 0.09817477 475.0 2030.0 5087.0 6056.5 150001242
cell 15 2.35 -0.44178647 0.1 0.09817477 475.0 2030.0 5087.0 6056.5 150001243
cell 15 2.35 -0.3436117 0.1 0.09817477 475.0 2030.0 5087.0 6056.5 150001244
cell 15 2.35 -0.24543693 0.1 0.09817477 475.0 2030.0 5087.0 6056.5 150001245
cell 15 2.35 -0.14726216 0.1 0.09817477 475.0 2030.0 5087.0 6056.5 150001246
cell 15 2.35 -0.04908739 0.1 0.09817477 475.0 2030.0 5087.0 6056.5 150001247
cell 15 2.35 0.04908739 0.1 0.09817477 475.0 2030.0 5087.0 6056.5 150001248
cell 15 2.35 0.14726216 0.1 0.09817477 475.0 2030.0 5087.0 6056.5 150001249
cell 15 2.35 0.24543693 0.1 0.09817477 475.0 2030.0 5087.0 6056.5 150001250
cell 15 2.35 0.3436117 0.1 0.09817477 475.0 2030.0 5087.0 6056.5 150001251
cell 15 2.35 0.44178647 0.1 0.09817477 475.0 2030.0 5087.0 6056.5 150001252
cell 15 2.35 0.53996124 0.1 0.09817477 475.0 2030.0 5087.0 6056.5 150001253
cell 15 2.35 0.63813601 0.1 0.09817477 475.0 2030.0 5087.0 6056.5 150001254
cell 15 2.35 0.73631078 0.1 0.09817477 475.0 2030.0 5087.0 6056.5 150001255
cell 15 2.35 0.83448555 0.1 0.09817477 475.0 2030.0 5087.0 6056.5 150001256
cell 15 2.35 0.93266032 0.1 0.09817477 475.0 2030.0 5087.0 6056.5 150001257
cell 15 2.35 1.03083509 0.1 0.09817477 475.0 2030.0 5087.0 6056.5 150001258
cell 15 2.35 1.12900986 0.1 0.09817477 475.0 2030.0 5087.0 6056.5 150001259
cell 15 2.35 1.22718463 0.1 0.09817477 475.0 2030.0 5087.0 6056.5 150001260
cell 15 2.35 1.3253594 0.1 0.09817477 475.0 2030.0 5087.0 6056.5 150001261
cell 15 2.35 1.42353417 0.1 0.09817477 475.0 2030.0 5087.0 6056.5 150001262
cell 15 2.35 1.52170894 0.1 0.09817477 475.0 2030.0 5087.0 6056.5 150001263
cell 15 2.35 1.61988371 0.1 0.09817477 475.0 2030.0 5087.0 6056.5 150001264
cell 15 2.35 1.71805848 0.1 0.09817477 475.0 2030.0 5087.0 6056.5 150001265
cell 15 2.35 1.81623325 0.1 0.09817477 475.0 2030.0 5087.0 6056.5 150001266
cell 15 2.35 1.91440802 0.1 0.09817477 475.0 2030.0 5087.0 6056.5 150001267
cell 15 2.35 2.01258279 0.1 0.09817477 475.0 2030.0 5087.0 6056.5 150001268
cell 15 2.35 2.11075756 0.1 0.09817477 475.0 2030.0 5087.0 6056.5 150001269
cell 15 2.35 2.20893233 0.1 0.09817477 475.0 2030.0 5087.0 6056.5 150001270
cell 15 2.35 2.3071071 0.1 0.09817477 475.0 2030.0 5087.0 6056.5 150001271
cell 15 2.35 2.40528188 0.1 0.09817477 475.0 2030.0 5087.0 6056.5 150001272
cell 15 2.35 2.50345665 0.1 0.09817477 475.0 2030.0 5087.0 6056.5 150001273
cell 15 2.35 2.60163142 0.1 0.09817477 475.0 2030.0 5087.0 6056.5 150001274
cell 15 2.35 2.69980619 0.1 0.09817477 475.0 2030.0 5087.0 6056.5 150001275
cell 15 2.35 2.79798096 0.1 0.09817477 475.0 2030.0 5087.0 6056.5 150001276
cell 15 2.35 2.89615573 0.1 0.09817477 475.0 2030.0 5087.0 6056.5 150001277
cell 15 2.35 2.9943305 0.1 0.09817477 475.0 2030.0 5087.0 6056.5 150001278
cell 15 2.35 3.09250527 0.1 0.09817477 475.0 2030.0 5087.0 6056.5 150001279
cell 15 2.45 -3.09250527 0.1 0.09817477 475.0 2030.0 5087.0 6056.5 150001280
cell 15 2.45 -2.9943305 0.1 0.09817477 475.0 2030.0 5087.0 6056.5 150001281
cell 15 2.45 -2.89615573 0.1 0.09817477 475.0 2030.0 5087.0 6056.5 150001282
cell 15 2.45 -2.79798096 0.1 0.09817477 475.0 2030.0 5087.0 6056.5 150001283
cell 15 2.45 -2.69980619 0.1 0.09817477 475.0 2030.0 5087.0 6056.5 150001284
cell 15 2.45 -2.60163142 0.1 0.09817477 475.0 2030.0 5087.0 6056.5 150001285
cell 15 2.45 -2.50345665 0.1 0.09817477 475.0 2030.0 5087.0 6056.5 150001286
cell 15 2.45 -2.40528188 0.1 0.09817477 475.0 2030.0 5087.0 6056.5 150001287
cell 15 2.45 -2.3071071 0.1 0.09817477 475.0 2030.0 5087.0 6056.5 150001288
cell 15 2.45 -2.20893233 0.1 0.09817477 475.0 2030.0 5087.0 6056.5 150001289
cell 15 2.45 -2.11075756 0.1 0.09817477 475.0 2030.0 5087.0 6056.5 150001290
cell 15 2.45 -2.01258279 0.1 0.09817477 475.0 2030.0 5087.0 6056.5 150001291
cell 15 2.45 -1.91440802 0.1 0.09817477 475.0 2030.0 5087.0 6056.5 150001292
cell 15 2.45 -1.81623325 0.1 0.09817477 475.0 2030.0 5087.0 6056.5 150001293
cell 15 2.45 -1.71805848 0.1 0.09817477 475.0 2030.0 5087.0 6056.5 150001294
cell 15 2.45 -1.61988371 0.1 0.09817477 475.0 2030.0 5087.0 6056.5 150001295
cell 15 2.45 -1.52170894 0.1 0.09817477 475.0 2030.0 5087.0 6056.5 150001296
cell 15 2.45 -1.42353417 0.1 0.09817477 475.0 2030.0 5087.0 6056.5 150001297
cell 15 2.45 -1.3253594 0.1 0.09817477 475.0 2030.0 5087.0 6056.5 150001298
cell 15 2.45 -1.22718463 0.1 0.09817477 475.0 2030.0 5087.0 6056.5 150001299
cell 15 2.45 -1.12900986 0.1 0.09817477 475.0 2030.0 5087.0 6056.5 150001300
cell 15 2.45 -1.03083509 0.1 0.09817477 475.0 2030.0 5087.0 6056.5 150001301
cell 15 2.45 -0.93266032 0.1 0.09817477 475.0 2030.0 5087.0 6056.5 150001302
cell 15 2.45 -0.83448555 0.1 0.09817477 475.0 2030.0 5087.0 6056.5 150001303
cell 15 2.45 -0.73631078 0.1 0.09817477 475.0 2030.0 5087.0 6056.5 150001304
cell 15 2.45 -0.63813601 0.1 0.09817477 475.0 2030.0 5087.0 6056.5 150001305
cell 15 2.45 -0.53996124 0.1 0.09817477 475.0 2030.0 5087.0 6056.5 150001306
cell 15 2.45 -0.44178647 0.1 0.09817477 475.0 2030.0 5087.0 6056.5 150001307
cell 15 2.45 -0.3436117 0.1 0.09817477 475.0 2030.0 5087.0 6056.5 150001308
cell 15 2.45 -0.24543693 0.1 0.09817477 475.0 2030.0 5087.0 6056.5 150001309
cell 15 2.45 -0.14726216 0.1 0.09817477 475.0 2030.0 5087.0 6056.5 150001310
cell 15 2.45 -0.04908739 0.1 0.09817477 475.0 2030.0 5087.0 6056.5 150001311
cell 15 2.45 0.04908739 0.1 0.09817477 475.0 2030.0 5087.0 6056.5 150001312
cell 15 2.45 0.14726216 0.1 0.09817477 475.0 2030.0 5087.0 6056.5 150001313
cell 15 2.45 0.24543693 0.1 0.09817477 475.0 2030.0 5087.0 6056.5 150001314
cell 15 2.45 0.3436117 0.1 0.09817477 475.0 2030.0 5087.0 6056.5 150001315
cell 15 2.45 0.44178647 0.1 0.09817477 475.0 2030.0 5087.0 6056.5 150001316
cell 15 2.45 0.53996124 0.1 0.09817477 475.0 2030.0 5087.0 6056.5 150001317
cell 15 2.45 0.63813601 0.1 0.09817477 475.0 2030.0 5087.0 6056.5 150001318
cell 15 2.45 0.73631078 0.1 0.09817477 475.0 2030.0 5087.0 6056.5 150001319
cell 15 2.45 0.83448555 0.1 0.09817477 475.0 2030.0 5087.0 6056.5 150001320
cell 15 2.45 0.93266032 0.1 0.09817477 475.0 2030.0 5087.0 6056.5 150001321
cell 15 2.45 1.03083509 0.1 0.09817477 475.0 2030.0 5087.0 6056.5 150001322
cell 15 2.45 1.12900986 0.1 0.09817477 475.0 2030.0 5087.0 6056.5 150001323
cell 15 2.45 1.22718463 0.1 0.09817477 475.0 2030.0 5087.0 6056.5 150001324
cell 15 2.45 1.3253594 0.1 0.09817477 475.0 2030.0 5087.0 6056.5 150001325
cell 15 2.45 1.42353417 0.1 0.09817477 475.0 2030.0 5087.0 6056.5 150001326
cell 15 2.45 1.52170894 0.1 0.09817477 475.0 2030.0 5087.0 6056.5 150001327
cell 15 2.45 1.61988371 0.1 0.09817477 475.0 2030.0 5087.0 6056.5 150001328
cell 15 2.45 1.71805848 0.1 0.09817477 475.0 2030.0 5087.0 6056.5 150001329
cell 15 2.45 1.81623325 0.1 0.09817477 475.0 2030.0 5087.0 6056.5 150001330
cell 15 2.45 1.91440802 0.1 0.09817477 475.0 2030.0 5087.0 6056.5 150001331
cell 15 2.45 2.01258279 0.1 0.09817477 475.0 2030.0 5087.0 6056.5 150001332
cell 15 2.45 2.11075756 0.1 0.09817477 475.0 2030.0 5087.0 6056.5 150001333
cell 15 2.45 2.20893233 0.1 0.09817477 475.0 2030.0 5087.0 6056.5 150001334
cell 15 2.45 2.3071071 0.1 0.09817477 475.0 2030.0 5087.0 6056.5 150001335
cell 15 2.45 2.40528188 0.1 0.09817477 475.0 2030.0 5087.0 6056.5 150001336
cell 15 2.45 2.50345665 0.1 0.09817477 475.0 2030.0 5087.0 6056.5 150001337
cell 15 2.45 2.60163142 0.1 0.09817477 475.0 2030.0 5087.0 6056.5 150001338
cell 15 2.45 2.69980619 0.1 0.09817477 475.0 2030.0 5087.0 6056.5 150001339
cell 15 2.45 2.79798096 0.1 0.09817477 475.0 2030.0 5087.0 6056.5 150001340
cell 15 2.45 2.89615573 0.1 0.09817477 475.0 2030.0 5087.0 6056.5 150001341
cell 15 2.45 2.9943305 0.1 0.09817477 475.0 2030.0 5087.0 6056.5 150001342
cell 15 2.45 3.09250527 0.1 0.09817477 475.0 2030.0 5087.0 6056.5 150001343
