# sample segmentation eta phi delta_eta delta_phi rmin rmax zmin zmax
config 13 0 1.5 2.5 372.0 2030.0 4262.0 4551.0
eta_bins -2.5 -2.4 -2.3 -2.2 -2.1 -2.0 -1.9 -1.8 -1.7 -1.6 -1.5 1.5 1.6 1.7 1.8 1.9 2.0 2.1 2.2 2.3 2.4 2.5
phi_bins -3.1416 -3.0434 -2.9452 -2.8471 -2.7489 -2.6507 -2.5525 -2.4544 -2.3562 -2.258 -2.1598 -2.0617 -1.9635 -1.8653 -1.7671 -1.669 -1.5708 -1.4726 -1.3744 -1.2763 -1.1781 -1.0799 -0.9817 -0.8836 -0.7854 -0.6872 -0.589 -0.4909 -0.3927 -0.2945 -0.1963 -0.0982 0.0 0.0982 0.1963 0.2945 0.3927 0.4909 0.589 0.6872 0.7854 0.8836 0.9817 1.0799 1.1781 1.2763 1.3744 1.4726 1.5708 1.669 1.7671 1.8653 1.9635 2.0617 2.1598 2.258 2.3562 2.4544 2.5525 2.6507 2.7489 2.8471 2.9452 3.0434 3.1416
cell 13 -2.45 -3.09250527 0.1 0.09817477 372.0 2030.0 4262.0 4551.0 130000000
cell 13 -2.45 -2.9943305 0.1 0.09817477 372.0 2030.0 4262.0 4551.0 130000001
cell 13 -2.45 -2.89615573 0.1 0.09817477 372.0 2030.0 4262.0 4551.0 130000002
cell 13 -2.45 -2.79798096 0.1 0.09817477 372.0 2030.0 4262.0 4551.0 130000003
cell 13 -2.45 -2.69980619 0.1 0.09817477 372.0 2030.0 4262.0 4551.0 130000004
cell 13 -2.45 -2.60163142 0.1 0.09817477 372.0 2030.0 4262.0 4551.0 130000005
cell 13 -2.45 -2.50345665 0.1 0.09817477 372.0 2030.0 4262.0 4551.0 130000006
cell 13 -2.45 -2.40528188 0.1 0.09817477 372.0 2030.0 4262.0 4551.0 130000007
cell 13 -2.45 -2.3071071 0.1 0.09817477 372.0 2030.0 4262.0 4551.0 130000008
cell 13 -2.45 -2.20893233 0.1 0.09817477 372.0 2030.0 4262.0 4551.0 130000009
cell 13 -2.45 -2.11075756 0.1 0.09817477 372.0 2030.0 4262.0 4551.0 130000010
cell 13 -2.45 -2.01258279 0.1 0.09817477 372.0 2030.0 4262.0 4551.0 130000011
cell 13 -2.45 -1.91440802 0.1 0.09817477 372.0 2030.0 4262.0 4551.0 130000012
cell 13 -2.45 -1.81623325 0.1 0.09817477 372.0 2030.0 4262.0 4551.0 130000013
cell 13 -2.45 -1.71805848 0.1 0.09817477 372.0 2030.0 4262.0 4551.0 130000014
cell 13 -2.45 -1.61988371 0.1 0.09817477 372.0 2030.0 4262.0 4551.0 130000015
cell 13 -2.45 -1.52170894 0.1 0.09817477 372.0 2030.0 4262.0 4551.0 130000016
cell 13 -2.45 -1.42353417 0.1 0.09817477 372.0 2030.0 4262.0 4551.0 130000017
cell 13 -2.45 -1.3253594 0.1 0.09817477 372.0 2030.0 4262.0 4551.0 130000018
cell 13 -2.45 -1.22718463 0.1 0.09817477 372.0 2030.0 4262.0 4551.0 130000019
cell 13 -2.45 -1.12900986 0.1 0.09817477 372.0 2030.0 4262.0 4551.0 130000020
cell 13 -2.45 -1.03083509 0.1 0.09817477 372.0 2030.0 4262.0 4551.0 130000021
cell 13 -2.45 -0.93266032 0.1 0.09817477 372.0 2030.0 4262.0 4551.0 130000022
cell 13 -2.45 -0.83448555 0.1 0.09817477 372.0 2030.0 4262.0 4551.0 130000023
cell 13 -2.45 -0.73631078 0.1 0.09817477 372.0 2030.0 4262.0 4551.0 130000024
cell 13 -2.45 -0.63813601 0.1 0.09817477 372.0 2030.0 4262.0 4551.0 130000025
cell 13 -2.45 -0.53996124 0.1 0.09817477 372.0 2030.0 4262.0 4551.0 130000026
cell 13 -2.45 -0.44178647 0.1 0.09817477 372.0 2030.0 4262.0 4551.0 130000027
cell 13 -2.45 -0.3436117 0.1 0.09817477 372.0 2030.0 4262.0 4551.0 130000028
cell 13 -2.45 -0.24543693 0.1 0.09817477 372.0 2030.0 4262.0 4551.0 130000029
cell 13 -2.45 -0.14726216 0.1 0.09817477 372.0 2030.0 4262.0 4551.0 130000030
cell 13 -2.45 -0.04908739 0.1 0.09817477 372.0 2030.0 4262.0 4551.0 130000031
cell 13 -2.45 0.04908739 0.1 0.09817477 372.0 2030.0 4262.0 4551.0 130000032
cell 13 -2.45 0.14726216 0.1 0.09817477 372.0 2030.0 4262.0 4551.0 130000033
cell 13 -2.45 0.24543693 0.1 0.09817477 372.0 2030.0 4262.0 4551.0 130000034
cell 13 -2.45 0.3436117 0.1 0.09817477 372.0 2030.0 4262.0 4551.0 130000035
cell 13 -2.45 0.44178647 0.1 0.09817477 372.0 2030.0 4262.0 4551.0 130000036
cell 13 -2.45 0.53996124 0.1 0.09817477 372.0 2030.0 4262.0 4551.0 130000037
cell 13 -2.45 0.63813601 0.1 0.09817477 372.0 2030.0 4262.0 4551.0 130000038
cell 13 -2.45 0.73631078 0.1 0.09817477 372.0 2030.0 4262.0 4551.0 130000039
cell 13 -2.45 0.83448555 0.1 0.09817477 372.0 2030.0 4262.0 4551.0 130000040
cell 13 -2.45 0.93266032 0.1 0.09817477 372.0 2030.0 4262.0 4551.0 130000041
cell 13 -2.45 1.03083509 0.1 0.09817477 372.0 2030.0 4262.0 4551.0 130000042
cell 13 -2.45 1.12900986 0.1 0.09817477 372.0 2030.0 4262.0 4551.0 130000043
cell 13 -2.45 1.22718463 0.1 0.09817477 372.0 2030.0 4262.0 4551.0 130000044
cell 13 -2.45 1.3253594 0.1 0.09817477 372.0 2030.0 4262.0 4551.0 130000045
cell 13 -2.45 1.42353417 0.1 0.09817477 372.0 2030.0 4262.0 4551.0 130000046
cell 13 -2.45 1.52170894 0.1 0.09817477 372.0 2030.0 4262.0 4551.0 130000047
cell 13 -2.45 1.61988371 0.1 0.09817477 372.0 2030.0 4262.0 4551.0 130000048
cell 13 -2.45 1.71805848 0.1 0.09817477 372.0 2030.0 4262.0 4551.0 130000049
cell 13 -2.45 1.81623325 0.1 0.09817477 372.0 2030.0 4262.0 4551.0 130000050
cell 13 -2.45 1.91440802 0.1 0.09817477 372.0 2030.0 4262.0 4551.0 130000051
cell 13 -2.45 2.01258279 0.1 0.09817477 372.0 2030.0 4262.0 4551.0 130000052
cell 13 -2.45 2.11075756 0.1 0.09817477 372.0 2030.0 4262.0 4551.0 130000053
cell 13 -2.45 2.20893233 0.1 0.09817477 372.0 2030.0 4262.0 4551.0 130000054
cell 13 -2.45 2.3071071 0.1 0.09817477 372.0 2030.0 4262.0 4551.0 130000055
cell 13 -2.45 2.40528188 0.1 0.09817477 372.0 2030.0 4262.0 4551.0 130000056
cell 13 -2.45 2.50345665 0.1 0.09817477 372.0 2030.0 4262.0 4551.0 130000057
cell 13 -2.45 2.60163142 0.1 0.09817477 372.0 2030.0 4262.0 4551.0 130000058
cell 13 -2.45 2.69980619 0.1 0.09817477 372.0 2030.0 4262.0 4551.0 130000059
cell 13 -2.45 2.79798096 0.1 0.09817477 372.0 2030.0 4262.0 4551.0 130000060
cell 13 -2.45 2.89615573 0.1 0.09817477 372.0 2030.0 4262.0 4551.0 130000061
cell 13 -2.45 2.9943305 0.1 0.09817477 372.0 2030.0 4262.0 4551.0 130000062
cell 13 -2.45 3.09250527 0.1 0.09817477 372.0 2030.0 4262.0 4551.0 130000063
cell 13 -2.35 -3.09250527 0.1 0.09817477 372.0 2030.0 4262.0 4551.0 130000064
cell 13 -2.35 -2.9943305 0.1 0.09817477 372.0 2030.0 4262.0 4551.0 130000065
cell 13 -2.35 -2.89615573 0.1 0.09817477 372.0 2030.0 4262.0 4551.0 130000066
cell 13 -2.35 -2.79798096 0.1 0.09817477 372.0 2030.0 4262.0 4551.0 130000067
cell 13 -2.35 -2.69980619 0.1 0.09817477 372.0 2030.0 4262.0 4551.0 130000068
cell 13 -2.35 -2.60163142 0.1 0.09817477 372.0 2030.0 4262.0 4551.0 130000069
cell 13 -2.35 -2.50345665 0.1 0.09817477 372.0 2030.0 4262.0 4551.0 130000070
cell 13 -2.35 -2.40528188 0.1 0.09817477 372.0 2030.0 4262.0 4551.0 130000071
cell 13 -2.35 -2.3071071 0.1 0.09817477 372.0 2030.0 4262.0 4551.0 130000072
cell 13 -2.35 -2.20893233 0.1 0.09817477 372.0 2030.0 4262.0 4551.0 130000073
cell 13 -2.35 -2.11075756 0.1 0.09817477 372.0 2030.0 4262.0 4551.0 130000074
cell 13 -2.35 -2.01258279 0.1 0.09817477 372.0 2030.0 4262.0 4551.0 130000075
cell 13 -2.35 -1.91440802 0.1 0.09817477 372.0 2030.0 4262.0 4551.0 130000076
cell 13 -2.35 -1.81623325 0.1 0.09817477 372.0 2030.0 4262.0 4551.0 130000077
cell 13 -2.35 -1.71805848 0.1 0.09817477 372.0 2030.0 4262.0 4551.0 130000078
cell 13 -2.35 -1.61988371 0.1 0.09817477 372.0 2030.0 4262.0 4551.0 130000079
cell 13 -2.35 -1.52170894 0.1 0.09817477 372.0 2030.0 4262.0 4551.0 130000080
cell 13 -2.35 -1.42353417 0.1 0.09817477 372.0 2030.0 4262.0 4551.0 130000081
cell 13 -2.35 -1.3253594 0.1 0.09817477 372.0 2030.0 4262.0 4551.0 130000082
cell 13 -2.35 -1.22718463 0.1 0.09817477 372.0 2030.0 4262.0 4551.0 130000083
cell 13 -2.35 -1.12900986 0.1 0.09817477 372.0 2030.0 4262.0 4551.0 130000084
cell 13 -2.35 -1.03083509 0.1 0.09817477 372.0 2030.0 4262.0 4551.0 130000085
cell 13 -2.35 -0.93266032 0.1 0.09817477 372.0 2030.0 4262.0 4551.0 130000086
cell 13 -2.35 -0.83448555 0.1 0.09817477 372.0 2030.0 4262.0 4551.0 130000087
cell 13 -2.35 -0.73631078 0.1 0.09817477 372.0 2030.0 4262.0 4551.0 130000088
cell 13 -2.35 -0.63813601 0.1 0.09817477 372.0 2030.0 4262.0 4551.0 130000089
cell 13 -2.35 -0.53996124 0.1 0.09817477 372.0 2030.0 4262.0 4551.0 130000090
cell 13 -2.35 -0.44178647 0.1 0.09817477 372.0 2030.0 4262.0 4551.0 130000091
cell 13 -2.35 -0.3436117 0.1 0.09817477 372.0 2030.0 4262.0 4551.0 130000092
cell 13 -2.35 -0.24543693 0.1 0.09817477 372.0 2030.0 4262.0 4551.0 130000093
cell 13 -2.35 -0.14726216 0.1 0.09817477 372.0 2030.0 4262.0 4551.0 130000094
cell 13 -2.35 -0.04908739 0.1 0.09817477 372.0 2030.0 4262.0 4551.0 130000095
cell 13 -2.35 0.04908739 0.1 0.09817477 372.0 2030.0 4262.0 4551.0 130000096
cell 13 -2.35 0.14726216 0.1 0.09817477 372.0 2030.0 4262.0 4551.0 130000097
cell 13 -2.35 0.24543693 0.1 0.09817477 372.0 2030.0 4262.0 4551.0 130000098
cell 13 -2.35 0.3436117 0.1 0.09817477 372.0 2030.0 4262.0 4551.0 130000099
cell 13 -2.35 0.44178647 0.1 0.09817477 372.0 2030.0 4262.0 4551.0 130000100
cell 13 -2.35 0.53996124 0.1 0.09817477 372.0 2030.0 4262.0 4551.0 130000101
cell 13 -2.35 0.63813601 0.1 0.09817477 372.0 2030.0 4262.0 4551.0 130000102
cell 13 -2.35 0.73631078 0.1 0.09817477 372.0 2030.0 4262.0 4551.0 130000103
cell 13 -2.35 0.83448555 0.1 0.09817477 372.0 2030.0 4262.0 4551.0 130000104
cell 13 -2.35 0.93266032 0.1 0.09817477 372.0 2030.0 4262.0 4551.0 130000105
cell 13 -2.35 1.03083509 0.1 0.09817477 372.0 2030.0 4262.0 4551.0 130000106
cell 13 -2.35 1.12900986 0.1 0.09817477 372.0 2030.0 4262.0 4551.0 130000107
cell 13 -2.35 1.22718463 0.1 0.09817477 372.0 2030.0 4262.0 4551.0 130000108
cell 13 -2.35 1.3253594 0.1 0.09817477 372.0 2030.0 4262.0 4551.0 130000109
cell 13 -2.35 1.42353417 0.1 0.09817477 372.0 2030.0 4262.0 4551.0 130000110
cell 13 -2.35 1.52170894 0.1 0.09817477 372.0 2030.0 4262.0 4551.0 130000111
cell 13 -2.35 1.61988371 0.1 0.09817477 372.0 2030.0 4262.0 4551.0 130000112
cell 13 -2.35 1.71805848 0.1 0.09817477 372.0 2030.0 4262.0 4551.0 130000113
cell 13 -2.35 1.81623325 0.1 0.09817477 372.0 2030.0 4262.0 4551.0 130000114
cell 13 -2.35 1.91440802 0.1 0.09817477 372.0 2030.0 4262.0 4551.0 130000115
cell 13 -2.35 2.01258279 0.1 0.09817477 372.0 2030.0 4262.0 4551.0 130000116
cell 13 -2.35 2.11075756 0.1 0.09817477 372.0 2030.0 4262.0 4551.0 130000117
cell 13 -2.35 2.20893233 0.1 0.09817477 372.0 2030.0 4262.0 4551.0 130000118
cell 13 -2.35 2.3071071 0.1 0.09817477 372.0 2030.0 4262.0 4551.0 130000119
cell 13 -2.35 2.40528188 0.1 0.09817477 372.0 2030.0 4262.0 4551.0 130000120
cell 13 -2.35 2.50345665 0.1 0.09817477 372.0 2030.0 4262.0 4551.0 130000121
cell 13 -2.35 2.60163142 0.1 0.09817477 372.0 2030.0 4262.0 4551.0 130000122
cell 13 -2.35 2.69980619 0.1 0.09817477 372.0 2030.0 4262.0 4551.0 130000123
cell 13 -2.35 2.79798096 0.1 0.09817477 372.0 2030.0 4262.0 4551.0 130000124
cell 13 -2.35 2.89615573 0.1 0.09817477 372.0 2030.0 4262.0 4551.0 130000125
cell 13 -2.35 2.9943305 0.1 0.09817477 372.0 2030.0 4262.0 4551.0 130000126
cell 13 -2.35 3.09250527 0.1 0.09817477 372.0 2030.0 4262.0 4551.0 130000127
cell 13 -2.25 -3.09250527 0.1 0.09817477 372.0 2030.0 4262.0 4551.0 130000128
cell 13 -2.25 -2.9943305 0.1 0.09817477 372.0 2030.0 4262.0 4551.0 130000129
cell 13 -2.25 -2.89615573 0.1 0.09817477 372.0 2030.0 4262.0 4551.0 130000130
cell 13 -2.25 -2.79798096 0.1 0.09817477 372.0 2030.0 4262.0 4551.0 130000131
cell 13 -2.25 -2.69980619 0.1 0.09817477 372.0 2030.0 4262.0 4551.0 130000132
cell 13 -2.25 -2.60163142 0.1 0.09817477 372.0 2030.0 4262.0 4551.0 130000133
cell 13 -2.25 -2.50345665 0.1 0.09817477 372.0 2030.0 4262.0 4551.0 130000134
cell 13 -2.25 -2.40528188 0.1 0.09817477 372.0 2030.0 4262.0 4551.0 130000135
cell 13 -2.25 -2.3071071 0.1 0.09817477 372.0 2030.0 4262.0 4551.0 130000136
cell 13 -2.25 -2.20893233 0.1 0.09817477 372.0 2030.0 4262.0 4551.0 130000137
cell 13 -2.25 -2.11075756 0.1 0.09817477 372.0 2030.0 4262.0 4551.0 130000138
cell 13 -2.25 -2.01258279 0.1 0.09817477 372.0 2030.0 4262.0 4551.0 130000139
cell 13 -2.25 -1.91440802 0.1 0.09817477 372.0 2030.0 4262.0 4551.0 130000140
cell 13 -2.25 -1.81623325 0.1 0.09817477 372.0 2030.0 4262.0 4551.0 130000141
cell 13 -2.25 -1.71805848 0.1 0.09817477 372.0 2030.0 4262.0 4551.0 130000142
cell 13 -2.25 -1.61988371 0.1 0.09817477 372.0 2030.0 4262.0 4551.0 130000143
cell 13 -2.25 -1.52170894 0.1 0.09817477 372.0 2030.0 4262.0 4551.0 130000144
cell 13 -2.25 -1.42353417 0.1 0.09817477 372.0 2030.0 4262.0 4551.0 130000145
cell 13 -2.25 -1.3253594 0.1 0.09817477 372.0 2030.0 4262.0 4551.0 130000146
cell 13 -2.25 -1.22718463 0.1 0.09817477 372.0 2030.0 4262.0 4551.0 130000147
cell 13 -2.25 -1.12900986 0.1 0.09817477 372.0 2030.0 4262.0 4551.0 130000148
cell 13 -2.25 -1.03083509 0.1 0.09817477 372.0 2030.0 4262.0 4551.0 130000149
cell 13 -2.25 -0.93266032 0.1 0.09817477 372.0 2030.0 4262.0 4551.0 130000150
cell 13 -2.25 -0.83448555 0.1 0.09817477 372.0 2030.0 4262.0 4551.0 130000151
cell 13 -2.25 -0.73631078 0.1 0.09817477 372.0 2030.0 4262.0 4551.0 130000152
cell 13 -2.25 -0.63813601 0.1 0.09817477 372.0 2030.0 4262.0 4551.0 130000153
cell 13 -2.25 -0.53996124 0.1 0.09817477 372.0 2030.0 4262.0 4551.0 130000154
cell 13 -2.25 -0.44178647 0.1 0.09817477 372.0 2030.0 4262.0 4551.0 130000155
cell 13 -2.25 -0.3436117 0.1 0.09817477 372.0 2030.0 4262.0 4551.0 130000156
cell 13 -2.25 -0.24543693 0.1 0.09817477 372.0 2030.0 4262.0 4551.0 130000157
cell 13 -2.25 -0.14726216 0.1 0.09817477 372.0 2030.0 4262.0 4551.0 130000158
cell 13 -2.25 -0.04908739 0.1 0.09817477 372.0 2030.0 4262.0 4551.0 130000159
cell 13 -2.25 0.04908739 0.1 0.09817477 372.0 2030.0 4262.0 4551.0 130000160
cell 13 -2.25 0.14726216 0.1 0.09817477 372.0 2030.0 4262.0 4551.0 130000161
cell 13 -2.25 0.24543693 0.1 0.09817477 372.0 2030.0 4262.0 4551.0 130000162
cell 13 -2.25 0.3436117 0.1 0.09817477 372.0 2030.0 4262.0 4551.0 130000163
cell 13 -2.25 0.44178647 0.1 0.09817477 372.0 2030.0 4262.0 4551.0 130000164
cell 13 -2.25 0.53996124 0.1 0.09817477 372.0 2030.0 4262.0 4551.0 130000165
cell 13 -2.25 0.63813601 0.1 0.09817477 372.0 2030.0 4262.0 4551.0 130000166
cell 13 -2.25 0.73631078 0.1 0.09817477 372.0 2030.0 4262.0 4551.0 130000167
cell 13 -2.25 0.83448555 0.1 0.09817477 372.0 2030.0 4262.0 4551.0 130000168
cell 13 -2.25 0.93266032 0.1 0.09817477 372.0 2030.0 4262.0 4551.0 130000169
cell 13 -2.25 1.03083509 0.1 0.09817477 372.0 2030.0 4262.0 4551.0 130000170
cell 13 -2.25 1.12900986 0.1 0.09817477 372.0 2030.0 4262.0 4551.0 130000171
cell 13 -2.25 1.22718463 0.1 0.09817477 372.0 2030.0 4262.0 4551.0 130000172
cell 13 -2.25 1.3253594 0.1 0.09817477 372.0 2030.0 4262.0 4551.0 130000173
cell 13 -2.25 1.42353417 0.1 0.09817477 372.0 2030.0 4262.0 4551.0 130000174
cell 13 -2.25 1.52170894 0.1 0.09817477 372.0 2030.0 4262.0 4551.0 130000175
cell 13 -2.25 1.61988371 0.1 0.09817477 372.0 2030.0 4262.0 4551.0 130000176
cell 13 -2.25 1.71805848 0.1 0.09817477 372.0 2030.0 4262.0 4551.0 130000177
cell 13 -2.25 1.81623325 0.1 0.09817477 372.0 2030.0 4262.0 4551.0 130000178
cell 13 -2.25 1.91440802 0.1 0.09817477 372.0 2030.0 4262.0 4551.0 130000179
cell 13 -2.25 2.01258279 0.1 0.09817477 372.0 2030.0 4262.0 4551.0 130000180
cell 13 -2.25 2.11075756 0.1 0.09817477 372.0 2030.0 4262.0 4551.0 130000181
cell 13 -2.25 2.20893233 0.1 0.09817477 372.0 2030.0 4262.0 4551.0 130000182
cell 13 -2.25 2.3071071 0.1 0.09817477 372.0 2030.0 4262.0 4551.0 130000183
cell 13 -2.25 2.40528188 0.1 0.09817477 372.0 2030.0 4262.0 4551.0 130000184
cell 13 -2.25 2.50345665 0.1 0.09817477 372.0 2030.0 4262.0 4551.0 130000185
cell 13 -2.25 2.60163142 0.1 0.09817477 372.0 2030.0 4262.0 4551.0 130000186
cell 13 -2.25 2.69980619 0.1 0.09817477 372.0 2030.0 4262.0 4551.0 130000187
cell 13 -2.25 2.79798096 0.1 0.09817477 372.0 2030.0 4262.0 4551.0 130000188
cell 13 -2.25 2.89615573 0.1 0.09817477 372.0 2030.0 4262.0 4551.0 130000189
cell 13 -2.25 2.9943305 0.1 0.09817477 372.0 2030.0 4262.0 4551.0 130000190
cell 13 -2.25 3.09250527 0.1 0.09817477 372.0 2030.0 4262.0 4551.0 130000191
cell 13 -2.15 -3.09250527 0.1 0.09817477 372.0 2030.0 4262.0 4551.0 130000192
cell 13 -2.15 -2.9943305 0.1 0.09817477 372.0 2030.0 4262.0 4551.0 130000193
cell 13 -2.15 -2.89615573 0.1 0.09817477 372.0 2030.0 4262.0 4551.0 130000194
cell 13 -2.15 -2.79798096 0.1 0.09817477 372.0 2030.0 4262.0 4551.0 130000195
cell 13 -2.15 -2.69980619 0.1 0.09817477 372.0 2030.0 4262.0 4551.0 130000196
cell 13 -2.15 -2.60163142 0.1 0.09817477 372.0 2030.0 4262.0 4551.0 130000197
cell 13 -2.15 -2.50345665 0.1 0.09817477 372.0 2030.0 4262.0 4551.0 130000198
cell 13 -2.15 -2.40528188 0.1 0.09817477 372.0 2030.0 4262.0 4551.0 130000199
cell 13 -2.15 -2.3071071 0.1 0.09817477 372.0 2030.0 4262.0 4551.0 130000200
cell 13 -2.15 -2.20893233 0.1 0.09817477 372.0 2030.0 4262.0 4551.0 130000201
cell 13 -2.15 -2.11075756 0.1 0.09817477 372.0 2030.0 4262.0 4551.0 130000202
cell 13 -2.15 -2.01258279 0.1 0.09817477 372.0 2030.0 4262.0 4551.0 130000203
cell 13 -2.15 -1.91440802 0.1 0.09817477 372.0 2030.0 4262.0 4551.0 130000204
cell 13 -2.15 -1.81623325 0.1 0.09817477 372.0 2030.0 4262.0 4551.0 130000205
cell 13 -2.15 -1.71805848 0.1 0.09817477 372.0 2030.0 4262.0 4551.0 130000206
cell 13 -2.15 -1.61988371 0.1 0.09817477 372.0 2030.0 4262.0 4551.0 130000207
cell 13 -2.15 -1.52170894 0.1 0.09817477 372.0 2030.0 4262.0 4551.0 130000208
cell 13 -2.15 -1.42353417 0.1 0.09817477 372.0 2030.0 4262.0 4551.0 130000209
cell 13 -2.15 -1.3253594 0.1 0.09817477 372.0 2030.0 4262.0 4551.0 130000210
cell 13 -2.15 -1.22718463 0.1 0.09817477 372.0 2030.0 4262.0 4551.0 130000211
cell 13 -2.15 -1.12900986 0.1 0.09817477 372.0 2030.0 4262.0 4551.0 130000212
cell 13 -2.15 -1.03083509 0.1 0.09817477 372.0 2030.0 4262.0 4551.0 130000213
cell 13 -2.15 -0.93266032 0.1 0.09817477 372.0 2030.0 4262.0 4551.0 130000214
cell 13 -2.15 -0.83448555 0.1 0.09817477 372.0 2030.0 4262.0 4551.0 130000215
cell 13 -2.15 -0.73631078 0.1 0.09817477 372.0 2030.0 4262.0 4551.0 130000216
cell 13 -2.15 -0.63813601 0.1 0.09817477 372.0 2030.0 4262.0 4551.0 130000217
cell 13 -2.15 -0.53996124 0.1 0.09817477 372.0 2030.0 4262.0 4551.0 130000218
cell 13 -2.15 -0.44178647 0.1 0.09817477 372.0 2030.0 4262.0 4551.0 130000219
cell 13 -2.15 -0.3436117 0.1 0.09817477 372.0 2030.0 4262.0 4551.0 130000220
cell 13 -2.15 -0.24543693 0.1 0.09817477 372.0 2030.0 4262.0 4551.0 130000221
cell 13 -2.15 -0.14726216 0.1 0.09817477 372.0 2030.0 4262.0 4551.0 130000222
cell 13 -2.15 -0.04908739 0.1 0.09817477 372.0 2030.0 4262.0 4551.0 130000223
cell 13 -2.15 0.04908739 0.1 0.09817477 372.0 2030.0 4262.0 4551.0 130000224
cell 13 -2.15 0.14726216 0.1 0.09817477 372.0 2030.0 4262.0 4551.0 130000225
cell 13 -2.15 0.24543693 0.1 0.09817477 372.0 2030.0 4262.0 4551.0 130000226
cell 13 -2.15 0.3436117 0.1 0.09817477 372.0 2030.0 4262.0 4551.0 130000227
cell 13 -2.15 0.44178647 0.1 0.09817477 372.0 2030.0 4262.0 4551.0 130000228
cell 13 -2.15 0.53996124 0.1 0.09817477 372.0 2030.0 4262.0 4551.0 130000229
cell 13 -2.15 0.63813601 0.1 0.09817477 372.0 2030.0 4262.0 4551.0 130000230
cell 13 -2.15 0.73631078 0.1 0.09817477 372.0 2030.0 4262.0 4551.0 130000231
cell 13 -2.15 0.83448555 0.1 0.09817477 372.0 2030.0 4262.0 4551.0 130000232
cell 13 -2.15 0.93266032 0.1 0.09817477 372.0 2030.0 4262.0 4551.0 130000233
cell 13 -2.15 1.03083509 0.1 0.09817477 372.0 2030.0 4262.0 4551.0 130000234
cell 13 -2.15 1.12900986 0.1 0.09817477 372.0 2030.0 4262.0 4551.0 130000235
cell 13 -2.15 1.22718463 0.1 0.09817477 372.0 2030.0 4262.0 4551.0 130000236
cell 13 -2.15 1.3253594 0.1 0.09817477 372.0 2030.0 4262.0 4551.0 130000237
cell 13 -2.15 1.42353417 0.1 0.09817477 372.0 2030.0 4262.0 4551.0 130000238
cell 13 -2.15 1.52170894 0.1 0.09817477 372.0 2030.0 4262.0 4551.0 130000239
cell 13 -2.15 1.61988371 0.1 0.09817477 372.0 2030.0 4262.0 4551.0 130000240
cell 13 -2.15 1.71805848 0.1 0.09817477 372.0 2030.0 4262.0 4551.0 130000241
cell 13 -2.15 1.81623325 0.1 0.09817477 372.0 2030.0 4262.0 4551.0 130000242
cell 13 -2.15 1.91440802 0.1 0.09817477 372.0 2030.0 4262.0 4551.0 130000243
cell 13 -2.15 2.01258279 0.1 0.09817477 372.0 2030.0 4262.0 4551.0 130000244
cell 13 -2.15 2.11075756 0.1 0.09817477 372.0 2030.0 4262.0 4551.0 130000245
cell 13 -2.15 2.20893233 0.1 0.09817477 372.0 2030.0 4262.0 4551.0 130000246
cell 13 -2.15 2.3071071 0.1 0.09817477 372.0 2030.0 4262.0 4551.0 130000247
cell 13 -2.15 2.40528188 0.1 0.09817477 372.0 2030.0 4262.0 4551.0 130000248
cell 13 -2.15 2.50345665 0.1 0.09817477 372.0 2030.0 4262.0 4551.0 130000249
cell 13 -2.15 2.60163142 0.1 0.09817477 372.0 2030.0 4262.0 4551.0 130000250
cell 13 -2.15 2.69980619 0.1 0.09817477 372.0 2030.0 4262.0 4551.0 130000251
cell 13 -2.15 2.79798096 0.1 0.09817477 372.0 2030.0 4262.0 4551.0 130000252
cell 13 -2.15 2.89615573 0.1 0.09817477 372.0 2030.0 4262.0 4551.0 130000253
cell 13 -2.15 2.9943305 0.1 0.09817477 372.0 2030.0 4262.0 4551.0 130000254
cell 13 -2.15 3.09250527 0.1 0.09817477 372.0 2030.0 4262.0 4551.0 130000255
cell 13 -2.05 -3.09250527 0.1 0.09817477 372.0 2030.0 4262.0 4551.0 130000256
cell 13 -2.05 -2.9943305 0.1 0.09817477 372.0 2030.0 4262.0 4551.0 130000257
cell 13 -2.05 -2.89615573 0.1 0.09817477 372.0 2030.0 4262.0 4551.0 130000258
cell 13 -2.05 -2.79798096 0.1 0.09817477 372.0 2030.0 4262.0 4551.0 130000259
cell 13 -2.05 -2.69980619 0.1 0.09817477 372.0 2030.0 4262.0 4551.0 130000260
cell 13 -2.05 -2.60163142 0.1 0.09817477 372.0 2030.0 4262.0 4551.0 130000261
cell 13 -2.05 -2.50345665 0.1 0.09817477 372.0 2030.0 4262.0 4551.0 130000262
cell 13 -2.05 -2.40528188 0.1 0.09817477 372.0 2030.0 4262.0 4551.0 130000263
cell 13 -2.05 -2.3071071 0.1 0.09817477 372.0 2030.0 4262.0 4551.0 130000264
cell 13 -2.05 -2.20893233 0.1 0.09817477 372.0 2030.0 4262.0 4551.0 130000265
cell 13 -2.05 -2.11075756 0.1 0.09817477 372.0 2030.0 4262.0 4551.0 130000266
cell 13 -2.05 -2.01258279 0.1 0.09817477 372.0 2030.0 4262.0 4551.0 130000267
cell 13 -2.05 -1.91440802 0.1 0.09817477 372.0 2030.0 4262.0 4551.0 130000268
cell 13 -2.05 -1.81623325 0.1 0.09817477 372.0 2030.0 4262.0 4551.0 130000269
cell 13 -2.05 -1.71805848 0.1 0.09817477 372.0 2030.0 4262.0 4551.0 130000270
cell 13 -2.05 -1.61988371 0.1 0.09817477 372.0 2030.0 4262.0 4551.0 130000271
cell 13 -2.05 -1.52170894 0.1 0.09817477 372.0 2030.0 4262.0 4551.0 130000272
cell 13 -2.05 -1.42353417 0.1 0.09817477 372.0 2030.0 4262.0 4551.0 130000273
cell 13 -2.05 -1.3253594 0.1 0.09817477 372.0 2030.0 4262.0 4551.0 130000274
cell 13 -2.05 -1.22718463 0.1 0.09817477 372.0 2030.0 4262.0 4551.0 130000275
cell 13 -2.05 -1.12900986 0.1 0.09817477 372.0 2030.0 4262.0 4551.0 130000276
cell 13 -2.05 -1.03083509 0.1 0.09817477 372.0 2030.0 4262.0 4551.0 130000277
cell 13 -2.05 -0.93266032 0.1 0.09817477 372.0 2030.0 4262.0 4551.0 130000278
cell 13 -2.05 -0.83448555 0.1 0.09817477 372.0 2030.0 4262.0 4551.0 130000279
cell 13 -2.05 -0.73631078 0.1 0.09817477 372.0 2030.0 4262.0 4551.0 130000280
cell 13 -2.05 -0.63813601 0.1 0.09817477 372.0 2030.0 4262.0 4551.0 130000281
cell 13 -2.05 -0.53996124 0.1 0.09817477 372.0 2030.0 4262.0 4551.0 130000282
cell 13 -2.05 -0.44178647 0.1 0.09817477 372.0 2030.0 4262.0 4551.0 130000283
cell 13 -2.05 -0.3436117 0.1 0.09817477 372.0 2030.0 4262.0 4551.0 130000284
cell 13 -2.05 -0.24543693 0.1 0.09817477 372.0 2030.0 4262.0 4551.0 130000285
cell 13 -2.05 -0.14726216 0.1 0.09817477 372.0 2030.0 4262.0 4551.0 130000286
cell 13 -2.05 -0.04908739 0.1 0.09817477 372.0 2030.0 4262.0 4551.0 130000287
cell 13 -2.05 0.04908739 0.1 0.09817477 372.0 2030.0 4262.0 4551.0 130000288
cell 13 -2.05 0.14726216 0.1 0.09817477 372.0 2030.0 4262.0 4551.0 130000289
cell 13 -2.05 0.24543693 0.1 0.09817477 372.0 2030.0 4262.0 4551.0 130000290
cell 13 -2.05 0.3436117 0.1 0.09817477 372.0 2030.0 4262.0 4551.0 130000291
cell 13 -2.05 0.44178647 0.1 0.09817477 372.0 2030.0 4262.0 4551.0 130000292
cell 13 -2.05 0.53996124 0.1 0.09817477 372.0 2030.0 4262.0 4551.0 130000293
cell 13 -2.05 0.63813601 0.1 0.09817477 372.0 2030.0 4262.0 4551.0 130000294
cell 13 -2.05 0.73631078 0.1 0.09817477 372.0 2030.0 4262.0 4551.0 130000295
cell 13 -2.05 0.83448555 0.1 0.09817477 372.0 2030.0 4262.0 4551.0 130000296
cell 13 -2.05 0.93266032 0.1 0.09817477 372.0 2030.0 4262.0 4551.0 130000297
cell 13 -2.05 1.03083509 0.1 0.09817477 372.0 2030.0 4262.0 4551.0 130000298
cell 13 -2.05 1.12900986 0.1 0.09817477 372.0 2030.0 4262.0 4551.0 130000299
cell 13 -2.05 1.22718463 0.1 0.09817477 372.0 2030.0 4262.0 4551.0 130000300
cell 13 -2.05 1.3253594 0.1 0.09817477 372.0 2030.0 4262.0 4551.0 130000301
cell 13 -2.05 1.42353417 0.1 0.09817477 372.0 2030.0 4262.0 4551.0 130000302
cell 13 -2.05 1.52170894 0.1 0.09817477 372.0 2030.0 4262.0 4551.0 130000303
cell 13 -2.05 1.61988371 0.1 0.09817477 372.0 2030.0 4262.0 4551.0 130000304
cell 13 -2.05 1.71805848 0.1 0.09817477 372.0 2030.0 4262.0 4551.0 130000305
cell 13 -2.05 1.81623325 0.1 0.09817477 372.0 2030.0 4262.0 4551.0 130000306
cell 13 -2.05 1.91440802 0.1 0.09817477 372.0 2030.0 4262.0 4551.0 130000307
cell 13 -2.05 2.01258279 0.1 0.09817477 372.0 2030.0 4262.0 4551.0 130000308
cell 13 -2.05 2.11075756 0.1 0.09817477 372.0 2030.0 4262.0 4551.0 130000309
cell 13 -2.05 2.20893233 0.1 0.09817477 372.0 2030.0 4262.0 4551.0 130000310
cell 13 -2.05 2.3071071 0.1 0.09817477 372.0 2030.0 4262.0 4551.0 130000311
cell 13 -2.05 2.40528188 0.1 0.09817477 372.0 2030.0 4262.0 4551.0 130000312
cell 13 -2.05 2.50345665 0.1 0.09817477 372.0 2030.0 4262.0 4551.0 130000313
cell 13 -2.05 2.60163142 0.1 0.09817477 372.0 2030.0 4262.0 4551.0 130000314
cell 13 -2.05 2.69980619 0.1 0.09817477 372.0 2030.0 4262.0 4551.0 130000315
cell 13 -2.05 2.79798096 0.1 0.09817477 372.0 2030.0 4262.0 4551.0 130000316
cell 13 -2.05 2.89615573 0.1 0.09817477 372.0 2030.0 4262.0 4551.0 130000317
cell 13 -2.05 2.9943305 0.1 0.09817477 372.0 2030.0 4262.0 4551.0 130000318
cell 13 -2.05 3.09250527 0.1 0.09817477 372.0 2030.0 4262.0 4551.0 130000319
cell 13 -1.95 -3.09250527 0.1 0.09817477 372.0 2030.0 4262.0 4551.0 130000320
cell 13 -1.95 -2.9943305 0.1 0.09817477 372.0 2030.0 4262.0 4551.0 130000321
cell 13 -1.95 -2.89615573 0.1 0.09817477 372.0 2030.0 4262.0 4551.0 130000322
cell 13 -1.95 -2.79798096 0.1 0.09817477 372.0 2030.0 4262.0 4551.0 130000323
cell 13 -1.95 -2.69980619 0.1 0.09817477 372.0 2030.0 4262.0 4551.0 130000324
cell 13 -1.95 -2.60163142 0.1 0.09817477 372.0 2030.0 4262.0 4551.0 130000325
cell 13 -1.95 -2.50345665 0.1 0.09817477 372.0 2030.0 4262.0 4551.0 130000326
cell 13 -1.95 -2.40528188 0.1 0.09817477 372.0 2030.0 4262.0 4551.0 130000327
cell 13 -1.95 -2.3071071 0.1 0.09817477 372.0 2030.0 4262.0 4551.0 130000328
cell 13 -1.95 -2.20893233 0.1 0.09817477 372.0 2030.0 4262.0 4551.0 130000329
cell 13 -1.95 -2.11075756 0.1 0.09817477 372.0 2030.0 4262.0 4551.0 130000330
cell 13 -1.95 -2.01258279 0.1 0.09817477 372.0 2030.0 4262.0 4551.0 130000331
cell 13 -1.95 -1.91440802 0.1 0.09817477 372.0 2030.0 4262.0 4551.0 130000332
cell 13 -1.95 -1.81623325 0.1 0.09817477 372.0 2030.0 4262.0 4551.0 130000333
cell 13 -1.95 -1.71805848 0.1 0.09817477 372.0 2030.0 4262.0 4551.0 130000334
cell 13 -1.95 -1.61988371 0.1 0.09817477 372.0 2030.0 4262.0 4551.0 130000335
cell 13 -1.95 -1.52170894 0.1 0.09817477 372.0 2030.0 4262.0 4551.0 130000336
cell 13 -1.95 -1.42353417 0.1 0.09817477 372.0 2030.0 4262.0 4551.0 130000337
cell 13 -1.95 -1.3253594 0.1 0.09817477 372.0 2030.0 4262.0 4551.0 130000338
cell 13 -1.95 -1.22718463 0.1 0.09817477 372.0 2030.0 4262.0 4551.0 130000339
cell 13 -1.95 -1.12900986 0.1 0.09817477 372.0 2030.0 4262.0 4551.0 130000340
cell 13 -1.95 -1.03083509 0.1 0.09817477 372.0 2030.0 4262.0 4551.0 130000341
cell 13 -1.95 -0.93266032 0.1 0.09817477 372.0 2030.0 4262.0 4551.0 130000342
cell 13 -1.95 -0.83448555 0.1 0.09817477 372.0 2030.0 4262.0 4551.0 130000343
cell 13 -1.95 -0.73631078 0.1 0.09817477 372.0 2030.0 4262.0 4551.0 130000344
cell 13 -1.95 -0.63813601 0.1 0.09817477 372.0 2030.0 4262.0 4551.0 130000345
cell 13 -1.95 -0.53996124 0.1 0.09817477 372.0 2030.0 4262.0 4551.0 130000346
cell 13 -1.95 -0.44178647 0.1 0.09817477 372.0 2030.0 4262.0 4551.0 130000347
cell 13 -1.95 -0.3436117 0.1 0.09817477 372.0 2030.0 4262.0 4551.0 130000348
cell 13 -1.95 -0.24543693 0.1 0.09817477 372.0 2030.0 4262.0 4551.0 130000349
cell 13 -1.95 -0.14726216 0.1 0.09817477 372.0 2030.0 4262.0 4551.0 130000350
cell 13 -1.95 -0.04908739 0.1 0.09817477 372.0 2030.0 4262.0 4551.0 130000351
cell 13 -1.95 0.04908739 0.1 0.09817477 372.0 2030.0 4262.0 4551.0 130000352
cell 13 -1.95 0.14726216 0.1 0.09817477 372.0 2030.0 4262.0 4551.0 130000353
cell 13 -1.95 0.24543693 0.1 0.09817477 372.0 2030.0 4262.0 4551.0 130000354
cell 13 -1.95 0.3436117 0.1 0.09817477 372.0 2030.0 4262.0 4551.0 130000355
cell 13 -1.95 0.44178647 0.1 0.09817477 372.0 2030.0 4262.0 4551.0 130000356
cell 13 -1.95 0.53996124 0.1 0.09817477 372.0 2030.0 4262.0 4551.0 130000357
cell 13 -1.95 0.63813601 0.1 0.09817477 372.0 2030.0 4262.0 4551.0 130000358
cell 13 -1.95 0.73631078 0.1 0.09817477 372.0 2030.0 4262.0 4551.0 130000359
cell 13 -1.95 0.83448555 0.1 0.09817477 372.0 2030.0 4262.0 4551.0 130000360
cell 13 -1.95 0.93266032 0.1 0.09817477 372.0 2030.0 4262.0 4551.0 130000361
cell 13 -1.95 1.03083509 0.1 0.09817477 372.0 2030.0 4262.0 4551.0 130000362
cell 13 -1.95 1.12900986 0.1 0.09817477 372.0 2030.0 4262.0 4551.0 130000363
cell 13 -1.95 1.22718463 0.1 0.09817477 372.0 2030.0 4262.0 4551.0 130000364
cell 13 -1.95 1.3253594 0.1 0.09817477 372.0 2030.0 4262.0 4551.0 130000365
cell 13 -1.95 1.42353417 0.1 0.09817477 372.0 2030.0 4262.0 4551.0 130000366
cell 13 -1.95 1.52170894 0.1 0.09817477 372.0 2030.0 4262.0 4551.0 130000367
cell 13 -1.95 1.61988371 0.1 0.09817477 372.0 2030.0 4262.0 4551.0 130000368
cell 13 -1.95 1.71805848 0.1 0.09817477 372.0 2030.0 4262.0 4551.0 130000369
cell 13 -1.95 1.81623325 0.1 0.09817477 372.0 2030.0 4262.0 4551.0 130000370
cell 13 -1.95 1.91440802 0.1 0.09817477 372.0 2030.0 4262.0 4551.0 130000371
cell 13 -1.95 2.01258279 0.1 0.09817477 372.0 2030.0 4262.0 4551.0 130000372
cell 13 -1.95 2.11075756 0.1 0.09817477 372.0 2030.0 4262.0 4551.0 130000373
cell 13 -1.95 2.20893233 0.1 0.09817477 372.0 2030.0 4262.0 4551.0 130000374
cell 13 -1.95 2.3071071 0.1 0.09817477 372.0 2030.0 4262.0 4551.0 130000375
cell 13 -1.95 2.40528188 0.1 0.09817477 372.0 2030.0 4262.0 4551.0 130000376
cell 13 -1.95 2.50345665 0.1 0.09817477 372.0 2030.0 4262.0 4551.0 130000377
cell 13 -1.95 2.60163142 0.1 0.09817477 372.0 2030.0 4262.0 4551.0 130000378
cell 13 -1.95 2.69980619 0.1 0.09817477 372.0 2030.0 4262.0 4551.0 130000379
cell 13 -1.95 2.79798096 0.1 0.09817477 372.0 2030.0 4262.0 4551.0 130000380
cell 13 -1.95 2.89615573 0.1 0.09817477 372.0 2030.0 4262.0 4551.0 130000381
cell 13 -1.95 2.9943305 0.1 0.09817477 372.0 2030.0 4262.0 4551.0 130000382
cell 13 -1.95 3.09250527 0.1 0.09817477 372.0 2030.0 4262.0 4551.0 130000383
cell 13 -1.85 -3.09250527 0.1 0.09817477 372.0 2030.0 4262.0 4551.0 130000384
cell 13 -1.85 -2.9943305 0.1 0.09817477 372.0 2030.0 4262.0 4551.0 130000385
cell 13 -1.85 -2.89615573 0.1 0.09817477 372.0 2030.0 4262.0 4551.0 130000386
cell 13 -1.85 -2.79798096 0.1 0.09817477 372.0 2030.0 4262.0 4551.0 130000387
cell 13 -1.85 -2.69980619 0.1 0.09817477 372.0 2030.0 4262.0 4551.0 130000388
cell 13 -1.85 -2.60163142 0.1 0.09817477 372.0 2030.0 4262.0 4551.0 130000389
cell 13 -1.85 -2.50345665 0.1 0.09817477 372.0 2030.0 4262.0 4551.0 130000390
cell 13 -1.85 -2.40528188 0.1 0.09817477 372.0 2030.0 4262.0 4551.0 130000391
cell 13 -1.85 -2.3071071 0.1 0.09817477 372.0 2030.0 4262.0 4551.0 130000392
cell 13 -1.85 -2.20893233 0.1 0.09817477 372.0 2030.0 4262.0 4551.0 130000393
cell 13 -1.85 -2.11075756 0.1 0.09817477 372.0 2030.0 4262.0 4551.0 130000394
cell 13 -1.85 -2.01258279 0.1 0.09817477 372.0 2030.0 4262.0 4551.0 130000395
cell 13 -1.85 -1.91440802 0.1 0.09817477 372.0 2030.0 4262.0 4551.0 130000396
cell 13 -1.85 -1.81623325 0.1 0.09817477 372.0 2030.0 4262.0 4551.0 130000397
cell 13 -1.85 -1.71805848 0.1 0.09817477 372.0 2030.0 4262.0 4551.0 130000398
cell 13 -1.85 -1.61988371 0.1 0.09817477 372.0 2030.0 4262.0 4551.0 130000399
cell 13 -1.85 -1.52170894 0.1 0.09817477 372.0 2030.0 4262.0 4551.0 130000400
cell 13 -1.85 -1.42353417 0.1 0.09817477 372.0 2030.0 4262.0 4551.0 130000401
cell 13 -1.85 -1.3253594 0.1 0.09817477 372.0 2030.0 4262.0 4551.0 130000402
cell 13 -1.85 -1.22718463 0.1 0.09817477 372.0 2030.0 4262.0 4551.0 130000403
cell 13 -1.85 -1.12900986 0.1 0.09817477 372.0 2030.0 4262.0 4551.0 130000404
cell 13 -1.85 -1.03083509 0.1 0.09817477 372.0 2030.0 4262.0 4551.0 130000405
cell 13 -1.85 -0.93266032 0.1 0.09817477 372.0 2030.0 4262.0 4551.0 130000406
cell 13 -1.85 -0.83448555 0.1 0.09817477 372.0 2030.0 4262.0 4551.0 130000407
cell 13 -1.85 -0.73631078 0.1 0.09817477 372.0 2030.0 4262.0 4551.0 130000408
cell 13 -1.85 -0.63813601 0.1 0.09817477 372.0 2030.0 4262.0 4551.0 130000409
cell 13 -1.85 -0.53996124 0.1 0.09817477 372.0 2030.0 4262.0 4551.0 130000410
cell 13 -1.85 -0.44178647 0.1 0.09817477 372.0 2030.0 4262.0 4551.0 130000411
cell 13 -1.85 -0.3436117 0.1 0.09817477 372.0 2030.0 4262.0 4551.0 130000412
cell 13 -1.85 -0.24543693 0.1 0.09817477 372.0 2030.0 4262.0 4551.0 130000413
cell 13 -1.85 -0.14726216 0.1 0.09817477 372.0 2030.0 4262.0 4551.0 130000414
cell 13 -1.85 -0.04908739 0.1 0.09817477 372.0 2030.0 4262.0 4551.0 130000415
cell 13 -1.85 0.04908739 0.1 0.09817477 372.0 2030.0 4262.0 4551.0 130000416
cell 13 -1.85 0.14726216 0.1 0.09817477 372.0 2030.0 4262.0 4551.0 130000417
cell 13 -1.85 0.24543693 0.1 0.09817477 372.0 2030.0 4262.0 4551.0 130000418
cell 13 -1.85 0.3436117 0.1 0.09817477 372.0 2030.0 4262.0 4551.0 130000419
cell 13 -1.85 0.44178647 0.1 0.09817477 372.0 2030.0 4262.0 4551.0 130000420
cell 13 -1.85 0.53996124 0.1 0.09817477 372.0 2030.0 4262.0 4551.0 130000421
cell 13 -1.85 0.63813601 0.1 0.09817477 372.0 2030.0 4262.0 4551.0 130000422
cell 13 -1.85 0.73631078 0.1 0.09817477 372.0 2030.0 4262.0 4551.0 130000423
cell 13 -1.85 0.83448555 0.1 0.09817477 372.0 2030.0 4262.0 4551.0 130000424
cell 13 -1.85 0.93266032 0.1 0.09817477 372.0 2030.0 4262.0 4551.0 130000425
cell 13 -1.85 1.03083509 0.1 0.09817477 372.0 2030.0 4262.0 4551.0 130000426
cell 13 -1.85 1.12900986 0.1 0.09817477 372.0 2030.0 4262.0 4551.0 130000427
cell 13 -1.85 1.22718463 0.1 0.09817477 372.0 2030.0 4262.0 4551.0 130000428
cell 13 -1.85 1.3253594 0.1 0.09817477 372.0 2030.0 4262.0 4551.0 130000429
cell 13 -1.85 1.42353417 0.1 0.09817477 372.0 2030.0 4262.0 4551.0 130000430
cell 13 -1.85 1.52170894 0.1 0.09817477 372.0 2030.0 4262.0 4551.0 130000431
cell 13 -1.85 1.61988371 0.1 0.09817477 372.0 2030.0 4262.0 4551.0 130000432
cell 13 -1.85 1.71805848 0.1 0.09817477 372.0 2030.0 4262.0 4551.0 130000433
cell 13 -1.85 1.81623325 0.1 0.09817477 372.0 2030.0 4262.0 4551.0 130000434
cell 13 -1.85 1.91440802 0.1 0.09817477 372.0 2030.0 4262.0 4551.0 130000435
cell 13 -1.85 2.01258279 0.1 0.09817477 372.0 2030.0 4262.0 4551.0 130000436
cell 13 -1.85 2.11075756 0.1 0.09817477 372.0 2030.0 4262.0 4551.0 130000437
cell 13 -1.85 2.20893233 0.1 0.09817477 372.0 2030.0 4262.0 4551.0 130000438
cell 13 -1.85 2.3071071 0.1 0.09817477 372.0 2030.0 4262.0 4551.0 130000439
cell 13 -1.85 2.40528188 0.1 0.09817477 372.0 2030.0 4262.0 4551.0 130000440
cell 13 -1.85 2.50345665 0.1 0.09817477 372.0 2030.0 4262.0 4551.0 130000441
cell 13 -1.85 2.60163142 0.1 0.09817477 372.0 2030.0 4262.0 4551.0 130000442
cell 13 -1.85 2.69980619 0.1 0.09817477 372.0 2030.0 4262.0 4551.0 130000443
cell 13 -1.85 2.79798096 0.1 0.09817477 372.0 2030.0 4262.0 4551.0 130000444
cell 13 -1.85 2.89615573 0.1 0.09817477 372.0 2030.0 4262.0 4551.0 130000445
cell 13 -1.85 2.9943305 0.1 0.09817477 372.0 2030.0 4262.0 4551.0 130000446
cell 13 -1.85 3.09250527 0.1 0.09817477 372.0 2030.0 4262.0 4551.0 130000447
cell 13 -1.75 -3.09250527 0.1 0.09817477 372.0 2030.0 4262.0 4551.0 130000448
cell 13 -1.75 -2.9943305 0.1 0.09817477 372.0 2030.0 4262.0 4551.0 130000449
cell 13 -1.75 -2.89615573 0.1 0.09817477 372.0 2030.0 4262.0 4551.0 130000450
cell 13 -1.75 -2.79798096 0.1 0.09817477 372.0 2030.0 4262.0 4551.0 130000451
cell 13 -1.75 -2.69980619 0.1 0.09817477 372.0 2030.0 4262.0 4551.0 130000452
cell 13 -1.75 -2.60163142 0.1 0.09817477 372.0 2030.0 4262.0 4551.0 130000453
cell 13 -1.75 -2.50345665 0.1 0.09817477 372.0 2030.0 4262.0 4551.0 130000454
cell 13 -1.75 -2.40528188 0.1 0.09817477 372.0 2030.0 4262.0 4551.0 130000455
cell 13 -1.75 -2.3071071 0.1 0.09817477 372.0 2030.0 4262.0 4551.0 130000456
cell 13 -1.75 -2.20893233 0.1 0.09817477 372.0 2030.0 4262.0 4551.0 130000457
cell 13 -1.75 -2.11075756 0.1 0.09817477 372.0 2030.0 4262.0 4551.0 130000458
cell 13 -1.75 -2.01258279 0.1 0.09817477 372.0 2030.0 4262.0 4551.0 130000459
cell 13 -1.75 -1.91440802 0.1 0.09817477 372.0 2030.0 4262.0 4551.0 130000460
cell 13 -1.75 -1.81623325 0.1 0.09817477 372.0 2030.0 4262.0 4551.0 130000461
cell 13 -1.75 -1.71805848 0.1 0.09817477 372.0 2030.0 4262.0 4551.0 130000462
cell 13 -1.75 -1.61988371 0.1 0.09817477 372.0 2030.0 4262.0 4551.0 130000463
cell 13 -1.75 -1.52170894 0.1 0.09817477 372.0 2030.0 4262.0 4551.0 130000464
cell 13 -1.75 -1.42353417 0.1 0.09817477 372.0 2030.0 4262.0 4551.0 130000465
cell 13 -1.75 -1.3253594 0.1 0.09817477 372.0 2030.0 4262.0 4551.0 130000466
cell 13 -1.75 -1.22718463 0.1 0.09817477 372.0 2030.0 4262.0 4551.0 130000467
cell 13 -1.75 -1.12900986 0.1 0.09817477 372.0 2030.0 4262.0 4551.0 130000468
cell 13 -1.75 -1.03083509 0.1 0.09817477 372.0 2030.0 4262.0 4551.0 130000469
cell 13 -1.75 -0.93266032 0.1 0.09817477 372.0 2030.0 4262.0 4551.0 130000470
cell 13 -1.75 -0.83448555 0.1 0.09817477 372.0 2030.0 4262.0 4551.0 130000471
cell 13 -1.75 -0.73631078 0.1 0.09817477 372.0 2030.0 4262.0 4551.0 130000472
cell 13 -1.75 -0.63813601 0.1 0.09817477 372.0 2030.0 4262.0 4551.0 130000473
cell 13 -1.75 -0.53996124 0.1 0.09817477 372.0 2030.0 4262.0 4551.0 130000474
cell 13 -1.75 -0.44178647 0.1 0.09817477 372.0 2030.0 4262.0 4551.0 130000475
cell 13 -1.75 -0.3436117 0.1 0.09817477 372.0 2030.0 4262.0 4551.0 130000476
cell 13 -1.75 -0.24543693 0.1 0.09817477 372.0 2030.0 4262.0 4551.0 130000477
cell 13 -1.75 -0.14726216 0.1 0.09817477 372.0 2030.0 4262.0 4551.0 130000478
cell 13 -1.75 -0.04908739 0.1 0.09817477 372.0 2030.0 4262.0 4551.0 130000479
cell 13 -1.75 0.04908739 0.1 0.09817477 372.0 2030.0 4262.0 4551.0 130000480
cell 13 -1.75 0.14726216 0.1 0.09817477 372.0 2030.0 4262.0 4551.0 130000481
cell 13 -1.75 0.24543693 0.1 0.09817477 372.0 2030.0 4262.0 4551.0 130000482
cell 13 -1.75 0.3436117 0.1 0.09817477 372.0 2030.0 4262.0 4551.0 130000483
cell 13 -1.75 0.44178647 0.1 0.09817477 372.0 2030.0 4262.0 4551.0 130000484
cell 13 -1.75 0.53996124 0.1 0.09817477 372.0 2030.0 4262.0 4551.0 130000485
cell 13 -1.75 0.63813601 0.1 0.09817477 372.0 2030.0 4262.0 4551.0 130000486
cell 13 -1.75 0.73631078 0.1 0.09817477 372.0 2030.0 4262.0 4551.0 130000487
cell 13 -1.75 0.83448555 0.1 0.09817477 372.0 2030.0 4262.0 4551.0 130000488
cell 13 -1.75 0.93266032 0.1 0.09817477 372.0 2030.0 4262.0 4551.0 130000489
cell 13 -1.75 1.03083509 0.1 0.09817477 372.0 2030.0 4262.0 4551.0 130000490
cell 13 -1.75 1.12900986 0.1 0.09817477 372.0 2030.0 4262.0 4551.0 130000491
cell 13 -1.75 1.22718463 0.1 0.09817477 372.0 2030.0 4262.0 4551.0 130000492
cell 13 -1.75 1.3253594 0.1 0.09817477 372.0 2030.0 4262.0 4551.0 130000493
cell 13 -1.75 1.42353417 0.1 0.09817477 372.0 2030.0 4262.0 4551.0 130000494
cell 13 -1.75 1.52170894 0.1 0.09817477 372.0 2030.0 4262.0 4551.0 130000495
cell 13 -1.75 1.61988371 0.1 0.09817477 372.0 2030.0 4262.0 4551.0 130000496
cell 13 -1.75 1.71805848 0.1 0.09817477 372.0 2030.0 4262.0 4551.0 130000497
cell 13 -1.75 1.81623325 0.1 0.09817477 372.0 2030.0 4262.0 4551.0 130000498
cell 13 -1.75 1.91440802 0.1 0.09817477 372.0 2030.0 4262.0 4551.0 130000499
cell 13 -1.75 2.01258279 0.1 0.09817477 372.0 2030.0 4262.0 4551.0 130000500
cell 13 -1.75 2.11075756 0.1 0.09817477 372.0 2030.0 4262.0 4551.0 130000501
cell 13 -1.75 2.20893233 0.1 0.09817477 372.0 2030.0 4262.0 4551.0 130000502
cell 13 -1.75 2.3071071 0.1 0.09817477 372.0 2030.0 4262.0 4551.0 130000503
cell 13 -1.75 2.40528188 0.1 0.09817477 372.0 2030.0 4262.0 4551.0 130000504
cell 13 -1.75 2.50345665 0.1 0.09817477 372.0 2030.0 4262.0 4551.0 130000505
cell 13 -1.75 2.60163142 0.1 0.09817477 372.0 2030.0 4262.0 4551.0 130000506
cell 13 -1.75 2.69980619 0.1 0.09817477 372.0 2030.0 4262.0 4551.0 130000507
cell 13 -1.75 2.79798096 0.1 0.09817477 372.0 2030.0 4262.0 4551.0 130000508
cell 13 -1.75 2.89615573 0.1 0.09817477 372.0 2030.0 4262.0 4551.0 130000509
cell 13 -1.75 2.9943305 0.1 0.09817477 372.0 2030.0 4262.0 4551.0 130000510
cell 13 -1.75 3.09250527 0.1 0.09817477 372.0 2030.0 4262.0 4551.0 130000511
cell 13 -1.65 -3.09250527 0.1 0.09817477 372.0 2030.0 4262.0 4551.0 130000512
cell 13 -1.65 -2.9943305 0.1 0.09817477 372.0 2030.0 4262.0 4551.0 130000513
cell 13 -1.65 -2.89615573 0.1 0.09817477 372.0 2030.0 4262.0 4551.0 130000514
cell 13 -1.65 -2.79798096 0.1 0.09817477 372.0 2030.0 4262.0 4551.0 130000515
cell 13 -1.65 -2.69980619 0.1 0.09817477 372.0 2030.0 4262.0 4551.0 130000516
cell 13 -1.65 -2.60163142 0.1 0.09817477 372.0 2030.0 4262.0 4551.0 130000517
cell 13 -1.65 -2.50345665 0.1 0.09817477 372.0 2030.0 4262.0 4551.0 130000518
cell 13 -1.65 -2.40528188 0.1 0.09817477 372.0 2030.0 4262.0 4551.0 130000519
cell 13 -1.65 -2.3071071 0.1 0.09817477 372.0 2030.0 4262.0 4551.0 130000520
cell 13 -1.65 -2.20893233 0.1 0.09817477 372.0 2030.0 4262.0 4551.0 130000521
cell 13 -1.65 -2.11075756 0.1 0.09817477 372.0 2030.0 4262.0 4551.0 130000522
cell 13 -1.65 -2.01258279 0.1 0.09817477 372.0 2030.0 4262.0 4551.0 130000523
cell 13 -1.65 -1.91440802 0.1 0.09817477 372.0 2030.0 4262.0 4551.0 130000524
cell 13 -1.65 -1.81623325 0.1 0.09817477 372.0 2030.0 4262.0 4551.0 130000525
cell 13 -1.65 -1.71805848 0.1 0.09817477 372.0 2030.0 4262.0 4551.0 130000526
cell 13 -1.65 -1.61988371 0.1 0.09817477 372.0 2030.0 4262.0 4551.0 130000527
cell 13 -1.65 -1.52170894 0.1 0.09817477 372.0 2030.0 4262.0 4551.0 130000528
cell 13 -1.65 -1.42353417 0.1 0.09817477 372.0 2030.0 4262.0 4551.0 130000529
cell 13 -1.65 -1.3253594 0.1 0.09817477 372.0 2030.0 4262.0 4551.0 130000530
cell 13 -1.65 -1.22718463 0.1 0.09817477 372.0 2030.0 4262.0 4551.0 130000531
cell 13 -1.65 -1.12900986 0.1 0.09817477 372.0 2030.0 4262.0 4551.0 130000532
cell 13 -1.65 -1.03083509 0.1 0.09817477 372.0 2030.0 4262.0 4551.0 130000533
cell 13 -1.65 -0.93266032 0.1 0.09817477 372.0 2030.0 4262.0 4551.0 130000534
cell 13 -1.65 -0.83448555 0.1 0.09817477 372.0 2030.0 4262.0 4551.0 130000535
cell 13 -1.65 -0.73631078 0.1 0.09817477 372.0 2030.0 4262.0 4551.0 130000536
cell 13 -1.65 -0.63813601 0.1 0.09817477 372.0 2030.0 4262.0 4551.0 130000537
cell 13 -1.65 -0.53996124 0.1 0.09817477 372.0 2030.0 4262.0 4551.0 130000538
cell 13 -1.65 -0.44178647 0.1 0.09817477 372.0 2030.0 4262.0 4551.0 130000539
cell 13 -1.65 -0.3436117 0.1 0.09817477 372.0 2030.0 4262.0 4551.0 130000540
cell 13 -1.65 -0.24543693 0.1 0.09817477 372.0 2030.0 4262.0 4551.0 130000541
cell 13 -1.65 -0.14726216 0.1 0.09817477 372.0 2030.0 4262.0 4551.0 130000542
cell 13 -1.65 -0.04908739 0.1 0.09817477 372.0 2030.0 4262.0 4551.0 130000543
cell 13 -1.65 0.04908739 0.1 0.09817477 372.0 2030.0 4262.0 4551.0 130000544
cell 13 -1.65 0.14726216 0.1 0.09817477 372.0 2030.0 4262.0 4551.0 130000545
cell 13 -1.65 0.24543693 0.1 0.09817477 372.0 2030.0 4262.0 4551.0 130000546
cell 13 -1.65 0.3436117 0.1 0.09817477 372.0 2030.0 4262.0 4551.0 130000547
cell 13 -1.65 0.44178647 0.1 0.09817477 372.0 2030.0 4262.0 4551.0 130000548
cell 13 -1.65 0.53996124 0.1 0.09817477 372.0 2030.0 4262.0 4551.0 130000549
cell 13 -1.65 0.63813601 0.1 0.09817477 372.0 2030.0 4262.0 4551.0 130000550
cell 13 -1.65 0.73631078 0.1 0.09817477 372.0 2030.0 4262.0 4551.0 130000551
cell 13 -1.65 0.83448555 0.1 0.09817477 372.0 2030.0 4262.0 4551.0 130000552
cell 13 -1.65 0.93266032 0.1 0.09817477 372.0 2030.0 4262.0 4551.0 130000553
cell 13 -1.65 1.03083509 0.1 0.09817477 372.0 2030.0 4262.0 4551.0 130000554
cell 13 -1.65 1.12900986 0.1 0.09817477 372.0 2030.0 4262.0 4551.0 130000555
cell 13 -1.65 1.22718463 0.1 0.09817477 372.0 2030.0 4262.0 4551.0 130000556
cell 13 -1.65 1.3253594 0.1 0.09817477 372.0 2030.0 4262.0 4551.0 130000557
cell 13 -1.65 1.42353417 0.1 0.09817477 372.0 2030.0 4262.0 4551.0 130000558
cell 13 -1.65 1.52170894 0.1 0.09817477 372.0 2030.0 4262.0 4551.0 130000559
cell 13 -1.65 1.61988371 0.1 0.09817477 372.0 2030.0 4262.0 4551.0 130000560
cell 13 -1.65 1.71805848 0.1 0.09817477 372.0 2030.0 4262.0 4551.0 130000561
cell 13 -1.65 1.81623325 0.1 0.09817477 372.0 2030.0 4262.0 4551.0 130000562
cell 13 -1.65 1.91440802 0.1 0.09817477 372.0 2030.0 4262.0 4551.0 130000563
cell 13 -1.65 2.01258279 0.1 0.09817477 372.0 2030.0 4262.0 4551.0 130000564
cell 13 -1.65 2.11075756 0.1 0.09817477 372.0 2030.0 4262.0 4551.0 130000565
cell 13 -1.65 2.20893233 0.1 0.09817477 372.0 2030.0 4262.0 4551.0 130000566
cell 13 -1.65 2.3071071 0.1 0.09817477 372.0 2030.0 4262.0 4551.0 130000567
cell 13 -1.65 2.40528188 0.1 0.09817477 372.0 2030.0 4262.0 4551.0 130000568
cell 13 -1.65 2.50345665 0.1 0.09817477 372.0 2030.0 4262.0 4551.0 130000569
cell 13 -1.65 2.60163142 0.1 0.09817477 372.0 2030.0 4262.0 4551.0 130000570
cell 13 -1.65 2.69980619 0.1 0.09817477 372.0 2030.0 4262.0 4551.0 130000571
cell 13 -1.65 2.79798096 0.1 0.09817477 372.0 2030.0 4262.0 4551.0 130000572
cell 13 -1.65 2.89615573 0.1 0.09817477 372.0 2030.0 4262.0 4551.0 130000573
cell 13 -1.65 2.9943305 0.1 0.09817477 372.0 2030.0 4262.0 4551.0 130000574
cell 13 -1.65 3.09250527 0.1 0.09817477 372.0 2030.0 4262.0 4551.0 130000575
cell 13 -1.55 -3.09250527 0.1 0.09817477 372.0 2030.0 4262.0 4551.0 130000576
cell 13 -1.55 -2.9943305 0.1 0.09817477 372.0 2030.0 4262.0 4551.0 130000577
cell 13 -1.55 -2.89615573 0.1 0.09817477 372.0 2030.0 4262.0 4551.0 130000578
cell 13 -1.55 -2.79798096 0.1 0.09817477 372.0 2030.0 4262.0 4551.0 130000579
cell 13 -1.55 -2.69980619 0.1 0.09817477 372.0 2030.0 4262.0 4551.0 130000580
cell 13 -1.55 -2.60163142 0.1 0.09817477 372.0 2030.0 4262.0 4551.0 130000581
cell 13 -1.55 -2.50345665 0.1 0.09817477 372.0 2030.0 4262.0 4551.0 130000582
cell 13 -1.55 -2.40528188 0.1 0.09817477 372.0 2030.0 4262.0 4551.0 130000583
cell 13 -1.55 -2.3071071 0.1 0.09817477 372.0 2030.0 4262.0 4551.0 130000584
cell 13 -1.55 -2.20893233 0.1 0.09817477 372.0 2030.0 4262.0 4551.0 130000585
cell 13 -1.55 -2.11075756 0.1 0.09817477 372.0 2030.0 4262.0 4551.0 130000586
cell 13 -1.55 -2.01258279 0.1 0.09817477 372.0 2030.0 4262.0 4551.0 130000587
cell 13 -1.55 -1.91440802 0.1 0.09817477 372.0 2030.0 4262.0 4551.0 130000588
cell 13 -1.55 -1.81623325 0.1 0.09817477 372.0 2030.0 4262.0 4551.0 130000589
cell 13 -1.55 -1.71805848 0.1 0.09817477 372.0 2030.0 4262.0 4551.0 130000590
cell 13 -1.55 -1.61988371 0.1 0.09817477 372.0 2030.0 4262.0 4551.0 130000591
cell 13 -1.55 -1.52170894 0.1 0.09817477 372.0 2030.0 4262.0 4551.0 130000592
cell 13 -1.55 -1.42353417 0.1 0.09817477 372.0 2030.0 4262.0 4551.0 130000593
cell 13 -1.55 -1.3253594 0.1 0.09817477 372.0 2030.0 4262.0 4551.0 130000594
cell 13 -1.55 -1.22718463 0.1 0.09817477 372.0 2030.0 4262.0 4551.0 130000595
cell 13 -1.55 -1.12900986 0.1 0.09817477 372.0 2030.0 4262.0 4551.0 130000596
cell 13 -1.55 -1.03083509 0.1 0.09817477 372.0 2030.0 4262.0 4551.0 130000597
cell 13 -1.55 -0.93266032 0.1 0.09817477 372.0 2030.0 4262.0 4551.0 130000598
cell 13 -1.55 -0.83448555 0.1 0.09817477 372.0 2030.0 4262.0 4551.0 130000599
cell 13 -1.55 -0.73631078 0.1 0.09817477 372.0 2030.0 4262.0 4551.0 130000600
cell 13 -1.55 -0.63813601 0.1 0.09817477 372.0 2030.0 4262.0 4551.0 130000601
cell 13 -1.55 -0.53996124 0.1 0.09817477 372.0 2030.0 4262.0 4551.0 130000602
cell 13 -1.55 -0.44178647 0.1 0.09817477 372.0 2030.0 4262.0 4551.0 130000603
cell 13 -1.55 -0.3436117 0.1 0.09817477 372.0 2030.0 4262.0 4551.0 130000604
cell 13 -1.55 -0.24543693 0.1 0.09817477 372.0 2030.0 4262.0 4551.0 130000605
cell 13 -1.55 -0.14726216 0.1 0.09817477 372.0 2030.0 4262.0 4551.0 130000606
cell 13 -1.55 -0.04908739 0.1 0.09817477 372.0 2030.0 4262.0 4551.0 130000607
cell 13 -1.55 0.04908739 0.1 0.09817477 372.0 2030.0 4262.0 4551.0 130000608
cell 13 -1.55 0.14726216 0.1 0.09817477 372.0 2030.0 4262.0 4551.0 130000609
cell 13 -1.55 0.24543693 0.1 0.09817477 372.0 2030.0 4262.0 4551.0 130000610
cell 13 -1.55 0.3436117 0.1 0.09817477 372.0 2030.0 4262.0 4551.0 130000611
cell 13 -1.55 0.44178647 0.1 0.09817477 372.0 2030.0 4262.0 4551.0 130000612
cell 13 -1.55 0.53996124 0.1 0.09817477 372.0 2030.0 4262.0 4551.0 130000613
cell 13 -1.55 0.63813601 0.1 0.09817477 372.0 2030.0 4262.0 4551.0 130000614
cell 13 -1.55 0.73631078 0.1 0.09817477 372.0 2030.0 4262.0 4551.0 130000615
cell 13 -1.55 0.83448555 0.1 0.09817477 372.0 2030.0 4262.0 4551.0 130000616
cell 13 -1.55 0.93266032 0.1 0.09817477 372.0 2030.0 4262.0 4551.0 130000617
cell 13 -1.55 1.03083509 0.1 0.09817477 372.0 2030.0 4262.0 4551.0 130000618
cell 13 -1.55 1.12900986 0.1 0.09817477 372.0 2030.0 4262.0 4551.0 130000619
cell 13 -1.55 1.22718463 0.1 0.09817477 372.0 2030.0 4262.0 4551.0 130000620
cell 13 -1.55 1.3253594 0.1 0.09817477 372.0 2030.0 4262.0 4551.0 130000621
cell 13 -1.55 1.42353417 0.1 0.09817477 372.0 2030.0 4262.0 4551.0 130000622
cell 13 -1.55 1.52170894 0.1 0.09817477 372.0 2030.0 4262.0 4551.0 130000623
cell 13 -1.55 1.61988371 0.1 0.09817477 372.0 2030.0 4262.0 4551.0 130000624
cell 13 -1.55 1.71805848 0.1 0.09817477 372.0 2030.0 4262.0 4551.0 130000625
cell 13 -1.55 1.81623325 0.1 0.09817477 372.0 2030.0 4262.0 4551.0 130000626
cell 13 -1.55 1.91440802 0.1 0.09817477 372.0 2030.0 4262.0 4551.0 130000627
cell 13 -1.55 2.01258279 0.1 0.09817477 372.0 2030.0 4262.0 4551.0 130000628
cell 13 -1.55 2.11075756 0.1 0.09817477 372.0 2030.0 4262.0 4551.0 130000629
cell 13 -1.55 2.20893233 0.1 0.09817477 372.0 2030.0 4262.0 4551.0 130000630
cell 13 -1.55 2.3071071 0.1 0.09817477 372.0 2030.0 4262.0 4551.0 130000631
cell 13 -1.55 2.40528188 0.1 0.09817477 372.0 2030.0 4262.0 4551.0 130000632
cell 13 -1.55 2.50345665 0.1 0.09817477 372.0 2030.0 4262.0 4551.0 130000633
cell 13 -1.55 2.60163142 0.1 0.09817477 372.0 2030.0 4262.0 4551.0 130000634
cell 13 -1.55 2.69980619 0.1 0.09817477 372.0 2030.0 4262.0 4551.0 130000635
cell 13 -1.55 2.79798096 0.1 0.09817477 372.0 2030.0 4262.0 4551.0 130000636
cell 13 -1.55 2.89615573 0.1 0.09817477 372.0 2030.0 4262.0 4551.0 130000637
cell 13 -1.55 2.9943305 0.1 0.09817477 372.0 2030.0 4262.0 4551.0 130000638
cell 13 -1.55 3.09250527 0.1 0.09817477 372.0 2030.0 4262.0 4551.0 130000639
cell 13 1.55 -3.09250527 0.1 0.09817477 372.0 2030.0 4262.0 4551.0 130000704
cell 13 1.55 -2.9943305 0.1 0.09817477 372.0 2030.0 4262.0 4551.0 130000705
cell 13 1.55 -2.89615573 0.1 0.09817477 372.0 2030.0 4262.0 4551.0 130000706
cell 13 1.55 -2.79798096 0.1 0.09817477 372.0 2030.0 4262.0 4551.0 130000707
cell 13 1.55 -2.69980619 0.1 0.09817477 372.0 2030.0 4262.0 4551.0 130000708
cell 13 1.55 -2.60163142 0.1 0.09817477 372.0 2030.0 4262.0 4551.0 130000709
cell 13 1.55 -2.50345665 0.1 0.09817477 372.0 2030.0 4262.0 4551.0 130000710
cell 13 1.55 -2.40528188 0.1 0.09817477 372.0 2030.0 4262.0 4551.0 130000711
cell 13 1.55 -2.3071071 0.1 0.09817477 372.0 2030.0 4262.0 4551.0 130000712
cell 13 1.55 -2.20893233 0.1 0.09817477 372.0 2030.0 4262.0 4551.0 130000713
cell 13 1.55 -2.11075756 0.1 0.09817477 372.0 2030.0 4262.0 4551.0 130000714
cell 13 1.55 -2.01258279 0.1 0.09817477 372.0 2030.0 4262.0 4551.0 130000715
cell 13 1.55 -1.91440802 0.1 0.09817477 372.0 2030.0 4262.0 4551.0 130000716
cell 13 1.55 -1.81623325 0.1 0.09817477 372.0 2030.0 4262.0 4551.0 130000717
cell 13 1.55 -1.71805848 0.1 0.09817477 372.0 2030.0 4262.0 4551.0 130000718
cell 13 1.55 -1.61988371 0.1 0.09817477 372.0 2030.0 4262.0 4551.0 130000719
cell 13 1.55 -1.52170894 0.1 0.09817477 372.0 2030.0 4262.0 4551.0 130000720
cell 13 1.55 -1.42353417 0.1 0.09817477 372.0 2030.0 4262.0 4551.0 130000721
cell 13 1.55 -1.3253594 0.1 0.09817477 372.0 2030.0 4262.0 4551.0 130000722
cell 13 1.55 -1.22718463 0.1 0.09817477 372.0 2030.0 4262.0 4551.0 130000723
cell 13 1.55 -1.12900986 0.1 0.09817477 372.0 2030.0 4262.0 4551.0 130000724
cell 13 1.55 -1.03083509 0.1 0.09817477 372.0 2030.0 4262.0 4551.0 130000725
cell 13 1.55 -0.93266032 0.1 0.09817477 372.0 2030.0 4262.0 4551.0 130000726
cell 13 1.55 -0.83448555 0.1 0.09817477 372.0 2030.0 4262.0 4551.0 130000727
cell 13 1.55 -0.73631078 0.1 0.09817477 372.0 2030.0 4262.0 4551.0 130000728
cell 13 1.55 -0.63813601 0.1 0.09817477 372.0 2030.0 4262.0 4551.0 130000729
cell 13 1.55 -0.53996124 0.1 0.09817477 372.0 2030.0 4262.0 4551.0 130000730
cell 13 1.55 -0.44178647 0.1 0.09817477 372.0 2030.0 4262.0 4551.0 130000731
cell 13 1.55 -0.3436117 0.1 0.09817477 372.0 2030.0 4262.0 4551.0 130000732
cell 13 1.55 -0.24543693 0.1 0.09817477 372.0 2030.0 4262.0 4551.0 130000733
cell 13 1.55 -0.14726216 0.1 0.09817477 372.0 2030.0 4262.0 4551.0 130000734
cell 13 1.55 -0.04908739 0.1 0.09817477 372.0 2030.0 4262.0 4551.0 130000735
cell 13 1.55 0.04908739 0.1 0.09817477 372.0 2030.0 4262.0 4551.0 130000736
cell 13 1.55 0.14726216 0.1 0.09817477 372.0 2030.0 4262.0 4551.0 130000737
cell 13 1.55 0.24543693 0.1 0.09817477 372.0 2030.0 4262.0 4551.0 130000738
cell 13 1.55 0.3436117 0.1 0.09817477 372.0 2030.0 4262.0 4551.0 130000739
cell 13 1.55 0.44178647 0.1 0.09817477 372.0 2030.0 4262.0 4551.0 130000740
cell 13 1.55 0.53996124 0.1 0.09817477 372.0 2030.0 4262.0 4551.0 130000741
cell 13 1.55 0.63813601 0.1 0.09817477 372.0 2030.0 4262.0 4551.0 130000742
cell 13 1.55 0.73631078 0.1 0.09817477 372.0 2030.0 4262.0 4551.0 130000743
cell 13 1.55 0.83448555 0.1 0.09817477 372.0 2030.0 4262.0 4551.0 130000744
cell 13 1.55 0.93266032 0.1 0.09817477 372.0 2030.0 4262.0 4551.0 130000745
cell 13 1.55 1.03083509 0.1 0.09817477 372.0 2030.0 4262.0 4551.0 130000746
cell 13 1.55 1.12900986 0.1 0.09817477 372.0 2030.0 4262.0 4551.0 130000747
cell 13 1.55 1.22718463 0.1 0.09817477 372.0 2030.0 4262.0 4551.0 130000748
cell 13 1.55 1.3253594 0.1 0.09817477 372.0 2030.0 4262.0 4551.0 130000749
cell 13 1.55 1.42353417 0.1 0.09817477 372.0 2030.0 4262.0 4551.0 130000750
cell 13 1.55 1.52170894 0.1 0.09817477 372.0 2030.0 4262.0 4551.0 130000751
cell 13 1.55 1.61988371 0.1 0.09817477 372.0 2030.0 4262.0 4551.0 130000752
cell 13 1.55 1.71805848 0.1 0.09817477 372.0 2030.0 4262.0 4551.0 130000753
cell 13 1.55 1.81623325 0.1 0.09817477 372.0 2030.0 4262.0 4551.0 130000754
cell 13 1.55 1.91440802 0.1 0.09817477 372.0 2030.0 4262.0 4551.0 130000755
cell 13 1.55 2.01258279 0.1 0.09817477 372.0 2030.0 4262.0 4551.0 130000756
cell 13 1.55 2.11075756 0.1 0.09817477 372.0 2030.0 4262.0 4551.0 130000757
cell 13 1.55 2.20893233 0.1 0.09817477 372.0 2030.0 4262.0 4551.0 130000758
cell 13 1.55 2.3071071 0.1 0.09817477 372.0 2030.0 4262.0 4551.0 130000759
cell 13 1.55 2.40528188 0.1 0.09817477 372.0 2030.0 4262.0 4551.0 130000760
cell 13 1.55 2.50345665 0.1 0.09817477 372.0 2030.0 4262.0 4551.0 130000761
cell 13 1.55 2.60163142 0.1 0.09817477 372.0 2030.0 4262.0 4551.0 130000762
cell 13 1.55 2.69980619 0.1 0.09817477 372.0 2030.0 4262.0 4551.0 130000763
cell 13 1.55 2.79798096 0.1 0.09817477 372.0 2030.0 4262.0 4551.0 130000764
cell 13 1.55 2.89615573 0.1 0.09817477 372.0 2030.0 4262.0 4551.0 130000765
cell 13 1.55 2.9943305 0.1 0.09817477 372.0 2030.0 4262.0 4551.0 130000766
cell 13 1.55 3.09250527 0.1 0.09817477 372.0 2030.0 4262.0 4551.0 130000767
cell 13 1.65 -3.09250527 0.1 0.09817477 372.0 2030.0 4262.0 4551.0 130000768
cell 13 1.65 -2.9943305 0.1 0.09817477 372.0 2030.0 4262.0 4551.0 130000769
cell 13 1.65 -2.89615573 0.1 0.09817477 372.0 2030.0 4262.0 4551.0 130000770
cell 13 1.65 -2.79798096 0.1 0.09817477 372.0 2030.0 4262.0 4551.0 130000771
cell 13 1.65 -2.69980619 0.1 0.09817477 372.0 2030.0 4262.0 4551.0 130000772
cell 13 1.65 -2.60163142 0.1 0.09817477 372.0 2030.0 4262.0 4551.0 130000773
cell 13 1.65 -2.50345665 0.1 0.09817477 372.0 2030.0 4262.0 4551.0 130000774
cell 13 1.65 -2.40528188 0.1 0.09817477 372.0 2030.0 4262.0 4551.0 130000775
cell 13 1.65 -2.3071071 0.1 0.09817477 372.0 2030.0 4262.0 4551.0 130000776
cell 13 1.65 -2.20893233 0.1 0.09817477 372.0 2030.0 4262.0 4551.0 130000777
cell 13 1.65 -2.11075756 0.1 0.09817477 372.0 2030.0 4262.0 4551.0 130000778
cell 13 1.65 -2.01258279 0.1 0.09817477 372.0 2030.0 4262.0 4551.0 130000779
cell 13 1.65 -1.91440802 0.1 0.09817477 372.0 2030.0 4262.0 4551.0 130000780
cell 13 1.65 -1.81623325 0.1 0.09817477 372.0 2030.0 4262.0 4551.0 130000781
cell 13 1.65 -1.71805848 0.1 0.09817477 372.0 2030.0 4262.0 4551.0 130000782
cell 13 1.65 -1.61988371 0.1 0.09817477 372.0 2030.0 4262.0 4551.0 130000783
cell 13 1.65 -1.52170894 0.1 0.09817477 372.0 2030.0 4262.0 4551.0 130000784
cell 13 1.65 -1.42353417 0.1 0.09817477 372.0 2030.0 4262.0 4551.0 130000785
cell 13 1.65 -1.3253594 0.1 0.09817477 372.0 2030.0 4262.0 4551.0 130000786
cell 13 1.65 -1.22718463 0.1 0.09817477 372.0 2030.0 4262.0 4551.0 130000787
cell 13 1.65 -1.12900986 0.1 0.09817477 372.0 2030.0 4262.0 4551.0 130000788
cell 13 1.65 -1.03083509 0.1 0.09817477 372.0 2030.0 4262.0 4551.0 130000789
cell 13 1.65 -0.93266032 0.1 0.09817477 372.0 2030.0 4262.0 4551.0 130000790
cell 13 1.65 -0.83448555 0.1 0.09817477 372.0 2030.0 4262.0 4551.0 130000791
cell 13 1.65 -0.73631078 0.1 0.09817477 372.0 2030.0 4262.0 4551.0 130000792
cell 13 1.65 -0.63813601 0.1 0.09817477 372.0 2030.0 4262.0 4551.0 130000793
cell 13 1.65 -0.53996124 0.1 0.09817477 372.0 2030.0 4262.0 4551.0 130000794
cell 13 1.65 -0.44178647 0.1 0.09817477 372.0 2030.0 4262.0 4551.0 130000795
cell 13 1.65 -0.3436117 0.1 0.09817477 372.0 2030.0 4262.0 4551.0 130000796
cell 13 1.65 -0.24543693 0.1 0.09817477 372.0 2030.0 4262.0 4551.0 130000797
cell 13 1.65 -0.14726216 0.1 0.09817477 372.0 2030.0 4262.0 4551.0 130000798
cell 13 1.65 -0.04908739 0.1 0.09817477 372.0 2030.0 4262.0 4551.0 130000799
cell 13 1.65 0.04908739 0.1 0.09817477 372.0 2030.0 4262.0 4551.0 130000800
cell 13 1.65 0.14726216 0.1 0.09817477 372.0 2030.0 4262.0 4551.0 130000801
cell 13 1.65 0.24543693 0.1 0.09817477 372.0 2030.0 4262.0 4551.0 130000802
cell 13 1.65 0.3436117 0.1 0.09817477 372.0 2030.0 4262.0 4551.0 130000803
cell 13 1.65 0.44178647 0.1 0.09817477 372.0 2030.0 4262.0 4551.0 130000804
cell 13 1.65 0.53996124 0.1 0.09817477 372.0 2030.0 4262.0 4551.0 130000805
cell 13 1.65 0.63813601 0.1 0.09817477 372.0 2030.0 4262.0 4551.0 130000806
cell 13 1.65 0.73631078 0.1 0.09817477 372.0 2030.0 4262.0 4551.0 130000807
cell 13 1.65 0.83448555 0.1 0.09817477 372.0 2030.0 4262.0 4551.0 130000808
cell 13 1.65 0.93266032 0.1 0.09817477 372.0 2030.0 4262.0 4551.0 130000809
cell 13 1.65 1.03083509 0.1 0.09817477 372.0 2030.0 4262.0 4551.0 130000810
cell 13 1.65 1.12900986 0.1 0.09817477 372.0 2030.0 4262.0 4551.0 130000811
cell 13 1.65 1.22718463 0.1 0.09817477 372.0 2030.0 4262.0 4551.0 130000812
cell 13 1.65 1.3253594 0.1 0.09817477 372.0 2030.0 4262.0 4551.0 130000813
cell 13 1.65 1.42353417 0.1 0.09817477 372.0 2030.0 4262.0 4551.0 130000814
cell 13 1.65 1.52170894 0.1 0.09817477 372.0 2030.0 4262.0 4551.0 130000815
cell 13 1.65 1.61988371 0.1 0.09817477 372.0 2030.0 4262.0 4551.0 130000816
cell 13 1.65 1.71805848 0.1 0.09817477 372.0 2030.0 4262.0 4551.0 130000817
cell 13 1.65 1.81623325 0.1 0.09817477 372.0 2030.0 4262.0 4551.0 130000818
cell 13 1.65 1.91440802 0.1 0.09817477 372.0 2030.0 4262.0 4551.0 130000819
cell 13 1.65 2.01258279 0.1 0.09817477 372.0 2030.0 4262.0 4551.0 130000820
cell 13 1.65 2.11075756 0.1 0.09817477 372.0 2030.0 4262.0 4551.0 130000821
cell 13 1.65 2.20893233 0.1 0.09817477 372.0 2030.0 4262.0 4551.0 130000822
cell 13 1.65 2.3071071 0.1 0.09817477 372.0 2030.0 4262.0 4551.0 130000823
cell 13 1.65 2.40528188 0.1 0.09817477 372.0 2030.0 4262.0 4551.0 130000824
cell 13 1.65 2.50345665 0.1 0.09817477 372.0 2030.0 4262.0 4551.0 130000825
cell 13 1.65 2.60163142 0.1 0.09817477 372.0 2030.0 4262.0 4551.0 130000826
cell 13 1.65 2.69980619 0.1 0.09817477 372.0 2030.0 4262.0 4551.0 130000827
cell 13 1.65 2.79798096 0.1 0.09817477 372.0 2030.0 4262.0 4551.0 130000828
cell 13 1.65 2.89615573 0.1 0.09817477 372.0 2030.0 4262.0 4551.0 130000829
cell 13 1.65 2.9943305 0.1 0.09817477 372.0 2030.0 4262.0 4551.0 130000830
cell 13 1.65 3.09250527 0.1 0.09817477 372.0 2030.0 4262.0 4551.0 130000831
cell 13 1.75 -3.09250527 0.1 0.09817477 372.0 2030.0 4262.0 4551.0 130000832
cell 13 1.75 -2.9943305 0.1 0.09817477 372.0 2030.0 4262.0 4551.0 130000833
cell 13 1.75 -2.89615573 0.1 0.09817477 372.0 2030.0 4262.0 4551.0 130000834
cell 13 1.75 -2.79798096 0.1 0.09817477 372.0 2030.0 4262.0 4551.0 130000835
cell 13 1.75 -2.69980619 0.1 0.09817477 372.0 2030.0 4262.0 4551.0 130000836
cell 13 1.75 -2.60163142 0.1 0.09817477 372.0 2030.0 4262.0 4551.0 130000837
cell 13 1.75 -2.50345665 0.1 0.09817477 372.0 2030.0 4262.0 4551.0 130000838
cell 13 1.75 -2.40528188 0.1 0.09817477 372.0 2030.0 4262.0 4551.0 130000839
cell 13 1.75 -2.3071071 0.1 0.09817477 372.0 2030.0 4262.0 4551.0 130000840
cell 13 1.75 -2.20893233 0.1 0.09817477 372.0 2030.0 4262.0 4551.0 130000841
cell 13 1.75 -2.11075756 0.1 0.09817477 372.0 2030.0 4262.0 4551.0 130000842
cell 13 1.75 -2.01258279 0.1 0.09817477 372.0 2030.0 4262.0 4551.0 130000843
cell 13 1.75 -1.91440802 0.1 0.09817477 372.0 2030.0 4262.0 4551.0 130000844
cell 13 1.75 -1.81623325 0.1 0.09817477 372.0 2030.0 4262.0 4551.0 130000845
cell 13 1.75 -1.71805848 0.1 0.09817477 372.0 2030.0 4262.0 4551.0 130000846
cell 13 1.75 -1.61988371 0.1 0.09817477 372.0 2030.0 4262.0 4551.0 130000847
cell 13 1.75 -1.52170894 0.1 0.09817477 372.0 2030.0 4262.0 4551.0 130000848
cell 13 1.75 -1.42353417 0.1 0.09817477 372.0 2030.0 4262.0 4551.0 130000849
cell 13 1.75 -1.3253594 0.1 0.09817477 372.0 2030.0 4262.0 4551.0 130000850
cell 13 1.75 -1.22718463 0.1 0.09817477 372.0 2030.0 4262.0 4551.0 130000851
cell 13 1.75 -1.12900986 0.1 0.09817477 372.0 2030.0 4262.0 4551.0 130000852
cell 13 1.75 -1.03083509 0.1 0.09817477 372.0 2030.0 4262.0 4551.0 130000853
cell 13 1.75 -0.93266032 0.1 0.09817477 372.0 2030.0 4262.0 4551.0 130000854
cell 13 1.75 -0.83448555 0.1 0.09817477 372.0 2030.0 4262.0 4551.0 130000855
cell 13 1.75 -0.73631078 0.1 0.09817477 372.0 2030.0 4262.0 4551.0 130000856
cell 13 1.75 -0.63813601 0.1 0.09817477 372.0 2030.0 4262.0 4551.0 130000857
cell 13 1.75 -0.53996124 0.1 0.09817477 372.0 2030.0 4262.0 4551.0 130000858
cell 13 1.75 -0.44178647 0.1 0.09817477 372.0 2030.0 4262.0 4551.0 130000859
cell 13 1.75 -0.3436117 0.1 0.09817477 372.0 2030.0 4262.0 4551.0 130000860
cell 13 1.75 -0.24543693 0.1 0.09817477 372.0 2030.0 4262.0 4551.0 130000861
cell 13 1.75 -0.14726216 0.1 0.09817477 372.0 2030.0 4262.0 4551.0 130000862
cell 13 1.75 -0.04908739 0.1 0.09817477 372.0 2030.0 4262.0 4551.0 130000863
cell 13 1.75 0.04908739 0.1 0.09817477 372.0 2030.0 4262.0 4551.0 130000864
cell 13 1.75 0.14726216 0.1 0.09817477 372.0 2030.0 4262.0 4551.0 130000865
cell 13 1.75 0.24543693 0.1 0.09817477 372.0 2030.0 4262.0 4551.0 130000866
cell 13 1.75 0.3436117 0.1 0.09817477 372.0 2030.0 4262.0 4551.0 130000867
cell 13 1.75 0.44178647 0.1 0.09817477 372.0 2030.0 4262.0 4551.0 130000868
cell 13 1.75 0.53996124 0.1 0.09817477 372.0 2030.0 4262.0 4551.0 130000869
cell 13 1.75 0.63813601 0.1 0.09817477 372.0 2030.0 4262.0 4551.0 130000870
cell 13 1.75 0.73631078 0.1 0.09817477 372.0 2030.0 4262.0 4551.0 130000871
cell 13 1.75 0.83448555 0.1 0.09817477 372.0 2030.0 4262.0 4551.0 130000872
cell 13 1.75 0.93266032 0.1 0.09817477 372.0 2030.0 4262.0 4551.0 130000873
cell 13 1.75 1.03083509 0.1 0.09817477 372.0 2030.0 4262.0 4551.0 130000874
cell 13 1.75 1.12900986 0.1 0.09817477 372.0 2030.0 4262.0 4551.0 130000875
cell 13 1.75 1.22718463 0.1 0.09817477 372.0 2030.0 4262.0 4551.0 130000876
cell 13 1.75 1.3253594 0.1 0.09817477 372.0 2030.0 4262.0 4551.0 130000877
cell 13 1.75 1.42353417 0.1 0.09817477 372.0 2030.0 4262.0 4551.0 130000878
cell 13 1.75 1.52170894 0.1 0.09817477 372.0 2030.0 4262.0 4551.0 130000879
cell 13 1.75 1.61988371 0.1 0.09817477 372.0 2030.0 4262.0 4551.0 130000880
cell 13 1.75 1.71805848 0.1 0.09817477 372.0 2030.0 4262.0 4551.0 130000881
cell 13 1.75 1.81623325 0.1 0.09817477 372.0 2030.0 4262.0 4551.0 130000882
cell 13 1.75 1.91440802 0.1 0.09817477 372.0 2030.0 4262.0 4551.0 130000883
cell 13 1.75 2.01258279 0.1 0.09817477 372.0 2030.0 4262.0 4551.0 130000884
cell 13 1.75 2.11075756 0.1 0.09817477 372.0 2030.0 4262.0 4551.0 130000885
cell 13 1.75 2.20893233 0.1 0.09817477 372.0 2030.0 4262.0 4551.0 130000886
cell 13 1.75 2.3071071 0.1 0.09817477 372.0 2030.0 4262.0 4551.0 130000887
cell 13 1.75 2.40528188 0.1 0.09817477 372.0 2030.0 4262.0 4551.0 130000888
cell 13 1.75 2.50345665 0.1 0.09817477 372.0 2030.0 4262.0 4551.0 130000889
cell 13 1.75 2.60163142 0.1 0.09817477 372.0 2030.0 4262.0 4551.0 130000890
cell 13 1.75 2.69980619 0.1 0.09817477 372.0 2030.0 4262.0 4551.0 130000891
cell 13 1.75 2.79798096 0.1 0.09817477 372.0 2030.0 4262.0 4551.0 130000892
cell 13 1.75 2.89615573 0.1 0.09817477 372.0 2030.0 4262.0 4551.0 130000893
cell 13 1.75 2.9943305 0.1 0.09817477 372.0 2030.0 4262.0 4551.0 130000894
cell 13 1.75 3.09250527 0.1 0.09817477 372.0 2030.0 4262.0 4551.0 130000895
cell 13 1.85 -3.09250527 0.1 0.09817477 372.0 2030.0 4262.0 4551.0 130000896
cell 13 1.85 -2.9943305 0.1 0.09817477 372.0 2030.0 4262.0 4551.0 130000897
cell 13 1.85 -2.89615573 0.1 0.09817477 372.0 2030.0 4262.0 4551.0 130000898
cell 13 1.85 -2.79798096 0.1 0.09817477 372.0 2030.0 4262.0 4551.0 130000899
cell 13 1.85 -2.69980619 0.1 0.09817477 372.0 2030.0 4262.0 4551.0 130000900
cell 13 1.85 -2.60163142 0.1 0.09817477 372.0 2030.0 4262.0 4551.0 130000901
cell 13 1.85 -2.50345665 0.1 0.09817477 372.0 2030.0 4262.0 4551.0 130000902
cell 13 1.85 -2.40528188 0.1 0.09817477 372.0 2030.0 4262.0 4551.0 130000903
cell 13 1.85 -2.3071071 0.1 0.09817477 372.0 2030.0 4262.0 4551.0 130000904
cell 13 1.85 -2.20893233 0.1 0.09817477 372.0 2030.0 4262.0 4551.0 130000905
cell 13 1.85 -2.11075756 0.1 0.09817477 372.0 2030.0 4262.0 4551.0 130000906
cell 13 1.85 -2.01258279 0.1 0.09817477 372.0 2030.0 4262.0 4551.0 130000907
cell 13 1.85 -1.91440802 0.1 0.09817477 372.0 2030.0 4262.0 4551.0 130000908
cell 13 1.85 -1.81623325 0.1 0.09817477 372.0 2030.0 4262.0 4551.0 130000909
cell 13 1.85 -1.71805848 0.1 0.09817477 372.0 2030.0 4262.0 4551.0 130000910
cell 13 1.85 -1.61988371 0.1 0.09817477 372.0 2030.0 4262.0 4551.0 130000911
cell 13 1.85 -1.52170894 0.1 0.09817477 372.0 2030.0 4262.0 4551.0 130000912
cell 13 1.85 -1.42353417 0.1 0.09817477 372.0 2030.0 4262.0 4551.0 130000913
cell 13 1.85 -1.3253594 0.1 0.09817477 372.0 2030.0 4262.0 4551.0 130000914
cell 13 1.85 -1.22718463 0.1 0.09817477 372.0 2030.0 4262.0 4551.0 130000915
cell 13 1.85 -1.12900986 0.1 0.09817477 372.0 2030.0 4262.0 4551.0 130000916
cell 13 1.85 -1.03083509 0.1 0.09817477 372.0 2030.0 4262.0 4551.0 130000917
cell 13 1.85 -0.93266032 0.1 0.09817477 372.0 2030.0 4262.0 4551.0 130000918
cell 13 1.85 -0.83448555 0.1 0.09817477 372.0 2030.0 4262.0 4551.0 130000919
cell 13 1.85 -0.73631078 0.1 0.09817477 372.0 2030.0 4262.0 4551.0 130000920
cell 13 1.85 -0.63813601 0.1 0.09817477 372.0 2030.0 4262.0 4551.0 130000921
cell 13 1.85 -0.53996124 0.1 0.09817477 372.0 2030.0 4262.0 4551.0 130000922
cell 13 1.85 -0.44178647 0.1 0.09817477 372.0 2030.0 4262.0 4551.0 130000923
cell 13 1.85 -0.3436117 0.1 0.09817477 372.0 2030.0 4262.0 4551.0 130000924
cell 13 1.85 -0.24543693 0.1 0.09817477 372.0 2030.0 4262.0 4551.0 130000925
cell 13 1.85 -0.14726216 0.1 0.09817477 372.0 2030.0 4262.0 4551.0 130000926
cell 13 1.85 -0.04908739 0.1 0.09817477 372.0 2030.0 4262.0 4551.0 130000927
cell 13 1.85 0.04908739 0.1 0.09817477 372.0 2030.0 4262.0 4551.0 130000928
cell 13 1.85 0.14726216 0.1 0.09817477 372.0 2030.0 4262.0 4551.0 130000929
cell 13 1.85 0.24543693 0.1 0.09817477 372.0 2030.0 4262.0 4551.0 130000930
cell 13 1.85 0.3436117 0.1 0.09817477 372.0 2030.0 4262.0 4551.0 130000931
cell 13 1.85 0.44178647 0.1 0.09817477 372.0 2030.0 4262.0 4551.0 130000932
cell 13 1.85 0.53996124 0.1 0.09817477 372.0 2030.0 4262.0 4551.0 130000933
cell 13 1.85 0.63813601 0.1 0.09817477 372.0 2030.0 4262.0 4551.0 130000934
cell 13 1.85 0.73631078 0.1 0.09817477 372.0 2030.0 4262.0 4551.0 130000935
cell 13 1.85 0.83448555 0.1 0.09817477 372.0 2030.0 4262.0 4551.0 130000936
cell 13 1.85 0.93266032 0.1 0.09817477 372.0 2030.0 4262.0 4551.0 130000937
cell 13 1.85 1.03083509 0.1 0.09817477 372.0 2030.0 4262.0 4551.0 130000938
cell 13 1.85 1.12900986 0.1 0.09817477 372.0 2030.0 4262.0 4551.0 130000939
cell 13 1.85 1.22718463 0.1 0.09817477 372.0 2030.0 4262.0 4551.0 130000940
cell 13 1.85 1.3253594 0.1 0.09817477 372.0 2030.0 4262.0 4551.0 130000941
cell 13 1.85 1.42353417 0.1 0.09817477 372.0 2030.0 4262.0 4551.0 130000942
cell 13 1.85 1.52170894 0.1 0.09817477 372.0 2030.0 4262.0 4551.0 130000943
cell 13 1.85 1.61988371 0.1 0.09817477 372.0 2030.0 4262.0 4551.0 130000944
cell 13 1.85 1.71805848 0.1 0.09817477 372.0 2030.0 4262.0 4551.0 130000945
cell 13 1.85 1.81623325 0.1 0.09817477 372.0 2030.0 4262.0 4551.0 130000946
cell 13 1.85 1.91440802 0.1 0.09817477 372.0 2030.0 4262.0 4551.0 130000947
cell 13 1.85 2.01258279 0.1 0.09817477 372.0 2030.0 4262.0 4551.0 130000948
cell 13 1.85 2.11075756 0.1 0.09817477 372.0 2030.0 4262.0 4551.0 130000949
cell 13 1.85 2.20893233 0.1 0.09817477 372.0 2030.0 4262.0 4551.0 130000950
cell 13 1.85 2.3071071 0.1 0.09817477 372.0 2030.0 4262.0 4551.0 130000951
cell 13 1.85 2.40528188 0.1 0.09817477 372.0 2030.0 4262.0 4551.0 130000952
cell 13 1.85 2.50345665 0.1 0.09817477 372.0 2030.0 4262.0 4551.0 130000953
cell 13 1.85 2.60163142 0.1 0.09817477 372.0 2030.0 4262.0 4551.0 130000954
cell 13 1.85 2.69980619 0.1 0.09817477 372.0 2030.0 4262.0 4551.0 130000955
cell 13 1.85 2.79798096 0.1 0.09817477 372.0 2030.0 4262.0 4551.0 130000956
cell 13 1.85 2.89615573 0.1 0.09817477 372.0 2030.0 4262.0 4551.0 130000957
cell 13 1.85 2.9943305 0.1 0.09817477 372.0 2030.0 4262.0 4551.0 130000958
cell 13 1.85 3.09250527 0.1 0.09817477 372.0 2030.0 4262.0 4551.0 130000959
cell 13 1.95 -3.09250527 0.1 0.09817477 372.0 2030.0 4262.0 4551.0 130000960
cell 13 1.95 -2.9943305 0.1 0.09817477 372.0 2030.0 4262.0 4551.0 130000961
cell 13 1.95 -2.89615573 0.1 0.09817477 372.0 2030.0 4262.0 4551.0 130000962
cell 13 1.95 -2.79798096 0.1 0.09817477 372.0 2030.0 4262.0 4551.0 130000963
cell 13 1.95 -2.69980619 0.1 0.09817477 372.0 2030.0 4262.0 4551.0 130000964
cell 13 1.95 -2.60163142 0.1 0.09817477 372.0 2030.0 4262.0 4551.0 130000965
cell 13 1.95 -2.50345665 0.1 0.09817477 372.0 2030.0 4262.0 4551.0 130000966
cell 13 1.95 -2.40528188 0.1 0.09817477 372.0 2030.0 4262.0 4551.0 130000967
cell 13 1.95 -2.3071071 0.1 0.09817477 372.0 2030.0 4262.0 4551.0 130000968
cell 13 1.95 -2.20893233 0.1 0.09817477 372.0 2030.0 4262.0 4551.0 130000969
cell 13 1.95 -2.11075756 0.1 0.09817477 372.0 2030.0 4262.0 4551.0 130000970
cell 13 1.95 -2.01258279 0.1 0.09817477 372.0 2030.0 4262.0 4551.0 130000971
cell 13 1.95 -1.91440802 0.1 0.09817477 372.0 2030.0 4262.0 4551.0 130000972
cell 13 1.95 -1.81623325 0.1 0.09817477 372.0 2030.0 4262.0 4551.0 130000973
cell 13 1.95 -1.71805848 0.1 0.09817477 372.0 2030.0 4262.0 4551.0 130000974
cell 13 1.95 -1.61988371 0.1 0.09817477 372.0 2030.0 4262.0 4551.0 130000975
cell 13 1.95 -1.52170894 0.1 0.09817477 372.0 2030.0 4262.0 4551.0 130000976
cell 13 1.95 -1.42353417 0.1 0.09817477 372.0 2030.0 4262.0 4551.0 130000977
cell 13 1.95 -1.3253594 0.1 0.09817477 372.0 2030.0 4262.0 4551.0 130000978
cell 13 1.95 -1.22718463 0.1 0.09817477 372.0 2030.0 4262.0 4551.0 130000979
cell 13 1.95 -1.12900986 0.1 0.09817477 372.0 2030.0 4262.0 4551.0 130000980
cell 13 1.95 -1.03083509 0.1 0.09817477 372.0 2030.0 4262.0 4551.0 130000981
cell 13 1.95 -0.93266032 0.1 0.09817477 372.0 2030.0 4262.0 4551.0 130000982
cell 13 1.95 -0.83448555 0.1 0.09817477 372.0 2030.0 4262.0 4551.0 130000983
cell 13 1.95 -0.73631078 0.1 0.09817477 372.0 2030.0 4262.0 4551.0 130000984
cell 13 1.95 -0.63813601 0.1 0.09817477 372.0 2030.0 4262.0 4551.0 130000985
cell 13 1.95 -0.53996124 0.1 0.09817477 372.0 2030.0 4262.0 4551.0 130000986
cell 13 1.95 -0.44178647 0.1 0.09817477 372.0 2030.0 4262.0 4551.0 130000987
cell 13 1.95 -0.3436117 0.1 0.09817477 372.0 2030.0 4262.0 4551.0 130000988
cell 13 1.95 -0.24543693 0.1 0.09817477 372.0 2030.0 4262.0 4551.0 130000989
cell 13 1.95 -0.14726216 0.1 0.09817477 372.0 2030.0 4262.0 4551.0 130000990
cell 13 1.95 -0.04908739 0.1 0.09817477 372.0 2030.0 4262.0 4551.0 130000991
cell 13 1.95 0.04908739 0.1 0.09817477 372.0 2030.0 4262.0 4551.0 130000992
cell 13 1.95 0.14726216 0.1 0.09817477 372.0 2030.0 4262.0 4551.0 130000993
cell 13 1.95 0.24543693 0.1 0.09817477 372.0 2030.0 4262.0 4551.0 130000994
cell 13 1.95 0.3436117 0.1 0.09817477 372.0 2030.0 4262.0 4551.0 130000995
cell 13 1.95 0.44178647 0.1 0.09817477 372.0 2030.0 4262.0 4551.0 130000996
cell 13 1.95 0.53996124 0.1 0.09817477 372.0 2030.0 4262.0 4551.0 130000997
cell 13 1.95 0.63813601 0.1 0.09817477 372.0 2030.0 4262.0 4551.0 130000998
cell 13 1.95 0.73631078 0.1 0.09817477 372.0 2030.0 4262.0 4551.0 130000999
cell 13 1.95 0.83448555 0.1 0.09817477 372.0 2030.0 4262.0 4551.0 130001000
cell 13 1.95 0.93266032 0.1 0.09817477 372.0 2030.0 4262.0 4551.0 130001001
cell 13 1.95 1.03083509 0.1 0.09817477 372.0 2030.0 4262.0 4551.0 130001002
cell 13 1.95 1.12900986 0.1 0.09817477 372.0 2030.0 4262.0 4551.0 130001003
cell 13 1.95 1.22718463 0.1 0.09817477 372.0 2030.0 4262.0 4551.0 130001004
cell 13 1.95 1.3253594 0.1 0.09817477 372.0 2030.0 4262.0 4551.0 130001005
cell 13 1.95 1.42353417 0.1 0.09817477 372.0 2030.0 4262.0 4551.0 130001006
cell 13 1.95 1.52170894 0.1 0.09817477 372.0 2030.0 4262.0 4551.0 130001007
cell 13 1.95 1.61988371 0.1 0.09817477 372.0 2030.0 4262.0 4551.0 130001008
cell 13 1.95 1.71805848 0.1 0.09817477 372.0 2030.0 4262.0 4551.0 130001009
cell 13 1.95 1.81623325 0.1 0.09817477 372.0 2030.0 4262.0 4551.0 130001010
cell 13 1.95 1.91440802 0.1 0.09817477 372.0 2030.0 4262.0 4551.0 130001011
cell 13 1.95 2.01258279 0.1 0.09817477 372.0 2030.0 4262.0 4551.0 130001012
cell 13 1.95 2.11075756 0.1 0.09817477 372.0 2030.0 4262.0 4551.0 130001013
cell 13 1.95 2.20893233 0.1 0.09817477 372.0 2030.0 4262.0 4551.0 130001014
cell 13 1.95 2.3071071 0.1 0.09817477 372.0 2030.0 4262.0 4551.0 130001015
cell 13 1.95 2.40528188 0.1 0.09817477 372.0 2030.0 4262.0 4551.0 130001016
cell 13 1.95 2.50345665 0.1 0.09817477 372.0 2030.0 4262.0 4551.0 130001017
cell 13 1.95 2.60163142 0.1 0.09817477 372.0 2030.0 4262.0 4551.0 130001018
cell 13 1.95 2.69980619 0.1 0.09817477 372.0 2030.0 4262.0 4551.0 130001019
cell 13 1.95 2.79798096 0.1 0.09817477 372.0 2030.0 4262.0 4551.0 130001020
cell 13 1.95 2.89615573 0.1 0.09817477 372.0 2030.0 4262.0 4551.0 130001021
cell 13 1.95 2.9943305 0.1 0.09817477 372.0 2030.0 4262.0 4551.0 130001022
cell 13 1.95 3.09250527 0.1 0.09817477 372.0 2030.0 4262.0 4551.0 130001023
cell 13 2.05 -3.09250527 0.1 0.09817477 372.0 2030.0 4262.0 4551.0 130001024
cell 13 2.05 -2.9943305 0.1 0.09817477 372.0 2030.0 4262.0 4551.0 130001025
cell 13 2.05 -2.89615573 0.1 0.09817477 372.0 2030.0 4262.0 4551.0 130001026
cell 13 2.05 -2.79798096 0.1 0.09817477 372.0 2030.0 4262.0 4551.0 130001027
cell 13 2.05 -2.69980619 0.1 0.09817477 372.0 2030.0 4262.0 4551.0 130001028
cell 13 2.05 -2.60163142 0.1 0.09817477 372.0 2030.0 4262.0 4551.0 130001029
cell 13 2.05 -2.50345665 0.1 0.09817477 372.0 2030.0 4262.0 4551.0 130001030
cell 13 2.05 -2.40528188 0.1 0.09817477 372.0 2030.0 4262.0 4551.0 130001031
cell 13 2.05 -2.3071071 0.1 0.09817477 372.0 2030.0 4262.0 4551.0 130001032
cell 13 2.05 -2.20893233 0.1 0.09817477 372.0 2030.0 4262.0 4551.0 130001033
cell 13 2.05 -2.11075756 0.1 0.09817477 372.0 2030.0 4262.0 4551.0 130001034
cell 13 2.05 -2.01258279 0.1 0.09817477 372.0 2030.0 4262.0 4551.0 130001035
cell 13 2.05 -1.91440802 0.1 0.09817477 372.0 2030.0 4262.0 4551.0 130001036
cell 13 2.05 -1.81623325 0.1 0.09817477 372.0 2030.0 4262.0 4551.0 130001037
cell 13 2.05 -1.71805848 0.1 0.09817477 372.0 2030.0 4262.0 4551.0 130001038
cell 13 2.05 -1.61988371 0.1 0.09817477 372.0 2030.0 4262.0 4551.0 130001039
cell 13 2.05 -1.52170894 0.1 0.09817477 372.0 2030.0 4262.0 4551.0 130001040
cell 13 2.05 -1.42353417 0.1 0.09817477 372.0 2030.0 4262.0 4551.0 130001041
cell 13 2.05 -1.3253594 0.1 0.09817477 372.0 2030.0 4262.0 4551.0 130001042
cell 13 2.05 -1.22718463 0.1 0.09817477 372.0 2030.0 4262.0 4551.0 130001043
cell 13 2.05 -1.12900986 0.1 0.09817477 372.0 2030.0 4262.0 4551.0 130001044
cell 13 2.05 -1.03083509 0.1 0.09817477 372.0 2030.0 4262.0 4551.0 130001045
cell 13 2.05 -0.93266032 0.1 0.09817477 372.0 2030.0 4262.0 4551.0 130001046
cell 13 2.05 -0.83448555 0.1 0.09817477 372.0 2030.0 4262.0 4551.0 130001047
cell 13 2.05 -0.73631078 0.1 0.09817477 372.0 2030.0 4262.0 4551.0 130001048
cell 13 2.05 -0.63813601 0.1 0.09817477 372.0 2030.0 4262.0 4551.0 130001049
cell 13 2.05 -0.53996124 0.1 0.09817477 372.0 2030.0 4262.0 4551.0 130001050
cell 13 2.05 -0.44178647 0.1 0.09817477 372.0 2030.0 4262.0 4551.0 130001051
cell 13 2.05 -0.3436117 0.1 0.09817477 372.0 2030.0 4262.0 4551.0 130001052
cell 13 2.05 -0.24543693 0.1 0.09817477 372.0 2030.0 4262.0 4551.0 130001053
cell 13 2.05 -0.14726216 0.1 0.09817477 372.0 2030.0 4262.0 4551.0 130001054
cell 13 2.05 -0.04908739 0.1 0.09817477 372.0 2030.0 4262.0 4551.0 130001055
cell 13 2.05 0.04908739 0.1 0.09817477 372.0 2030.0 4262.0 4551.0 130001056
cell 13 2.05 0.14726216 0.1 0.09817477 372.0 2030.0 4262.0 4551.0 130001057
cell 13 2.05 0.24543693 0.1 0.09817477 372.0 2030.0 4262.0 4551.0 130001058
cell 13 2.05 0.3436117 0.1 0.09817477 372.0 2030.0 4262.0 4551.0 130001059
cell 13 2.05 0.44178647 0.1 0.09817477 372.0 2030.0 4262.0 4551.0 130001060
cell 13 2.05 0.53996124 0.1 0.09817477 372.0 2030.0 4262.0 4551.0 130001061
cell 13 2.05 0.63813601 0.1 0.09817477 372.0 2030.0 4262.0 4551.0 130001062
cell 13 2.05 0.73631078 0.1 0.09817477 372.0 2030.0 4262.0 4551.0 130001063
cell 13 2.05 0.83448555 0.1 0.09817477 372.0 2030.0 4262.0 4551.0 130001064
cell 13 2.05 0.93266032 0.1 0.09817477 372.0 2030.0 4262.0 4551.0 130001065
cell 13 2.05 1.03083509 0.1 0.09817477 372.0 2030.0 4262.0 4551.0 130001066
cell 13 2.05 1.12900986 0.1 0.09817477 372.0 2030.0 4262.0 4551.0 130001067
cell 13 2.05 1.22718463 0.1 0.09817477 372.0 2030.0 4262.0 4551.0 130001068
cell 13 2.05 1.3253594 0.1 0.09817477 372.0 2030.0 4262.0 4551.0 130001069
cell 13 2.05 1.42353417 0.1 0.09817477 372.0 2030.0 4262.0 4551.0 130001070
cell 13 2.05 1.52170894 0.1 0.09817477 372.0 2030.0 4262.0 4551.0 130001071
cell 13 2.05 1.61988371 0.1 0.09817477 372.0 2030.0 4262.0 4551.0 130001072
cell 13 2.05 1.71805848 0.1 0.09817477 372.0 2030.0 4262.0 4551.0 130001073
cell 13 2.05 1.81623325 0.1 0.09817477 372.0 2030.0 4262.0 4551.0 130001074
cell 13 2.05 1.91440802 0.1 0.09817477 372.0 2030.0 4262.0 4551.0 130001075
cell 13 2.05 2.01258279 0.1 0.09817477 372.0 2030.0 4262.0 4551.0 130001076
cell 13 2.05 2.11075756 0.1 0.09817477 372.0 2030.0 4262.0 4551.0 130001077
cell 13 2.05 2.20893233 0.1 0.09817477 372.0 2030.0 4262.0 4551.0 130001078
cell 13 2.05 2.3071071 0.1 0.09817477 372.0 2030.0 4262.0 4551.0 130001079
cell 13 2.05 2.40528188 0.1 0.09817477 372.0 2030.0 4262.0 4551.0 130001080
cell 13 2.05 2.50345665 0.1 0.09817477 372.0 2030.0 4262.0 4551.0 130001081
cell 13 2.05 2.60163142 0.1 0.09817477 372.0 2030.0 4262.0 4551.0 130001082
cell 13 2.05 2.69980619 0.1 0.09817477 372.0 2030.0 4262.0 4551.0 130001083
cell 13 2.05 2.79798096 0.1 0.09817477 372.0 2030.0 4262.0 4551.0 130001084
cell 13 2.05 2.89615573 0.1 0.09817477 372.0 2030.0 4262.0 4551.0 130001085
cell 13 2.05 2.9943305 0.1 0.09817477 372.0 2030.0 4262.0 4551.0 130001086
cell 13 2.05 3.09250527 0.1 0.09817477 372.0 2030.0 4262.0 4551.0 130001087
cell 13 2.15 -3.09250527 0.1 0.09817477 372.0 2030.0 4262.0 4551.0 130001088
cell 13 2.15 -2.9943305 0.1 0.09817477 372.0 2030.0 4262.0 4551.0 130001089
cell 13 2.15 -2.89615573 0.1 0.09817477 372.0 2030.0 4262.0 4551.0 130001090
cell 13 2.15 -2.79798096 0.1 0.09817477 372.0 2030.0 4262.0 4551.0 130001091
cell 13 2.15 -2.69980619 0.1 0.09817477 372.0 2030.0 4262.0 4551.0 130001092
cell 13 2.15 -2.60163142 0.1 0.09817477 372.0 2030.0 4262.0 4551.0 130001093
cell 13 2.15 -2.50345665 0.1 0.09817477 372.0 2030.0 4262.0 4551.0 130001094
cell 13 2.15 -2.40528188 0.1 0.09817477 372.0 2030.0 4262.0 4551.0 130001095
cell 13 2.15 -2.3071071 0.1 0.09817477 372.0 2030.0 4262.0 4551.0 130001096
cell 13 2.15 -2.20893233 0.1 0.09817477 372.0 2030.0 4262.0 4551.0 130001097
cell 13 2.15 -2.11075756 0.1 0.09817477 372.0 2030.0 4262.0 4551.0 130001098
cell 13 2.15 -2.01258279 0.1 0.09817477 372.0 2030.0 4262.0 4551.0 130001099
cell 13 2.15 -1.91440802 0.1 0.09817477 372.0 2030.0 4262.0 4551.0 130001100
cell 13 2.15 -1.81623325 0.1 0.09817477 372.0 2030.0 4262.0 4551.0 130001101
cell 13 2.15 -1.71805848 0.1 0.09817477 372.0 2030.0 4262.0 4551.0 130001102
cell 13 2.15 -1.61988371 0.1 0.09817477 372.0 2030.0 4262.0 4551.0 130001103
cell 13 2.15 -1.52170894 0.1 0.09817477 372.0 2030.0 4262.0 4551.0 130001104
cell 13 2.15 -1.42353417 0.1 0.09817477 372.0 2030.0 4262.0 4551.0 130001105
cell 13 2.15 -1.3253594 0.1 0.09817477 372.0 2030.0 4262.0 4551.0 130001106
cell 13 2.15 -1.22718463 0.1 0.09817477 372.0 2030.0 4262.0 4551.0 130001107
cell 13 2.15 -1.12900986 0.1 0.09817477 372.0 2030.0 4262.0 4551.0 130001108
cell 13 2.15 -1.03083509 0.1 0.09817477 372.0 2030.0 4262.0 4551.0 130001109
cell 13 2.15 -0.93266032 0.1 0.09817477 372.0 2030.0 4262.0 4551.0 130001110
cell 13 2.15 -0.83448555 0.1 0.09817477 372.0 2030.0 4262.0 4551.0 130001111
cell 13 2.15 -0.73631078 0.1 0.09817477 372.0 2030.0 4262.0 4551.0 130001112
cell 13 2.15 -0.63813601 0.1 0.09817477 372.0 2030.0 4262.0 4551.0 130001113
cell 13 2.15 -0.53996124 0.1 0.09817477 372.0 2030.0 4262.0 4551.0 130001114
cell 13 2.15 -0.44178647 0.1 0.09817477 372.0 2030.0 4262.0 4551.0 130001115
cell 13 2.15 -0.3436117 0.1 0.09817477 372.0 2030.0 4262.0 4551.0 130001116
cell 13 2.15 -0.24543693 0.1 0.09817477 372.0 2030.0 4262.0 4551.0 130001117
cell 13 2.15 -0.14726216 0.1 0.09817477 372.0 2030.0 4262.0 4551.0 130001118
cell 13 2.15 -0.04908739 0.1 0.09817477 372.0 2030.0 4262.0 4551.0 130001119
cell 13 2.15 0.04908739 0.1 0.09817477 372.0 2030.0 4262.0 4551.0 130001120
cell 13 2.15 0.14726216 0.1 0.09817477 372.0 2030.0 4262.0 4551.0 130001121
cell 13 2.15 0.24543693 0.1 0.09817477 372.0 2030.0 4262.0 4551.0 130001122
cell 13 2.15 0.3436117 0.1 0.09817477 372.0 2030.0 4262.0 4551.0 130001123
cell 13 2.15 0.44178647 0.1 0.09817477 372.0 2030.0 4262.0 4551.0 130001124
cell 13 2.15 0.53996124 0.1 0.09817477 372.0 2030.0 4262.0 4551.0 130001125
cell 13 2.15 0.63813601 0.1 0.09817477 372.0 2030.0 4262.0 4551.0 130001126
cell 13 2.15 0.73631078 0.1 0.09817477 372.0 2030.0 4262.0 4551.0 130001127
cell 13 2.15 0.83448555 0.1 0.09817477 372.0 2030.0 4262.0 4551.0 130001128
cell 13 2.15 0.93266032 0.1 0.09817477 372.0 2030.0 4262.0 4551.0 130001129
cell 13 2.15 1.03083509 0.1 0.09817477 372.0 2030.0 4262.0 4551.0 130001130
cell 13 2.15 1.12900986 0.1 0.09817477 372.0 2030.0 4262.0 4551.0 130001131
cell 13 2.15 1.22718463 0.1 0.09817477 372.0 2030.0 4262.0 4551.0 130001132
cell 13 2.15 1.3253594 0.1 0.09817477 372.0 2030.0 4262.0 4551.0 130001133
cell 13 2.15 1.42353417 0.1 0.09817477 372.0 2030.0 4262.0 4551.0 130001134
cell 13 2.15 1.52170894 0.1 0.09817477 372.0 2030.0 4262.0 4551.0 130001135
cell 13 2.15 1.61988371 0.1 0.09817477 372.0 2030.0 4262.0 4551.0 130001136
cell 13 2.15 1.71805848 0.1 0.09817477 372.0 2030.0 4262.0 4551.0 130001137
cell 13 2.15 1.81623325 0.1 0.09817477 372.0 2030.0 4262.0 4551.0 130001138
cell 13 2.15 1.91440802 0.1 0.09817477 372.0 2030.0 4262.0 4551.0 130001139
cell 13 2.15 2.01258279 0.1 0.09817477 372.0 2030.0 4262.0 4551.0 130001140
cell 13 2.15 2.11075756 0.1 0.09817477 372.0 2030.0 4262.0 4551.0 130001141
cell 13 2.15 2.20893233 0.1 0.09817477 372.0 2030.0 4262.0 4551.0 130001142
cell 13 2.15 2.3071071 0.1 0.09817477 372.0 2030.0 4262.0 4551.0 130001143
cell 13 2.15 2.40528188 0.1 0.09817477 372.0 2030.0 4262.0 4551.0 130001144
cell 13 2.15 2.50345665 0.1 0.09817477 372.0 2030.0 4262.0 4551.0 130001145
cell 13 2.15 2.60163142 0.1 0.09817477 372.0 2030.0 4262.0 4551.0 130001146
cell 13 2.15 2.69980619 0.1 0.09817477 372.0 2030.0 4262.0 4551.0 130001147
cell 13 2.15 2.79798096 0.1 0.09817477 372.0 2030.0 4262.0 4551.0 130001148
cell 13 2.15 2.89615573 0.1 0.09817477 372.0 2030.0 4262.0 4551.0 130001149
cell 13 2.15 2.9943305 0.1 0.09817477 372.0 2030.0 4262.0 4551.0 130001150
cell 13 2.15 3.09250527 0.1 0.09817477 372.0 2030.0 4262.0 4551.0 130001151
cell 13 2.25 -3.09250527 0.1 0.09817477 372.0 2030.0 4262.0 4551.0 130001152
cell 13 2.25 -2.9943305 0.1 0.09817477 372.0 2030.0 4262.0 4551.0 130001153
cell 13 2.25 -2.89615573 0.1 0.09817477 372.0 2030.0 4262.0 4551.0 130001154
cell 13 2.25 -2.79798096 0.1 0.09817477 372.0 2030.0 4262.0 4551.0 130001155
cell 13 2.25 -2.69980619 0.1 0.09817477 372.0 2030.0 4262.0 4551.0 130001156
cell 13 2.25 -2.60163142 0.1 0.09817477 372.0 2030.0 4262.0 4551.0 130001157
cell 13 2.25 -2.50345665 0.1 0.09817477 372.0 2030.0 4262.0 4551.0 130001158
cell 13 2.25 -2.40528188 0.1 0.09817477 372.0 2030.0 4262.0 4551.0 130001159
cell 13 2.25 -2.3071071 0.1 0.09817477 372.0 2030.0 4262.0 4551.0 130001160
cell 13 2.25 -2.20893233 0.1 0.09817477 372.0 2030.0 4262.0 4551.0 130001161
cell 13 2.25 -2.11075756 0.1 0.09817477 372.0 2030.0 4262.0 4551.0 130001162
cell 13 2.25 -2.01258279 0.1 0.09817477 372.0 2030.0 4262.0 4551.0 130001163
cell 13 2.25 -1.91440802 0.1 0.09817477 372.0 2030.0 4262.0 4551.0 130001164
cell 13 2.25 -1.81623325 0.1 0.09817477 372.0 2030.0 4262.0 4551.0 130001165
cell 13 2.25 -1.71805848 0.1 0.09817477 372.0 2030.0 4262.0 4551.0 130001166
cell 13 2.25 -1.61988371 0.1 0.09817477 372.0 2030.0 4262.0 4551.0 130001167
cell 13 2.25 -1.52170894 0.1 0.09817477 372.0 2030.0 4262.0 4551.0 130001168
cell 13 2.25 -1.42353417 0.1 0.09817477 372.0 2030.0 4262.0 4551.0 130001169
cell 13 2.25 -1.3253594 0.1 0.09817477 372.0 2030.0 4262.0 4551.0 130001170
cell 13 2.25 -1.22718463 0.1 0.09817477 372.0 2030.0 4262.0 4551.0 130001171
cell 13 2.25 -1.12900986 0.1 0.09817477 372.0 2030.0 4262.0 4551.0 130001172
cell 13 2.25 -1.03083509 0.1 0.09817477 372.0 2030.0 4262.0 4551.0 130001173
cell 13 2.25 -0.93266032 0.1 0.09817477 372.0 2030.0 4262.0 4551.0 130001174
cell 13 2.25 -0.83448555 0.1 0.09817477 372.0 2030.0 4262.0 4551.0 130001175
cell 13 2.25 -0.73631078 0.1 0.09817477 372.0 2030.0 4262.0 4551.0 130001176
cell 13 2.25 -0.63813601 0.1 0.09817477 372.0 2030.0 4262.0 4551.0 130001177
cell 13 2.25 -0.53996124 0.1 0.09817477 372.0 2030.0 4262.0 4551.0 130001178
cell 13 2.25 -0.44178647 0.1 0.09817477 372.0 2030.0 4262.0 4551.0 130001179
cell 13 2.25 -0.3436117 0.1 0.09817477 372.0 2030.0 4262.0 4551.0 130001180
cell 13 2.25 -0.24543693 0.1 0.09817477 372.0 2030.0 4262.0 4551.0 130001181
cell 13 2.25 -0.14726216 0.1 0.09817477 372.0 2030.0 4262.0 4551.0 130001182
cell 13 2.25 -0.04908739 0.1 0.09817477 372.0 2030.0 4262.0 4551.0 130001183
cell 13 2.25 0.04908739 0.1 0.09817477 372.0 2030.0 4262.0 4551.0 130001184
cell 13 2.25 0.14726216 0.1 0.09817477 372.0 2030.0 4262.0 4551.0 130001185
cell 13 2.25 0.24543693 0.1 0.09817477 372.0 2030.0 4262.0 4551.0 130001186
cell 13 2.25 0.3436117 0.1 0.09817477 372.0 2030.0 4262.0 4551.0 130001187
cell 13 2.25 0.44178647 0.1 0.09817477 372.0 2030.0 4262.0 4551.0 130001188
cell 13 2.25 0.53996124 0.1 0.09817477 372.0 2030.0 4262.0 4551.0 130001189
cell 13 2.25 0.63813601 0.1 0.09817477 372.0 2030.0 4262.0 4551.0 130001190
cell 13 2.25 0.73631078 0.1 0.09817477 372.0 2030.0 4262.0 4551.0 130001191
cell 13 2.25 0.83448555 0.1 0.09817477 372.0 2030.0 4262.0 4551.0 130001192
cell 13 2.25 0.93266032 0.1 0.09817477 372.0 2030.0 4262.0 4551.0 130001193
cell 13 2.25 1.03083509 0.1 0.09817477 372.0 2030.0 4262.0 4551.0 130001194
cell 13 2.25 1.12900986 0.1 0.09817477 372.0 2030.0 4262.0 4551.0 130001195
cell 13 2.25 1.22718463 0.1 0.09817477 372.0 2030.0 4262.0 4551.0 130001196
cell 13 2.25 1.3253594 0.1 0.09817477 372.0 2030.0 4262.0 4551.0 130001197
cell 13 2.25 1.42353417 0.1 0.09817477 372.0 2030.0 4262.0 4551.0 130001198
cell 13 2.25 1.52170894 0.1 0.09817477 372.0 2030.0 4262.0 4551.0 130001199
cell 13 2.25 1.61988371 0.1 0.09817477 372.0 2030.0 4262.0 4551.0 130001200
cell 13 2.25 1.71805848 0.1 0.09817477 372.0 2030.0 4262.0 4551.0 130001201
cell 13 2.25 1.81623325 0.1 0.09817477 372.0 2030.0 4262.0 4551.0 130001202
cell 13 2.25 1.91440802 0.1 0.09817477 372.0 2030.0 4262.0 4551.0 130001203
cell 13 2.25 2.01258279 0.1 0.09817477 372.0 2030.0 4262.0 4551.0 130001204
cell 13 2.25 2.11075756 0.1 0.09817477 372.0 2030.0 4262.0 4551.0 130001205
cell 13 2.25 2.20893233 0.1 0.09817477 372.0 2030.0 4262.0 4551.0 130001206
cell 13 2.25 2.3071071 0.1 0.09817477 372.0 2030.0 4262.0 4551.0 130001207
cell 13 2.25 2.40528188 0.1 0.09817477 372.0 2030.0 4262.0 4551.0 130001208
cell 13 2.25 2.50345665 0.1 0.09817477 372.0 2030.0 4262.0 4551.0 130001209
cell 13 2.25 2.60163142 0.1 0.09817477 372.0 2030.0 4262.0 4551.0 130001210
cell 13 2.25 2.69980619 0.1 0.09817477 372.0 2030.0 4262.0 4551.0 130001211
cell 13 2.25 2.79798096 0.1 0.09817477 372.0 2030.0 4262.0 4551.0 130001212
cell 13 2.25 2.89615573 0.1 0.09817477 372.0 2030.0 4262.0 4551.0 130001213
cell 13 2.25 2.9943305 0.1 0.09817477 372.0 2030.0 4262.0 4551.0 130001214
cell 13 2.25 3.09250527 0.1 0.09817477 372.0 2030.0 4262.0 4551.0 130001215
cell 13 2.35 -3.09250527 0.1 0.09817477 372.0 2030.0 4262.0 4551.0 130001216
cell 13 2.35 -2.9943305 0.1 0.09817477 372.0 2030.0 4262.0 4551.0 130001217
cell 13 2.35 -2.89615573 0.1 0.09817477 372.0 2030.0 4262.0 4551.0 130001218
cell 13 2.35 -2.79798096 0.1 0.09817477 372.0 2030.0 4262.0 4551.0 130001219
cell 13 2.35 -2.69980619 0.1 0.09817477 372.0 2030.0 4262.0 4551.0 130001220
cell 13 2.35 -2.60163142 0.1 0.09817477 372.0 2030.0 4262.0 4551.0 130001221
cell 13 2.35 -2.50345665 0.1 0.09817477 372.0 2030.0 4262.0 4551.0 130001222
cell 13 2.35 -2.40528188 0.1 0.09817477 372.0 2030.0 4262.0 4551.0 130001223
cell 13 2.35 -2.3071071 0.1 0.09817477 372.0 2030.0 4262.0 4551.0 130001224
cell 13 2.35 -2.20893233 0.1 0.09817477 372.0 2030.0 4262.0 4551.0 130001225
cell 13 2.35 -2.11075756 0.1 0.09817477 372.0 2030.0 4262.0 4551.0 130001226
cell 13 2.35 -2.01258279 0.1 0.09817477 372.0 2030.0 4262.0 4551.0 130001227
cell 13 2.35 -1.91440802 0.1 0.09817477 372.0 2030.0 4262.0 4551.0 130001228
cell 13 2.35 -1.81623325 0.1 0.09817477 372.0 2030.0 4262.0 4551.0 130001229
cell 13 2.35 -1.71805848 0.1 0.09817477 372.0 2030.0 4262.0 4551.0 130001230
cell 13 2.35 -1.61988371 0.1 0.09817477 372.0 2030.0 4262.0 4551.0 130001231
cell 13 2.35 -1.52170894 0.1 0.09817477 372.0 2030.0 4262.0 4551.0 130001232
cell 13 2.35 -1.42353417 0.1 0.09817477 372.0 2030.0 4262.0 4551.0 130001233
cell 13 2.35 -1.3253594 0.1 0.09817477 372.0 2030.0 4262.0 4551.0 130001234
cell 13 2.35 -1.22718463 0.1 0.09817477 372.0 2030.0 4262.0 4551.0 130001235
cell 13 2.35 -1.12900986 0.1 0.09817477 372.0 2030.0 4262.0 4551.0 130001236
cell 13 2.35 -1.03083509 0.1 0.09817477 372.0 2030.0 4262.0 4551.0 130001237
cell 13 2.35 -0.93266032 0.1 0.09817477 372.0 2030.0 4262.0 4551.0 130001238
cell 13 2.35 -0.83448555 0.1 0.09817477 372.0 2030.0 4262.0 4551.0 130001239
cell 13 2.35 -0.73631078 0.1 0.09817477 372.0 2030.0 4262.0 4551.0 130001240
cell 13 2.35 -0.63813601 0.1 0.09817477 372.0 2030.0 4262.0 4551.0 130001241
cell 13 2.35 -0.53996124 0.1 0.09817477 372.0 2030.0 4262.0 4551.0 130001242
cell 13 2.35 -0.44178647 0.1 0.09817477 372.0 2030.0 4262.0 4551.0 130001243
cell 13 2.35 -0.3436117 0.1 0.09817477 372.0 2030.0 4262.0 4551.0 130001244
cell 13 2.35 -0.24543693 0.1 0.09817477 372.0 2030.0 4262.0 4551.0 130001245
cell 13 2.35 -0.14726216 0.1 0.09817477 372.0 2030.0 4262.0 4551.0 130001246
cell 13 2.35 -0.04908739 0.1 0.09817477 372.0 2030.0 4262.0 4551.0 130001247
cell 13 2.35 0.04908739 0.1 0.09817477 372.0 2030.0 4262.0 4551.0 130001248
cell 13 2.35 0.14726216 0.1 0.09817477 372.0 2030.0 4262.0 4551.0 130001249
cell 13 2.35 0.24543693 0.1 0.09817477 372.0 2030.0 4262.0 4551.0 130001250
cell 13 2.35 0.3436117 0.1 0.09817477 372.0 2030.0 4262.0 4551.0 130001251
cell 13 2.35 0.44178647 0.1 0.09817477 372.0 2030.0 4262.0 4551.0 130001252
cell 13 2.35 0.53996124 0.1 0.09817477 372.0 2030.0 4262.0 4551.0 130001253
cell 13 2.35 0.63813601 0.1 0.09817477 372.0 2030.0 4262.0 4551.0 130001254
cell 13 2.35 0.73631078 0.1 0.09817477 372.0 2030.0 4262.0 4551.0 130001255
cell 13 2.35 0.83448555 0.1 0.09817477 372.0 2030.0 4262.0 4551.0 130001256
cell 13 2.35 0.93266032 0.1 0.09817477 372.0 2030.0 4262.0 4551.0 130001257
cell 13 2.35 1.03083509 0.1 0.09817477 372.0 2030.0 4262.0 4551.0 130001258
cell 13 2.35 1.12900986 0.1 0.09817477 372.0 2030.0 4262.0 4551.0 130001259
cell 13 2.35 1.22718463 0.1 0.09817477 372.0 2030.0 4262.0 4551.0 130001260
cell 13 2.35 1.3253594 0.1 0.09817477 372.0 2030.0 4262.0 4551.0 130001261
cell 13 2.35 1.42353417 0.1 0.09817477 372.0 2030.0 4262.0 4551.0 130001262
cell 13 2.35 1.52170894 0.1 0.09817477 372.0 2030.0 4262.0 4551.0 130001263
cell 13 2.35 1.61988371 0.1 0.09817477 372.0 2030.0 4262.0 4551.0 130001264
cell 13 2.35 1.71805848 0.1 0.09817477 372.0 2030.0 4262.0 4551.0 130001265
cell 13 2.35 1.81623325 0.1 0.09817477 372.0 2030.0 4262.0 4551.0 130001266
cell 13 2.35 1.91440802 0.1 0.09817477 372.0 2030.0 4262.0 4551.0 130001267
cell 13 2.35 2.01258279 0.1 0.09817477 372.0 2030.0 4262.0 4551.0 130001268
cell 13 2.35 2.11075756 0.1 0.09817477 372.0 2030.0 4262.0 4551.0 130001269
cell 13 2.35 2.20893233 0.1 0.09817477 372.0 2030.0 4262.0 4551.0 130001270
cell 13 2.35 2.3071071 0.1 0.09817477 372.0 2030.0 4262.0 4551.0 130001271
cell 13 2.35 2.40528188 0.1 0.09817477 372.0 2030.0 4262.0 4551.0 130001272
cell 13 2.35 2.50345665 0.1 0.09817477 372.0 2030.0 4262.0 4551.0 130001273
cell 13 2.35 2.60163142 0.1 0.09817477 372.0 2030.0 4262.0 4551.0 130001274
cell 13 2.35 2.69980619 0.1 0.09817477 372.0 2030.0 4262.0 4551.0 130001275
cell 13 2.35 2.79798096 0.1 0.09817477 372.0 2030.0 4262.0 4551.0 130001276
cell 13 2.35 2.89615573 0.1 0.09817477 372.0 2030.0 4262.0 4551.0 130001277
cell 13 2.35 2.9943305 0.1 0.09817477 372.0 2030.0 4262.0 4551.0 130001278
cell 13 2.35 3.09250527 0.1 0.09817477 372.0 2030.0 4262.0 4551.0 130001279
cell 13 2.45 -3.09250527 0.1 0.09817477 372.0 2030.0 4262.0 4551.0 130001280
cell 13 2.45 -2.9943305 0.1 0.09817477 372.0 2030.0 4262.0 4551.0 130001281
cell 13 2.45 -2.89615573 0.1 0.09817477 372.0 2030.0 4262.0 4551.0 130001282
cell 13 2.45 -2.79798096 0.1 0.09817477 372.0 2030.0 4262.0 4551.0 130001283
cell 13 2.45 -2.69980619 0.1 0.09817477 372.0 2030.0 4262.0 4551.0 130001284
cell 13 2.45 -2.60163142 0.1 0.09817477 372.0 2030.0 4262.0 4551.0 130001285
cell 13 2.45 -2.50345665 0.1 0.09817477 372.0 2030.0 4262.0 4551.0 130001286
cell 13 2.45 -2.40528188 0.1 0.09817477 372.0 2030.0 4262.0 4551.0 130001287
cell 13 2.45 -2.3071071 0.1 0.09817477 372.0 2030.0 4262.0 4551.0 130001288
cell 13 2.45 -2.20893233 0.1 0.09817477 372.0 2030.0 4262.0 4551.0 130001289
cell 13 2.45 -2.11075756 0.1 0.09817477 372.0 2030.0 4262.0 4551.0 130001290
cell 13 2.45 -2.01258279 0.1 0.09817477 372.0 2030.0 4262.0 4551.0 130001291
cell 13 2.45 -1.91440802 0.1 0.09817477 372.0 2030.0 4262.0 4551.0 130001292
cell 13 2.45 -1.81623325 0.1 0.09817477 372.0 2030.0 4262.0 4551.0 130001293
cell 13 2.45 -1.71805848 0.1 0.09817477 372.0 2030.0 4262.0 4551.0 130001294
cell 13 2.45 -1.61988371 0.1 0.09817477 372.0 2030.0 4262.0 4551.0 130001295
cell 13 2.45 -1.52170894 0.1 0.09817477 372.0 2030.0 4262.0 4551.0 130001296
cell 13 2.45 -1.42353417 0.1 0.09817477 372.0 2030.0 4262.0 4551.0 130001297
cell 13 2.45 -1.3253594 0.1 0.09817477 372.0 2030.0 4262.0 4551.0 130001298
cell 13 2.45 -1.22718463 0.1 0.09817477 372.0 2030.0 4262.0 4551.0 130001299
cell 13 2.45 -1.12900986 0.1 0.09817477 372.0 2030.0 4262.0 4551.0 130001300
cell 13 2.45 -1.03083509 0.1 0.09817477 372.0 2030.0 4262.0 4551.0 130001301
cell 13 2.45 -0.93266032 0.1 0.09817477 372.0 2030.0 4262.0 4551.0 130001302
cell 13 2.45 -0.83448555 0.1 0.09817477 372.0 2030.0 4262.0 4551.0 130001303
cell 13 2.45 -0.73631078 0.1 0.09817477 372.0 2030.0 4262.0 4551.0 130001304
cell 13 2.45 -0.63813601 0.1 0.09817477 372.0 2030.0 4262.0 4551.0 130001305
cell 13 2.45 -0.53996124 0.1 0.09817477 372.0 2030.0 4262.0 4551.0 130001306
cell 13 2.45 -0.44178647 0.1 0.09817477 372.0 2030.0 4262.0 4551.0 130001307
cell 13 2.45 -0.3436117 0.1 0.09817477 372.0 2030.0 4262.0 4551.0 130001308
cell 13 2.45 -0.24543693 0.1 0.09817477 372.0 2030.0 4262.0 4551.0 130001309
cell 13 2.45 -0.14726216 0.1 0.09817477 372.0 2030.0 4262.0 4551.0 130001310
cell 13 2.45 -0.04908739 0.1 0.09817477 372.0 2030.0 4262.0 4551.0 130001311
cell 13 2.45 0.04908739 0.1 0.09817477 372.0 2030.0 4262.0 4551.0 130001312
cell 13 2.45 0.14726216 0.1 0.09817477 372.0 2030.0 4262.0 4551.0 130001313
cell 13 2.45 0.24543693 0.1 0.09817477 372.0 2030.0 4262.0 4551.0 130001314
cell 13 2.45 0.3436117 0.1 0.09817477 372.0 2030.0 4262.0 4551.0 130001315
cell 13 2.45 0.44178647 0.1 0.09817477 372.0 2030.0 4262.0 4551.0 130001316
cell 13 2.45 0.53996124 0.1 0.09817477 372.0 2030.0 4262.0 4551.0 130001317
cell 13 2.45 0.63813601 0.1 0.09817477 372.0 2030.0 4262.0 4551.0 130001318
cell 13 2.45 0.73631078 0.1 0.09817477 372.0 2030.0 4262.0 4551.0 130001319
cell 13 2.45 0.83448555 0.1 0.09817477 372.0 2030.0 4262.0 4551.0 130001320
cell 13 2.45 0.93266032 0.1 0.09817477 372.0 2030.0 4262.0 4551.0 130001321
cell 13 2.45 1.03083509 0.1 0.09817477 372.0 2030.0 4262.0 4551.0 130001322
cell 13 2.45 1.12900986 0.1 0.09817477 372.0 2030.0 4262.0 4551.0 130001323
cell 13 2.45 1.22718463 0.1 0.09817477 372.0 2030.0 4262.0 4551.0 130001324
cell 13 2.45 1.3253594 0.1 0.09817477 372.0 2030.0 4262.0 4551.0 130001325
cell 13 2.45 1.42353417 0.1 0.09817477 372.0 2030.0 4262.0 4551.0 130001326
cell 13 2.45 1.52170894 0.1 0.09817477 372.0 2030.0 4262.0 4551.0 130001327
cell 13 2.45 1.61988371 0.1 0.09817477 372.0 2030.0 4262.0 4551.0 130001328
cell 13 2.45 1.71805848 0.1 0.09817477 372.0 2030.0 4262.0 4551.0 130001329
cell 13 2.45 1.81623325 0.1 0.09817477 372.0 2030.0 4262.0 4551.0 130001330
cell 13 2.45 1.91440802 0.1 0.09817477 372.0 2030.0 4262.0 4551.0 130001331
cell 13 2.45 2.01258279 0.1 0.09817477 372.0 2030.0 4262.0 4551.0 130001332
cell 13 2.45 2.11075756 0.1 0.09817477 372.0 2030.0 4262.0 4551.0 130001333
cell 13 2.45 2.20893233 0.1 0.09817477 372.0 2030.0 4262.0 4551.0 130001334
cell 13 2.45 2.3071071 0.1 0.09817477 372.0 2030.0 4262.0 4551.0 130001335
cell 13 2.45 2.40528188 0.1 0.09817477 372.0 2030.0 4262.0 4551.0 130001336
cell 13 2.45 2.50345665 0.1 0.09817477 372.0 2030.0 4262.0 4551.0 130001337
cell 13 2.45 2.60163142 0.1 0.09817477 372.0 2030.0 4262.0 4551.0 130001338
cell 13 2.45 2.69980619 0.1 0.09817477 372.0 2030.0 4262.0 4551.0 130001339
cell 13 2.45 2.79798096 0.1 0.09817477 372.0 2030.0 4262.0 4551.0 130001340
cell 13 2.45 2.89615573 0.1 0.09817477 372.0 2030.0 4262.0 4551.0 130001341
cell 13 2.45 2.9943305 0.1 0.09817477 372.0 2030.0 4262.0 4551.0 130001342
cell 13 2.45 3.09250527 0.1 0.09817477 372.0 2030.0 4262.0 4551.0 130001343
