# sample segmentation eta phi delta_eta delta_phi rmin rmax zmin zmax
config 1 8 0 0.94690263 1.77388728 2283.0 3383.0 3704.0 6534.0
eta_bins -1.7469 -1.6469 -1.5469 -1.4469 -1.3469 -1.2469 -1.1469 -1.0469 -0.9469 0.9469 1.0469 1.1469 1.2469 1.3469 1.4469 1.5469 1.6469 1.7469
phi_bins -3.1416 -3.0434 -2.9452 -2.8471 -2.7489 -2.6507 -2.5525 -2.4544 -2.3562 -2.258 -2.1598 -2.0617 -1.9635 -1.8653 -1.7671 -1.669 -1.5708 -1.4726 -1.3744 -1.2763 -1.1781 -1.0799 -0.9817 -0.8836 -0.7854 -0.6872 -0.589 -0.4909 -0.3927 -0.2945 -0.1963 -0.0982 0.0 0.0982 0.1963 0.2945 0.3927 0.4909 0.589 0.6872 0.7854 0.8836 0.9817 1.0799 1.1781 1.2763 1.3744 1.4726 1.5708 1.669 1.7671 1.8653 1.9635 2.0617 2.1598 2.258 2.3562 2.4544 2.5525 2.6507 2.7489 2.8471 2.9452 3.0434 3.1416
cell 1 8 -1.69690263 -3.09250527 0.1 0.09817477 2283.0 3383.0 3704.0 6534.0 1080000000
cell 1 8 -1.69690263 -2.9943305 0.1 0.09817477 2283.0 3383.0 3704.0 6534.0 1080000001
cell 1 8 -1.69690263 -2.89615573 0.1 0.09817477 2283.0 3383.0 3704.0 6534.0 1080000002
cell 1 8 -1.69690263 -2.79798096 0.1 0.09817477 2283.0 3383.0 3704.0 6534.0 1080000003
cell 1 8 -1.69690263 -2.69980619 0.1 0.09817477 2283.0 3383.0 3704.0 6534.0 1080000004
cell 1 8 -1.69690263 -2.60163142 0.1 0.09817477 2283.0 3383.0 3704.0 6534.0 1080000005
cell 1 8 -1.69690263 -2.50345665 0.1 0.09817477 2283.0 3383.0 3704.0 6534.0 1080000006
cell 1 8 -1.69690263 -2.40528188 0.1 0.09817477 2283.0 3383.0 3704.0 6534.0 1080000007
cell 1 8 -1.69690263 -2.3071071 0.1 0.09817477 2283.0 3383.0 3704.0 6534.0 1080000008
cell 1 8 -1.69690263 -2.20893233 0.1 0.09817477 2283.0 3383.0 3704.0 6534.0 1080000009
cell 1 8 -1.69690263 -2.11075756 0.1 0.09817477 2283.0 3383.0 3704.0 6534.0 1080000010
cell 1 8 -1.69690263 -2.01258279 0.1 0.09817477 2283.0 3383.0 3704.0 6534.0 1080000011
cell 1 8 -1.69690263 -1.91440802 0.1 0.09817477 2283.0 3383.0 3704.0 6534.0 1080000012
cell 1 8 -1.69690263 -1.81623325 0.1 0.09817477 2283.0 3383.0 3704.0 6534.0 1080000013
cell 1 8 -1.69690263 -1.71805848 0.1 0.09817477 2283.0 3383.0 3704.0 6534.0 1080000014
cell 1 8 -1.69690263 -1.61988371 0.1 0.09817477 2283.0 3383.0 3704.0 6534.0 1080000015
cell 1 8 -1.69690263 -1.52170894 0.1 0.09817477 2283.0 3383.0 3704.0 6534.0 1080000016
cell 1 8 -1.69690263 -1.42353417 0.1 0.09817477 2283.0 3383.0 3704.0 6534.0 1080000017
cell 1 8 -1.69690263 -1.3253594 0.1 0.09817477 2283.0 3383.0 3704.0 6534.0 1080000018
cell 1 8 -1.69690263 -1.22718463 0.1 0.09817477 2283.0 3383.0 3704.0 6534.0 1080000019
cell 1 8 -1.69690263 -1.12900986 0.1 0.09817477 2283.0 3383.0 3704.0 6534.0 1080000020
cell 1 8 -1.69690263 -1.03083509 0.1 0.09817477 2283.0 3383.0 3704.0 6534.0 1080000021
cell 1 8 -1.69690263 -0.93266032 0.1 0.09817477 2283.0 3383.0 3704.0 6534.0 1080000022
cell 1 8 -1.69690263 -0.83448555 0.1 0.09817477 2283.0 3383.0 3704.0 6534.0 1080000023
cell 1 8 -1.69690263 -0.73631078 0.1 0.09817477 2283.0 3383.0 3704.0 6534.0 1080000024
cell 1 8 -1.69690263 -0.63813601 0.1 0.09817477 2283.0 3383.0 3704.0 6534.0 1080000025
cell 1 8 -1.69690263 -0.53996124 0.1 0.09817477 2283.0 3383.0 3704.0 6534.0 1080000026
cell 1 8 -1.69690263 -0.44178647 0.1 0.09817477 2283.0 3383.0 3704.0 6534.0 1080000027
cell 1 8 -1.69690263 -0.3436117 0.1 0.09817477 2283.0 3383.0 3704.0 6534.0 1080000028
cell 1 8 -1.69690263 -0.24543693 0.1 0.09817477 2283.0 3383.0 3704.0 6534.0 1080000029
cell 1 8 -1.69690263 -0.14726216 0.1 0.09817477 2283.0 3383.0 3704.0 6534.0 1080000030
cell 1 8 -1.69690263 -0.04908739 0.1 0.09817477 2283.0 3383.0 3704.0 6534.0 1080000031
cell 1 8 -1.69690263 0.04908739 0.1 0.09817477 2283.0 3383.0 3704.0 6534.0 1080000032
cell 1 8 -1.69690263 0.14726216 0.1 0.09817477 2283.0 3383.0 3704.0 6534.0 1080000033
cell 1 8 -1.69690263 0.24543693 0.1 0.09817477 2283.0 3383.0 3704.0 6534.0 1080000034
cell 1 8 -1.69690263 0.3436117 0.1 0.09817477 2283.0 3383.0 3704.0 6534.0 1080000035
cell 1 8 -1.69690263 0.44178647 0.1 0.09817477 2283.0 3383.0 3704.0 6534.0 1080000036
cell 1 8 -1.69690263 0.53996124 0.1 0.09817477 2283.0 3383.0 3704.0 6534.0 1080000037
cell 1 8 -1.69690263 0.63813601 0.1 0.09817477 2283.0 3383.0 3704.0 6534.0 1080000038
cell 1 8 -1.69690263 0.73631078 0.1 0.09817477 2283.0 3383.0 3704.0 6534.0 1080000039
cell 1 8 -1.69690263 0.83448555 0.1 0.09817477 2283.0 3383.0 3704.0 6534.0 1080000040
cell 1 8 -1.69690263 0.93266032 0.1 0.09817477 2283.0 3383.0 3704.0 6534.0 1080000041
cell 1 8 -1.69690263 1.03083509 0.1 0.09817477 2283.0 3383.0 3704.0 6534.0 1080000042
cell 1 8 -1.69690263 1.12900986 0.1 0.09817477 2283.0 3383.0 3704.0 6534.0 1080000043
cell 1 8 -1.69690263 1.22718463 0.1 0.09817477 2283.0 3383.0 3704.0 6534.0 1080000044
cell 1 8 -1.69690263 1.3253594 0.1 0.09817477 2283.0 3383.0 3704.0 6534.0 1080000045
cell 1 8 -1.69690263 1.42353417 0.1 0.09817477 2283.0 3383.0 3704.0 6534.0 1080000046
cell 1 8 -1.69690263 1.52170894 0.1 0.09817477 2283.0 3383.0 3704.0 6534.0 1080000047
cell 1 8 -1.69690263 1.61988371 0.1 0.09817477 2283.0 3383.0 3704.0 6534.0 1080000048
cell 1 8 -1.69690263 1.71805848 0.1 0.09817477 2283.0 3383.0 3704.0 6534.0 1080000049
cell 1 8 -1.69690263 1.81623325 0.1 0.09817477 2283.0 3383.0 3704.0 6534.0 1080000050
cell 1 8 -1.69690263 1.91440802 0.1 0.09817477 2283.0 3383.0 3704.0 6534.0 1080000051
cell 1 8 -1.69690263 2.01258279 0.1 0.09817477 2283.0 3383.0 3704.0 6534.0 1080000052
cell 1 8 -1.69690263 2.11075756 0.1 0.09817477 2283.0 3383.0 3704.0 6534.0 1080000053
cell 1 8 -1.69690263 2.20893233 0.1 0.09817477 2283.0 3383.0 3704.0 6534.0 1080000054
cell 1 8 -1.69690263 2.3071071 0.1 0.09817477 2283.0 3383.0 3704.0 6534.0 1080000055
cell 1 8 -1.69690263 2.40528188 0.1 0.09817477 2283.0 3383.0 3704.0 6534.0 1080000056
cell 1 8 -1.69690263 2.50345665 0.1 0.09817477 2283.0 3383.0 3704.0 6534.0 1080000057
cell 1 8 -1.69690263 2.60163142 0.1 0.09817477 2283.0 3383.0 3704.0 6534.0 1080000058
cell 1 8 -1.69690263 2.69980619 0.1 0.09817477 2283.0 3383.0 3704.0 6534.0 1080000059
cell 1 8 -1.69690263 2.79798096 0.1 0.09817477 2283.0 3383.0 3704.0 6534.0 1080000060
cell 1 8 -1.69690263 2.89615573 0.1 0.09817477 2283.0 3383.0 3704.0 6534.0 1080000061
cell 1 8 -1.69690263 2.9943305 0.1 0.09817477 2283.0 3383.0 3704.0 6534.0 1080000062
cell 1 8 -1.69690263 3.09250527 0.1 0.09817477 2283.0 3383.0 3704.0 6534.0 1080000063
cell 1 8 -1.59690263 -3.09250527 0.1 0.09817477 2283.0 3383.0 3704.0 6534.0 1080000064
cell 1 8 -1.59690263 -2.9943305 0.1 0.09817477 2283.0 3383.0 3704.0 6534.0 1080000065
cell 1 8 -1.59690263 -2.89615573 0.1 0.09817477 2283.0 3383.0 3704.0 6534.0 1080000066
cell 1 8 -1.59690263 -2.79798096 0.1 0.09817477 2283.0 3383.0 3704.0 6534.0 1080000067
cell 1 8 -1.59690263 -2.69980619 0.1 0.09817477 2283.0 3383.0 3704.0 6534.0 1080000068
cell 1 8 -1.59690263 -2.60163142 0.1 0.09817477 2283.0 3383.0 3704.0 6534.0 1080000069
cell 1 8 -1.59690263 -2.50345665 0.1 0.09817477 2283.0 3383.0 3704.0 6534.0 1080000070
cell 1 8 -1.59690263 -2.40528188 0.1 0.09817477 2283.0 3383.0 3704.0 6534.0 1080000071
cell 1 8 -1.59690263 -2.3071071 0.1 0.09817477 2283.0 3383.0 3704.0 6534.0 1080000072
cell 1 8 -1.59690263 -2.20893233 0.1 0.09817477 2283.0 3383.0 3704.0 6534.0 1080000073
cell 1 8 -1.59690263 -2.11075756 0.1 0.09817477 2283.0 3383.0 3704.0 6534.0 1080000074
cell 1 8 -1.59690263 -2.01258279 0.1 0.09817477 2283.0 3383.0 3704.0 6534.0 1080000075
cell 1 8 -1.59690263 -1.91440802 0.1 0.09817477 2283.0 3383.0 3704.0 6534.0 1080000076
cell 1 8 -1.59690263 -1.81623325 0.1 0.09817477 2283.0 3383.0 3704.0 6534.0 1080000077
cell 1 8 -1.59690263 -1.71805848 0.1 0.09817477 2283.0 3383.0 3704.0 6534.0 1080000078
cell 1 8 -1.59690263 -1.61988371 0.1 0.09817477 2283.0 3383.0 3704.0 6534.0 1080000079
cell 1 8 -1.59690263 -1.52170894 0.1 0.09817477 2283.0 3383.0 3704.0 6534.0 1080000080
cell 1 8 -1.59690263 -1.42353417 0.1 0.09817477 2283.0 3383.0 3704.0 6534.0 1080000081
cell 1 8 -1.59690263 -1.3253594 0.1 0.09817477 2283.0 3383.0 3704.0 6534.0 1080000082
cell 1 8 -1.59690263 -1.22718463 0.1 0.09817477 2283.0 3383.0 3704.0 6534.0 1080000083
cell 1 8 -1.59690263 -1.12900986 0.1 0.09817477 2283.0 3383.0 3704.0 6534.0 1080000084
cell 1 8 -1.59690263 -1.03083509 0.1 0.09817477 2283.0 3383.0 3704.0 6534.0 1080000085
cell 1 8 -1.59690263 -0.93266032 0.1 0.09817477 2283.0 3383.0 3704.0 6534.0 1080000086
cell 1 8 -1.59690263 -0.83448555 0.1 0.09817477 2283.0 3383.0 3704.0 6534.0 1080000087
cell 1 8 -1.59690263 -0.73631078 0.1 0.09817477 2283.0 3383.0 3704.0 6534.0 1080000088
cell 1 8 -1.59690263 -0.63813601 0.1 0.09817477 2283.0 3383.0 3704.0 6534.0 1080000089
cell 1 8 -1.59690263 -0.53996124 0.1 0.09817477 2283.0 3383.0 3704.0 6534.0 1080000090
cell 1 8 -1.59690263 -0.44178647 0.1 0.09817477 2283.0 3383.0 3704.0 6534.0 1080000091
cell 1 8 -1.59690263 -0.3436117 0.1 0.09817477 2283.0 3383.0 3704.0 6534.0 1080000092
cell 1 8 -1.59690263 -0.24543693 0.1 0.09817477 2283.0 3383.0 3704.0 6534.0 1080000093
cell 1 8 -1.59690263 -0.14726216 0.1 0.09817477 2283.0 3383.0 3704.0 6534.0 1080000094
cell 1 8 -1.59690263 -0.04908739 0.1 0.09817477 2283.0 3383.0 3704.0 6534.0 1080000095
cell 1 8 -1.59690263 0.04908739 0.1 0.09817477 2283.0 3383.0 3704.0 6534.0 1080000096
cell 1 8 -1.59690263 0.14726216 0.1 0.09817477 2283.0 3383.0 3704.0 6534.0 1080000097
cell 1 8 -1.59690263 0.24543693 0.1 0.09817477 2283.0 3383.0 3704.0 6534.0 1080000098
cell 1 8 -1.59690263 0.3436117 0.1 0.09817477 2283.0 3383.0 3704.0 6534.0 1080000099
cell 1 8 -1.59690263 0.44178647 0.1 0.09817477 2283.0 3383.0 3704.0 6534.0 1080000100
cell 1 8 -1.59690263 0.53996124 0.1 0.09817477 2283.0 3383.0 3704.0 6534.0 1080000101
cell 1 8 -1.59690263 0.63813601 0.1 0.09817477 2283.0 3383.0 3704.0 6534.0 1080000102
cell 1 8 -1.59690263 0.73631078 0.1 0.09817477 2283.0 3383.0 3704.0 6534.0 1080000103
cell 1 8 -1.59690263 0.83448555 0.1 0.09817477 2283.0 3383.0 3704.0 6534.0 1080000104
cell 1 8 -1.59690263 0.93266032 0.1 0.09817477 2283.0 3383.0 3704.0 6534.0 1080000105
cell 1 8 -1.59690263 1.03083509 0.1 0.09817477 2283.0 3383.0 3704.0 6534.0 1080000106
cell 1 8 -1.59690263 1.12900986 0.1 0.09817477 2283.0 3383.0 3704.0 6534.0 1080000107
cell 1 8 -1.59690263 1.22718463 0.1 0.09817477 2283.0 3383.0 3704.0 6534.0 1080000108
cell 1 8 -1.59690263 1.3253594 0.1 0.09817477 2283.0 3383.0 3704.0 6534.0 1080000109
cell 1 8 -1.59690263 1.42353417 0.1 0.09817477 2283.0 3383.0 3704.0 6534.0 1080000110
cell 1 8 -1.59690263 1.52170894 0.1 0.09817477 2283.0 3383.0 3704.0 6534.0 1080000111
cell 1 8 -1.59690263 1.61988371 0.1 0.09817477 2283.0 3383.0 3704.0 6534.0 1080000112
cell 1 8 -1.59690263 1.71805848 0.1 0.09817477 2283.0 3383.0 3704.0 6534.0 1080000113
cell 1 8 -1.59690263 1.81623325 0.1 0.09817477 2283.0 3383.0 3704.0 6534.0 1080000114
cell 1 8 -1.59690263 1.91440802 0.1 0.09817477 2283.0 3383.0 3704.0 6534.0 1080000115
cell 1 8 -1.59690263 2.01258279 0.1 0.09817477 2283.0 3383.0 3704.0 6534.0 1080000116
cell 1 8 -1.59690263 2.11075756 0.1 0.09817477 2283.0 3383.0 3704.0 6534.0 1080000117
cell 1 8 -1.59690263 2.20893233 0.1 0.09817477 2283.0 3383.0 3704.0 6534.0 1080000118
cell 1 8 -1.59690263 2.3071071 0.1 0.09817477 2283.0 3383.0 3704.0 6534.0 1080000119
cell 1 8 -1.59690263 2.40528188 0.1 0.09817477 2283.0 3383.0 3704.0 6534.0 1080000120
cell 1 8 -1.59690263 2.50345665 0.1 0.09817477 2283.0 3383.0 3704.0 6534.0 1080000121
cell 1 8 -1.59690263 2.60163142 0.1 0.09817477 2283.0 3383.0 3704.0 6534.0 1080000122
cell 1 8 -1.59690263 2.69980619 0.1 0.09817477 2283.0 3383.0 3704.0 6534.0 1080000123
cell 1 8 -1.59690263 2.79798096 0.1 0.09817477 2283.0 3383.0 3704.0 6534.0 1080000124
cell 1 8 -1.59690263 2.89615573 0.1 0.09817477 2283.0 3383.0 3704.0 6534.0 1080000125
cell 1 8 -1.59690263 2.9943305 0.1 0.09817477 2283.0 3383.0 3704.0 6534.0 1080000126
cell 1 8 -1.59690263 3.09250527 0.1 0.09817477 2283.0 3383.0 3704.0 6534.0 1080000127
cell 1 8 -1.49690263 -3.09250527 0.1 0.09817477 2283.0 3383.0 3704.0 6534.0 1080000128
cell 1 8 -1.49690263 -2.9943305 0.1 0.09817477 2283.0 3383.0 3704.0 6534.0 1080000129
cell 1 8 -1.49690263 -2.89615573 0.1 0.09817477 2283.0 3383.0 3704.0 6534.0 1080000130
cell 1 8 -1.49690263 -2.79798096 0.1 0.09817477 2283.0 3383.0 3704.0 6534.0 1080000131
cell 1 8 -1.49690263 -2.69980619 0.1 0.09817477 2283.0 3383.0 3704.0 6534.0 1080000132
cell 1 8 -1.49690263 -2.60163142 0.1 0.09817477 2283.0 3383.0 3704.0 6534.0 1080000133
cell 1 8 -1.49690263 -2.50345665 0.1 0.09817477 2283.0 3383.0 3704.0 6534.0 1080000134
cell 1 8 -1.49690263 -2.40528188 0.1 0.09817477 2283.0 3383.0 3704.0 6534.0 1080000135
cell 1 8 -1.49690263 -2.3071071 0.1 0.09817477 2283.0 3383.0 3704.0 6534.0 1080000136
cell 1 8 -1.49690263 -2.20893233 0.1 0.09817477 2283.0 3383.0 3704.0 6534.0 1080000137
cell 1 8 -1.49690263 -2.11075756 0.1 0.09817477 2283.0 3383.0 3704.0 6534.0 1080000138
cell 1 8 -1.49690263 -2.01258279 0.1 0.09817477 2283.0 3383.0 3704.0 6534.0 1080000139
cell 1 8 -1.49690263 -1.91440802 0.1 0.09817477 2283.0 3383.0 3704.0 6534.0 1080000140
cell 1 8 -1.49690263 -1.81623325 0.1 0.09817477 2283.0 3383.0 3704.0 6534.0 1080000141
cell 1 8 -1.49690263 -1.71805848 0.1 0.09817477 2283.0 3383.0 3704.0 6534.0 1080000142
cell 1 8 -1.49690263 -1.61988371 0.1 0.09817477 2283.0 3383.0 3704.0 6534.0 1080000143
cell 1 8 -1.49690263 -1.52170894 0.1 0.09817477 2283.0 3383.0 3704.0 6534.0 1080000144
cell 1 8 -1.49690263 -1.42353417 0.1 0.09817477 2283.0 3383.0 3704.0 6534.0 1080000145
cell 1 8 -1.49690263 -1.3253594 0.1 0.09817477 2283.0 3383.0 3704.0 6534.0 1080000146
cell 1 8 -1.49690263 -1.22718463 0.1 0.09817477 2283.0 3383.0 3704.0 6534.0 1080000147
cell 1 8 -1.49690263 -1.12900986 0.1 0.09817477 2283.0 3383.0 3704.0 6534.0 1080000148
cell 1 8 -1.49690263 -1.03083509 0.1 0.09817477 2283.0 3383.0 3704.0 6534.0 1080000149
cell 1 8 -1.49690263 -0.93266032 0.1 0.09817477 2283.0 3383.0 3704.0 6534.0 1080000150
cell 1 8 -1.49690263 -0.83448555 0.1 0.09817477 2283.0 3383.0 3704.0 6534.0 1080000151
cell 1 8 -1.49690263 -0.73631078 0.1 0.09817477 2283.0 3383.0 3704.0 6534.0 1080000152
cell 1 8 -1.49690263 -0.63813601 0.1 0.09817477 2283.0 3383.0 3704.0 6534.0 1080000153
cell 1 8 -1.49690263 -0.53996124 0.1 0.09817477 2283.0 3383.0 3704.0 6534.0 1080000154
cell 1 8 -1.49690263 -0.44178647 0.1 0.09817477 2283.0 3383.0 3704.0 6534.0 1080000155
cell 1 8 -1.49690263 -0.3436117 0.1 0.09817477 2283.0 3383.0 3704.0 6534.0 1080000156
cell 1 8 -1.49690263 -0.24543693 0.1 0.09817477 2283.0 3383.0 3704.0 6534.0 1080000157
cell 1 8 -1.49690263 -0.14726216 0.1 0.09817477 2283.0 3383.0 3704.0 6534.0 1080000158
cell 1 8 -1.49690263 -0.04908739 0.1 0.09817477 2283.0 3383.0 3704.0 6534.0 1080000159
cell 1 8 -1.49690263 0.04908739 0.1 0.09817477 2283.0 3383.0 3704.0 6534.0 1080000160
cell 1 8 -1.49690263 0.14726216 0.1 0.09817477 2283.0 3383.0 3704.0 6534.0 1080000161
cell 1 8 -1.49690263 0.24543693 0.1 0.09817477 2283.0 3383.0 3704.0 6534.0 1080000162
cell 1 8 -1.49690263 0.3436117 0.1 0.09817477 2283.0 3383.0 3704.0 6534.0 1080000163
cell 1 8 -1.49690263 0.44178647 0.1 0.09817477 2283.0 3383.0 3704.0 6534.0 1080000164
cell 1 8 -1.49690263 0.53996124 0.1 0.09817477 2283.0 3383.0 3704.0 6534.0 1080000165
cell 1 8 -1.49690263 0.63813601 0.1 0.09817477 2283.0 3383.0 3704.0 6534.0 1080000166
cell 1 8 -1.49690263 0.73631078 0.1 0.09817477 2283.0 3383.0 3704.0 6534.0 1080000167
cell 1 8 -1.49690263 0.83448555 0.1 0.09817477 2283.0 3383.0 3704.0 6534.0 1080000168
cell 1 8 -1.49690263 0.93266032 0.1 0.09817477 2283.0 3383.0 3704.0 6534.0 1080000169
cell 1 8 -1.49690263 1.03083509 0.1 0.09817477 2283.0 3383.0 3704.0 6534.0 1080000170
cell 1 8 -1.49690263 1.12900986 0.1 0.09817477 2283.0 3383.0 3704.0 6534.0 1080000171
cell 1 8 -1.49690263 1.22718463 0.1 0.09817477 2283.0 3383.0 3704.0 6534.0 1080000172
cell 1 8 -1.49690263 1.3253594 0.1 0.09817477 2283.0 3383.0 3704.0 6534.0 1080000173
cell 1 8 -1.49690263 1.42353417 0.1 0.09817477 2283.0 3383.0 3704.0 6534.0 1080000174
cell 1 8 -1.49690263 1.52170894 0.1 0.09817477 2283.0 3383.0 3704.0 6534.0 1080000175
cell 1 8 -1.49690263 1.61988371 0.1 0.09817477 2283.0 3383.0 3704.0 6534.0 1080000176
cell 1 8 -1.49690263 1.71805848 0.1 0.09817477 2283.0 3383.0 3704.0 6534.0 1080000177
cell 1 8 -1.49690263 1.81623325 0.1 0.09817477 2283.0 3383.0 3704.0 6534.0 1080000178
cell 1 8 -1.49690263 1.91440802 0.1 0.09817477 2283.0 3383.0 3704.0 6534.0 1080000179
cell 1 8 -1.49690263 2.01258279 0.1 0.09817477 2283.0 3383.0 3704.0 6534.0 1080000180
cell 1 8 -1.49690263 2.11075756 0.1 0.09817477 2283.0 3383.0 3704.0 6534.0 1080000181
cell 1 8 -1.49690263 2.20893233 0.1 0.09817477 2283.0 3383.0 3704.0 6534.0 1080000182
cell 1 8 -1.49690263 2.3071071 0.1 0.09817477 2283.0 3383.0 3704.0 6534.0 1080000183
cell 1 8 -1.49690263 2.40528188 0.1 0.09817477 2283.0 3383.0 3704.0 6534.0 1080000184
cell 1 8 -1.49690263 2.50345665 0.1 0.09817477 2283.0 3383.0 3704.0 6534.0 1080000185
cell 1 8 -1.49690263 2.60163142 0.1 0.09817477 2283.0 3383.0 3704.0 6534.0 1080000186
cell 1 8 -1.49690263 2.69980619 0.1 0.09817477 2283.0 3383.0 3704.0 6534.0 1080000187
cell 1 8 -1.49690263 2.79798096 0.1 0.09817477 2283.0 3383.0 3704.0 6534.0 1080000188
cell 1 8 -1.49690263 2.89615573 0.1 0.09817477 2283.0 3383.0 3704.0 6534.0 1080000189
cell 1 8 -1.49690263 2.9943305 0.1 0.09817477 2283.0 3383.0 3704.0 6534.0 1080000190
cell 1 8 -1.49690263 3.09250527 0.1 0.09817477 2283.0 3383.0 3704.0 6534.0 1080000191
cell 1 8 -1.39690263 -3.09250527 0.1 0.09817477 2283.0 3383.0 3704.0 6534.0 1080000192
cell 1 8 -1.39690263 -2.9943305 0.1 0.09817477 2283.0 3383.0 3704.0 6534.0 1080000193
cell 1 8 -1.39690263 -2.89615573 0.1 0.09817477 2283.0 3383.0 3704.0 6534.0 1080000194
cell 1 8 -1.39690263 -2.79798096 0.1 0.09817477 2283.0 3383.0 3704.0 6534.0 1080000195
cell 1 8 -1.39690263 -2.69980619 0.1 0.09817477 2283.0 3383.0 3704.0 6534.0 1080000196
cell 1 8 -1.39690263 -2.60163142 0.1 0.09817477 2283.0 3383.0 3704.0 6534.0 1080000197
cell 1 8 -1.39690263 -2.50345665 0.1 0.09817477 2283.0 3383.0 3704.0 6534.0 1080000198
cell 1 8 -1.39690263 -2.40528188 0.1 0.09817477 2283.0 3383.0 3704.0 6534.0 1080000199
cell 1 8 -1.39690263 -2.3071071 0.1 0.09817477 2283.0 3383.0 3704.0 6534.0 1080000200
cell 1 8 -1.39690263 -2.20893233 0.1 0.09817477 2283.0 3383.0 3704.0 6534.0 1080000201
cell 1 8 -1.39690263 -2.11075756 0.1 0.09817477 2283.0 3383.0 3704.0 6534.0 1080000202
cell 1 8 -1.39690263 -2.01258279 0.1 0.09817477 2283.0 3383.0 3704.0 6534.0 1080000203
cell 1 8 -1.39690263 -1.91440802 0.1 0.09817477 2283.0 3383.0 3704.0 6534.0 1080000204
cell 1 8 -1.39690263 -1.81623325 0.1 0.09817477 2283.0 3383.0 3704.0 6534.0 1080000205
cell 1 8 -1.39690263 -1.71805848 0.1 0.09817477 2283.0 3383.0 3704.0 6534.0 1080000206
cell 1 8 -1.39690263 -1.61988371 0.1 0.09817477 2283.0 3383.0 3704.0 6534.0 1080000207
cell 1 8 -1.39690263 -1.52170894 0.1 0.09817477 2283.0 3383.0 3704.0 6534.0 1080000208
cell 1 8 -1.39690263 -1.42353417 0.1 0.09817477 2283.0 3383.0 3704.0 6534.0 1080000209
cell 1 8 -1.39690263 -1.3253594 0.1 0.09817477 2283.0 3383.0 3704.0 6534.0 1080000210
cell 1 8 -1.39690263 -1.22718463 0.1 0.09817477 2283.0 3383.0 3704.0 6534.0 1080000211
cell 1 8 -1.39690263 -1.12900986 0.1 0.09817477 2283.0 3383.0 3704.0 6534.0 1080000212
cell 1 8 -1.39690263 -1.03083509 0.1 0.09817477 2283.0 3383.0 3704.0 6534.0 1080000213
cell 1 8 -1.39690263 -0.93266032 0.1 0.09817477 2283.0 3383.0 3704.0 6534.0 1080000214
cell 1 8 -1.39690263 -0.83448555 0.1 0.09817477 2283.0 3383.0 3704.0 6534.0 1080000215
cell 1 8 -1.39690263 -0.73631078 0.1 0.09817477 2283.0 3383.0 3704.0 6534.0 1080000216
cell 1 8 -1.39690263 -0.63813601 0.1 0.09817477 2283.0 3383.0 3704.0 6534.0 1080000217
cell 1 8 -1.39690263 -0.53996124 0.1 0.09817477 2283.0 3383.0 3704.0 6534.0 1080000218
cell 1 8 -1.39690263 -0.44178647 0.1 0.09817477 2283.0 3383.0 3704.0 6534.0 1080000219
cell 1 8 -1.39690263 -0.3436117 0.1 0.09817477 2283.0 3383.0 3704.0 6534.0 1080000220
cell 1 8 -1.39690263 -0.24543693 0.1 0.09817477 2283.0 3383.0 3704.0 6534.0 1080000221
cell 1 8 -1.39690263 -0.14726216 0.1 0.09817477 2283.0 3383.0 3704.0 6534.0 1080000222
cell 1 8 -1.39690263 -0.04908739 0.1 0.09817477 2283.0 3383.0 3704.0 6534.0 1080000223
cell 1 8 -1.39690263 0.04908739 0.1 0.09817477 2283.0 3383.0 3704.0 6534.0 1080000224
cell 1 8 -1.39690263 0.14726216 0.1 0.09817477 2283.0 3383.0 3704.0 6534.0 1080000225
cell 1 8 -1.39690263 0.24543693 0.1 0.09817477 2283.0 3383.0 3704.0 6534.0 1080000226
cell 1 8 -1.39690263 0.3436117 0.1 0.09817477 2283.0 3383.0 3704.0 6534.0 1080000227
cell 1 8 -1.39690263 0.44178647 0.1 0.09817477 2283.0 3383.0 3704.0 6534.0 1080000228
cell 1 8 -1.39690263 0.53996124 0.1 0.09817477 2283.0 3383.0 3704.0 6534.0 1080000229
cell 1 8 -1.39690263 0.63813601 0.1 0.09817477 2283.0 3383.0 3704.0 6534.0 1080000230
cell 1 8 -1.39690263 0.73631078 0.1 0.09817477 2283.0 3383.0 3704.0 6534.0 1080000231
cell 1 8 -1.39690263 0.83448555 0.1 0.09817477 2283.0 3383.0 3704.0 6534.0 1080000232
cell 1 8 -1.39690263 0.93266032 0.1 0.09817477 2283.0 3383.0 3704.0 6534.0 1080000233
cell 1 8 -1.39690263 1.03083509 0.1 0.09817477 2283.0 3383.0 3704.0 6534.0 1080000234
cell 1 8 -1.39690263 1.12900986 0.1 0.09817477 2283.0 3383.0 3704.0 6534.0 1080000235
cell 1 8 -1.39690263 1.22718463 0.1 0.09817477 2283.0 3383.0 3704.0 6534.0 1080000236
cell 1 8 -1.39690263 1.3253594 0.1 0.09817477 2283.0 3383.0 3704.0 6534.0 1080000237
cell 1 8 -1.39690263 1.42353417 0.1 0.09817477 2283.0 3383.0 3704.0 6534.0 1080000238
cell 1 8 -1.39690263 1.52170894 0.1 0.09817477 2283.0 3383.0 3704.0 6534.0 1080000239
cell 1 8 -1.39690263 1.61988371 0.1 0.09817477 2283.0 3383.0 3704.0 6534.0 1080000240
cell 1 8 -1.39690263 1.71805848 0.1 0.09817477 2283.0 3383.0 3704.0 6534.0 1080000241
cell 1 8 -1.39690263 1.81623325 0.1 0.09817477 2283.0 3383.0 3704.0 6534.0 1080000242
cell 1 8 -1.39690263 1.91440802 0.1 0.09817477 2283.0 3383.0 3704.0 6534.0 1080000243
cell 1 8 -1.39690263 2.01258279 0.1 0.09817477 2283.0 3383.0 3704.0 6534.0 1080000244
cell 1 8 -1.39690263 2.11075756 0.1 0.09817477 2283.0 3383.0 3704.0 6534.0 1080000245
cell 1 8 -1.39690263 2.20893233 0.1 0.09817477 2283.0 3383.0 3704.0 6534.0 1080000246
cell 1 8 -1.39690263 2.3071071 0.1 0.09817477 2283.0 3383.0 3704.0 6534.0 1080000247
cell 1 8 -1.39690263 2.40528188 0.1 0.09817477 2283.0 3383.0 3704.0 6534.0 1080000248
cell 1 8 -1.39690263 2.50345665 0.1 0.09817477 2283.0 3383.0 3704.0 6534.0 1080000249
cell 1 8 -1.39690263 2.60163142 0.1 0.09817477 2283.0 3383.0 3704.0 6534.0 1080000250
cell 1 8 -1.39690263 2.69980619 0.1 0.09817477 2283.0 3383.0 3704.0 6534.0 1080000251
cell 1 8 -1.39690263 2.79798096 0.1 0.09817477 2283.0 3383.0 3704.0 6534.0 1080000252
cell 1 8 -1.39690263 2.89615573 0.1 0.09817477 2283.0 3383.0 3704.0 6534.0 1080000253
cell 1 8 -1.39690263 2.9943305 0.1 0.09817477 2283.0 3383.0 3704.0 6534.0 1080000254
cell 1 8 -1.39690263 3.09250527 0.1 0.09817477 2283.0 3383.0 3704.0 6534.0 1080000255
cell 1 8 -1.29690263 -3.09250527 0.1 0.09817477 2283.0 3383.0 3704.0 6534.0 1080000256
cell 1 8 -1.29690263 -2.9943305 0.1 0.09817477 2283.0 3383.0 3704.0 6534.0 1080000257
cell 1 8 -1.29690263 -2.89615573 0.1 0.09817477 2283.0 3383.0 3704.0 6534.0 1080000258
cell 1 8 -1.29690263 -2.79798096 0.1 0.09817477 2283.0 3383.0 3704.0 6534.0 1080000259
cell 1 8 -1.29690263 -2.69980619 0.1 0.09817477 2283.0 3383.0 3704.0 6534.0 1080000260
cell 1 8 -1.29690263 -2.60163142 0.1 0.09817477 2283.0 3383.0 3704.0 6534.0 1080000261
cell 1 8 -1.29690263 -2.50345665 0.1 0.09817477 2283.0 3383.0 3704.0 6534.0 1080000262
cell 1 8 -1.29690263 -2.40528188 0.1 0.09817477 2283.0 3383.0 3704.0 6534.0 1080000263
cell 1 8 -1.29690263 -2.3071071 0.1 0.09817477 2283.0 3383.0 3704.0 6534.0 1080000264
cell 1 8 -1.29690263 -2.20893233 0.1 0.09817477 2283.0 3383.0 3704.0 6534.0 1080000265
cell 1 8 -1.29690263 -2.11075756 0.1 0.09817477 2283.0 3383.0 3704.0 6534.0 1080000266
cell 1 8 -1.29690263 -2.01258279 0.1 0.09817477 2283.0 3383.0 3704.0 6534.0 1080000267
cell 1 8 -1.29690263 -1.91440802 0.1 0.09817477 2283.0 3383.0 3704.0 6534.0 1080000268
cell 1 8 -1.29690263 -1.81623325 0.1 0.09817477 2283.0 3383.0 3704.0 6534.0 1080000269
cell 1 8 -1.29690263 -1.71805848 0.1 0.09817477 2283.0 3383.0 3704.0 6534.0 1080000270
cell 1 8 -1.29690263 -1.61988371 0.1 0.09817477 2283.0 3383.0 3704.0 6534.0 1080000271
cell 1 8 -1.29690263 -1.52170894 0.1 0.09817477 2283.0 3383.0 3704.0 6534.0 1080000272
cell 1 8 -1.29690263 -1.42353417 0.1 0.09817477 2283.0 3383.0 3704.0 6534.0 1080000273
cell 1 8 -1.29690263 -1.3253594 0.1 0.09817477 2283.0 3383.0 3704.0 6534.0 1080000274
cell 1 8 -1.29690263 -1.22718463 0.1 0.09817477 2283.0 3383.0 3704.0 6534.0 1080000275
cell 1 8 -1.29690263 -1.12900986 0.1 0.09817477 2283.0 3383.0 3704.0 6534.0 1080000276
cell 1 8 -1.29690263 -1.03083509 0.1 0.09817477 2283.0 3383.0 3704.0 6534.0 1080000277
cell 1 8 -1.29690263 -0.93266032 0.1 0.09817477 2283.0 3383.0 3704.0 6534.0 1080000278
cell 1 8 -1.29690263 -0.83448555 0.1 0.09817477 2283.0 3383.0 3704.0 6534.0 1080000279
cell 1 8 -1.29690263 -0.73631078 0.1 0.09817477 2283.0 3383.0 3704.0 6534.0 1080000280
cell 1 8 -1.29690263 -0.63813601 0.1 0.09817477 2283.0 3383.0 3704.0 6534.0 1080000281
cell 1 8 -1.29690263 -0.53996124 0.1 0.09817477 2283.0 3383.0 3704.0 6534.0 1080000282
cell 1 8 -1.29690263 -0.44178647 0.1 0.09817477 2283.0 3383.0 3704.0 6534.0 1080000283
cell 1 8 -1.29690263 -0.3436117 0.1 0.09817477 2283.0 3383.0 3704.0 6534.0 1080000284
cell 1 8 -1.29690263 -0.24543693 0.1 0.09817477 2283.0 3383.0 3704.0 6534.0 1080000285
cell 1 8 -1.29690263 -0.14726216 0.1 0.09817477 2283.0 3383.0 3704.0 6534.0 1080000286
cell 1 8 -1.29690263 -0.04908739 0.1 0.09817477 2283.0 3383.0 3704.0 6534.0 1080000287
cell 1 8 -1.29690263 0.04908739 0.1 0.09817477 2283.0 3383.0 3704.0 6534.0 1080000288
cell 1 8 -1.29690263 0.14726216 0.1 0.09817477 2283.0 3383.0 3704.0 6534.0 1080000289
cell 1 8 -1.29690263 0.24543693 0.1 0.09817477 2283.0 3383.0 3704.0 6534.0 1080000290
cell 1 8 -1.29690263 0.3436117 0.1 0.09817477 2283.0 3383.0 3704.0 6534.0 1080000291
cell 1 8 -1.29690263 0.44178647 0.1 0.09817477 2283.0 3383.0 3704.0 6534.0 1080000292
cell 1 8 -1.29690263 0.53996124 0.1 0.09817477 2283.0 3383.0 3704.0 6534.0 1080000293
cell 1 8 -1.29690263 0.63813601 0.1 0.09817477 2283.0 3383.0 3704.0 6534.0 1080000294
cell 1 8 -1.29690263 0.73631078 0.1 0.09817477 2283.0 3383.0 3704.0 6534.0 1080000295
cell 1 8 -1.29690263 0.83448555 0.1 0.09817477 2283.0 3383.0 3704.0 6534.0 1080000296
cell 1 8 -1.29690263 0.93266032 0.1 0.09817477 2283.0 3383.0 3704.0 6534.0 1080000297
cell 1 8 -1.29690263 1.03083509 0.1 0.09817477 2283.0 3383.0 3704.0 6534.0 1080000298
cell 1 8 -1.29690263 1.12900986 0.1 0.09817477 2283.0 3383.0 3704.0 6534.0 1080000299
cell 1 8 -1.29690263 1.22718463 0.1 0.09817477 2283.0 3383.0 3704.0 6534.0 1080000300
cell 1 8 -1.29690263 1.3253594 0.1 0.09817477 2283.0 3383.0 3704.0 6534.0 1080000301
cell 1 8 -1.29690263 1.42353417 0.1 0.09817477 2283.0 3383.0 3704.0 6534.0 1080000302
cell 1 8 -1.29690263 1.52170894 0.1 0.09817477 2283.0 3383.0 3704.0 6534.0 1080000303
cell 1 8 -1.29690263 1.61988371 0.1 0.09817477 2283.0 3383.0 3704.0 6534.0 1080000304
cell 1 8 -1.29690263 1.71805848 0.1 0.09817477 2283.0 3383.0 3704.0 6534.0 1080000305
cell 1 8 -1.29690263 1.81623325 0.1 0.09817477 2283.0 3383.0 3704.0 6534.0 1080000306
cell 1 8 -1.29690263 1.91440802 0.1 0.09817477 2283.0 3383.0 3704.0 6534.0 1080000307
cell 1 8 -1.29690263 2.01258279 0.1 0.09817477 2283.0 3383.0 3704.0 6534.0 1080000308
cell 1 8 -1.29690263 2.11075756 0.1 0.09817477 2283.0 3383.0 3704.0 6534.0 1080000309
cell 1 8 -1.29690263 2.20893233 0.1 0.09817477 2283.0 3383.0 3704.0 6534.0 1080000310
cell 1 8 -1.29690263 2.3071071 0.1 0.09817477 2283.0 3383.0 3704.0 6534.0 1080000311
cell 1 8 -1.29690263 2.40528188 0.1 0.09817477 2283.0 3383.0 3704.0 6534.0 1080000312
cell 1 8 -1.29690263 2.50345665 0.1 0.09817477 2283.0 3383.0 3704.0 6534.0 1080000313
cell 1 8 -1.29690263 2.60163142 0.1 0.09817477 2283.0 3383.0 3704.0 6534.0 1080000314
cell 1 8 -1.29690263 2.69980619 0.1 0.09817477 2283.0 3383.0 3704.0 6534.0 1080000315
cell 1 8 -1.29690263 2.79798096 0.1 0.09817477 2283.0 3383.0 3704.0 6534.0 1080000316
cell 1 8 -1.29690263 2.89615573 0.1 0.09817477 2283.0 3383.0 3704.0 6534.0 1080000317
cell 1 8 -1.29690263 2.9943305 0.1 0.09817477 2283.0 3383.0 3704.0 6534.0 1080000318
cell 1 8 -1.29690263 3.09250527 0.1 0.09817477 2283.0 3383.0 3704.0 6534.0 1080000319
cell 1 8 -1.19690263 -3.09250527 0.1 0.09817477 2283.0 3383.0 3704.0 6534.0 1080000320
cell 1 8 -1.19690263 -2.9943305 0.1 0.09817477 2283.0 3383.0 3704.0 6534.0 1080000321
cell 1 8 -1.19690263 -2.89615573 0.1 0.09817477 2283.0 3383.0 3704.0 6534.0 1080000322
cell 1 8 -1.19690263 -2.79798096 0.1 0.09817477 2283.0 3383.0 3704.0 6534.0 1080000323
cell 1 8 -1.19690263 -2.69980619 0.1 0.09817477 2283.0 3383.0 3704.0 6534.0 1080000324
cell 1 8 -1.19690263 -2.60163142 0.1 0.09817477 2283.0 3383.0 3704.0 6534.0 1080000325
cell 1 8 -1.19690263 -2.50345665 0.1 0.09817477 2283.0 3383.0 3704.0 6534.0 1080000326
cell 1 8 -1.19690263 -2.40528188 0.1 0.09817477 2283.0 3383.0 3704.0 6534.0 1080000327
cell 1 8 -1.19690263 -2.3071071 0.1 0.09817477 2283.0 3383.0 3704.0 6534.0 1080000328
cell 1 8 -1.19690263 -2.20893233 0.1 0.09817477 2283.0 3383.0 3704.0 6534.0 1080000329
cell 1 8 -1.19690263 -2.11075756 0.1 0.09817477 2283.0 3383.0 3704.0 6534.0 1080000330
cell 1 8 -1.19690263 -2.01258279 0.1 0.09817477 2283.0 3383.0 3704.0 6534.0 1080000331
cell 1 8 -1.19690263 -1.91440802 0.1 0.09817477 2283.0 3383.0 3704.0 6534.0 1080000332
cell 1 8 -1.19690263 -1.81623325 0.1 0.09817477 2283.0 3383.0 3704.0 6534.0 1080000333
cell 1 8 -1.19690263 -1.71805848 0.1 0.09817477 2283.0 3383.0 3704.0 6534.0 1080000334
cell 1 8 -1.19690263 -1.61988371 0.1 0.09817477 2283.0 3383.0 3704.0 6534.0 1080000335
cell 1 8 -1.19690263 -1.52170894 0.1 0.09817477 2283.0 3383.0 3704.0 6534.0 1080000336
cell 1 8 -1.19690263 -1.42353417 0.1 0.09817477 2283.0 3383.0 3704.0 6534.0 1080000337
cell 1 8 -1.19690263 -1.3253594 0.1 0.09817477 2283.0 3383.0 3704.0 6534.0 1080000338
cell 1 8 -1.19690263 -1.22718463 0.1 0.09817477 2283.0 3383.0 3704.0 6534.0 1080000339
cell 1 8 -1.19690263 -1.12900986 0.1 0.09817477 2283.0 3383.0 3704.0 6534.0 1080000340
cell 1 8 -1.19690263 -1.03083509 0.1 0.09817477 2283.0 3383.0 3704.0 6534.0 1080000341
cell 1 8 -1.19690263 -0.93266032 0.1 0.09817477 2283.0 3383.0 3704.0 6534.0 1080000342
cell 1 8 -1.19690263 -0.83448555 0.1 0.09817477 2283.0 3383.0 3704.0 6534.0 1080000343
cell 1 8 -1.19690263 -0.73631078 0.1 0.09817477 2283.0 3383.0 3704.0 6534.0 1080000344
cell 1 8 -1.19690263 -0.63813601 0.1 0.09817477 2283.0 3383.0 3704.0 6534.0 1080000345
cell 1 8 -1.19690263 -0.53996124 0.1 0.09817477 2283.0 3383.0 3704.0 6534.0 1080000346
cell 1 8 -1.19690263 -0.44178647 0.1 0.09817477 2283.0 3383.0 3704.0 6534.0 1080000347
cell 1 8 -1.19690263 -0.3436117 0.1 0.09817477 2283.0 3383.0 3704.0 6534.0 1080000348
cell 1 8 -1.19690263 -0.24543693 0.1 0.09817477 2283.0 3383.0 3704.0 6534.0 1080000349
cell 1 8 -1.19690263 -0.14726216 0.1 0.09817477 2283.0 3383.0 3704.0 6534.0 1080000350
cell 1 8 -1.19690263 -0.04908739 0.1 0.09817477 2283.0 3383.0 3704.0 6534.0 1080000351
cell 1 8 -1.19690263 0.04908739 0.1 0.09817477 2283.0 3383.0 3704.0 6534.0 1080000352
cell 1 8 -1.19690263 0.14726216 0.1 0.09817477 2283.0 3383.0 3704.0 6534.0 1080000353
cell 1 8 -1.19690263 0.24543693 0.1 0.09817477 2283.0 3383.0 3704.0 6534.0 1080000354
cell 1 8 -1.19690263 0.3436117 0.1 0.09817477 2283.0 3383.0 3704.0 6534.0 1080000355
cell 1 8 -1.19690263 0.44178647 0.1 0.09817477 2283.0 3383.0 3704.0 6534.0 1080000356
cell 1 8 -1.19690263 0.53996124 0.1 0.09817477 2283.0 3383.0 3704.0 6534.0 1080000357
cell 1 8 -1.19690263 0.63813601 0.1 0.09817477 2283.0 3383.0 3704.0 6534.0 1080000358
cell 1 8 -1.19690263 0.73631078 0.1 0.09817477 2283.0 3383.0 3704.0 6534.0 1080000359
cell 1 8 -1.19690263 0.83448555 0.1 0.09817477 2283.0 3383.0 3704.0 6534.0 1080000360
cell 1 8 -1.19690263 0.93266032 0.1 0.09817477 2283.0 3383.0 3704.0 6534.0 1080000361
cell 1 8 -1.19690263 1.03083509 0.1 0.09817477 2283.0 3383.0 3704.0 6534.0 1080000362
cell 1 8 -1.19690263 1.12900986 0.1 0.09817477 2283.0 3383.0 3704.0 6534.0 1080000363
cell 1 8 -1.19690263 1.22718463 0.1 0.09817477 2283.0 3383.0 3704.0 6534.0 1080000364
cell 1 8 -1.19690263 1.3253594 0.1 0.09817477 2283.0 3383.0 3704.0 6534.0 1080000365
cell 1 8 -1.19690263 1.42353417 0.1 0.09817477 2283.0 3383.0 3704.0 6534.0 1080000366
cell 1 8 -1.19690263 1.52170894 0.1 0.09817477 2283.0 3383.0 3704.0 6534.0 1080000367
cell 1 8 -1.19690263 1.61988371 0.1 0.09817477 2283.0 3383.0 3704.0 6534.0 1080000368
cell 1 8 -1.19690263 1.71805848 0.1 0.09817477 2283.0 3383.0 3704.0 6534.0 1080000369
cell 1 8 -1.19690263 1.81623325 0.1 0.09817477 2283.0 3383.0 3704.0 6534.0 1080000370
cell 1 8 -1.19690263 1.91440802 0.1 0.09817477 2283.0 3383.0 3704.0 6534.0 1080000371
cell 1 8 -1.19690263 2.01258279 0.1 0.09817477 2283.0 3383.0 3704.0 6534.0 1080000372
cell 1 8 -1.19690263 2.11075756 0.1 0.09817477 2283.0 3383.0 3704.0 6534.0 1080000373
cell 1 8 -1.19690263 2.20893233 0.1 0.09817477 2283.0 3383.0 3704.0 6534.0 1080000374
cell 1 8 -1.19690263 2.3071071 0.1 0.09817477 2283.0 3383.0 3704.0 6534.0 1080000375
cell 1 8 -1.19690263 2.40528188 0.1 0.09817477 2283.0 3383.0 3704.0 6534.0 1080000376
cell 1 8 -1.19690263 2.50345665 0.1 0.09817477 2283.0 3383.0 3704.0 6534.0 1080000377
cell 1 8 -1.19690263 2.60163142 0.1 0.09817477 2283.0 3383.0 3704.0 6534.0 1080000378
cell 1 8 -1.19690263 2.69980619 0.1 0.09817477 2283.0 3383.0 3704.0 6534.0 1080000379
cell 1 8 -1.19690263 2.79798096 0.1 0.09817477 2283.0 3383.0 3704.0 6534.0 1080000380
cell 1 8 -1.19690263 2.89615573 0.1 0.09817477 2283.0 3383.0 3704.0 6534.0 1080000381
cell 1 8 -1.19690263 2.9943305 0.1 0.09817477 2283.0 3383.0 3704.0 6534.0 1080000382
cell 1 8 -1.19690263 3.09250527 0.1 0.09817477 2283.0 3383.0 3704.0 6534.0 1080000383
cell 1 8 -1.09690263 -3.09250527 0.1 0.09817477 2283.0 3383.0 3704.0 6534.0 1080000384
cell 1 8 -1.09690263 -2.9943305 0.1 0.09817477 2283.0 3383.0 3704.0 6534.0 1080000385
cell 1 8 -1.09690263 -2.89615573 0.1 0.09817477 2283.0 3383.0 3704.0 6534.0 1080000386
cell 1 8 -1.09690263 -2.79798096 0.1 0.09817477 2283.0 3383.0 3704.0 6534.0 1080000387
cell 1 8 -1.09690263 -2.69980619 0.1 0.09817477 2283.0 3383.0 3704.0 6534.0 1080000388
cell 1 8 -1.09690263 -2.60163142 0.1 0.09817477 2283.0 3383.0 3704.0 6534.0 1080000389
cell 1 8 -1.09690263 -2.50345665 0.1 0.09817477 2283.0 3383.0 3704.0 6534.0 1080000390
cell 1 8 -1.09690263 -2.40528188 0.1 0.09817477 2283.0 3383.0 3704.0 6534.0 1080000391
cell 1 8 -1.09690263 -2.3071071 0.1 0.09817477 2283.0 3383.0 3704.0 6534.0 1080000392
cell 1 8 -1.09690263 -2.20893233 0.1 0.09817477 2283.0 3383.0 3704.0 6534.0 1080000393
cell 1 8 -1.09690263 -2.11075756 0.1 0.09817477 2283.0 3383.0 3704.0 6534.0 1080000394
cell 1 8 -1.09690263 -2.01258279 0.1 0.09817477 2283.0 3383.0 3704.0 6534.0 1080000395
cell 1 8 -1.09690263 -1.91440802 0.1 0.09817477 2283.0 3383.0 3704.0 6534.0 1080000396
cell 1 8 -1.09690263 -1.81623325 0.1 0.09817477 2283.0 3383.0 3704.0 6534.0 1080000397
cell 1 8 -1.09690263 -1.71805848 0.1 0.09817477 2283.0 3383.0 3704.0 6534.0 1080000398
cell 1 8 -1.09690263 -1.61988371 0.1 0.09817477 2283.0 3383.0 3704.0 6534.0 1080000399
cell 1 8 -1.09690263 -1.52170894 0.1 0.09817477 2283.0 3383.0 3704.0 6534.0 1080000400
cell 1 8 -1.09690263 -1.42353417 0.1 0.09817477 2283.0 3383.0 3704.0 6534.0 1080000401
cell 1 8 -1.09690263 -1.3253594 0.1 0.09817477 2283.0 3383.0 3704.0 6534.0 1080000402
cell 1 8 -1.09690263 -1.22718463 0.1 0.09817477 2283.0 3383.0 3704.0 6534.0 1080000403
cell 1 8 -1.09690263 -1.12900986 0.1 0.09817477 2283.0 3383.0 3704.0 6534.0 1080000404
cell 1 8 -1.09690263 -1.03083509 0.1 0.09817477 2283.0 3383.0 3704.0 6534.0 1080000405
cell 1 8 -1.09690263 -0.93266032 0.1 0.09817477 2283.0 3383.0 3704.0 6534.0 1080000406
cell 1 8 -1.09690263 -0.83448555 0.1 0.09817477 2283.0 3383.0 3704.0 6534.0 1080000407
cell 1 8 -1.09690263 -0.73631078 0.1 0.09817477 2283.0 3383.0 3704.0 6534.0 1080000408
cell 1 8 -1.09690263 -0.63813601 0.1 0.09817477 2283.0 3383.0 3704.0 6534.0 1080000409
cell 1 8 -1.09690263 -0.53996124 0.1 0.09817477 2283.0 3383.0 3704.0 6534.0 1080000410
cell 1 8 -1.09690263 -0.44178647 0.1 0.09817477 2283.0 3383.0 3704.0 6534.0 1080000411
cell 1 8 -1.09690263 -0.3436117 0.1 0.09817477 2283.0 3383.0 3704.0 6534.0 1080000412
cell 1 8 -1.09690263 -0.24543693 0.1 0.09817477 2283.0 3383.0 3704.0 6534.0 1080000413
cell 1 8 -1.09690263 -0.14726216 0.1 0.09817477 2283.0 3383.0 3704.0 6534.0 1080000414
cell 1 8 -1.09690263 -0.04908739 0.1 0.09817477 2283.0 3383.0 3704.0 6534.0 1080000415
cell 1 8 -1.09690263 0.04908739 0.1 0.09817477 2283.0 3383.0 3704.0 6534.0 1080000416
cell 1 8 -1.09690263 0.14726216 0.1 0.09817477 2283.0 3383.0 3704.0 6534.0 1080000417
cell 1 8 -1.09690263 0.24543693 0.1 0.09817477 2283.0 3383.0 3704.0 6534.0 1080000418
cell 1 8 -1.09690263 0.3436117 0.1 0.09817477 2283.0 3383.0 3704.0 6534.0 1080000419
cell 1 8 -1.09690263 0.44178647 0.1 0.09817477 2283.0 3383.0 3704.0 6534.0 1080000420
cell 1 8 -1.09690263 0.53996124 0.1 0.09817477 2283.0 3383.0 3704.0 6534.0 1080000421
cell 1 8 -1.09690263 0.63813601 0.1 0.09817477 2283.0 3383.0 3704.0 6534.0 1080000422
cell 1 8 -1.09690263 0.73631078 0.1 0.09817477 2283.0 3383.0 3704.0 6534.0 1080000423
cell 1 8 -1.09690263 0.83448555 0.1 0.09817477 2283.0 3383.0 3704.0 6534.0 1080000424
cell 1 8 -1.09690263 0.93266032 0.1 0.09817477 2283.0 3383.0 3704.0 6534.0 1080000425
cell 1 8 -1.09690263 1.03083509 0.1 0.09817477 2283.0 3383.0 3704.0 6534.0 1080000426
cell 1 8 -1.09690263 1.12900986 0.1 0.09817477 2283.0 3383.0 3704.0 6534.0 1080000427
cell 1 8 -1.09690263 1.22718463 0.1 0.09817477 2283.0 3383.0 3704.0 6534.0 1080000428
cell 1 8 -1.09690263 1.3253594 0.1 0.09817477 2283.0 3383.0 3704.0 6534.0 1080000429
cell 1 8 -1.09690263 1.42353417 0.1 0.09817477 2283.0 3383.0 3704.0 6534.0 1080000430
cell 1 8 -1.09690263 1.52170894 0.1 0.09817477 2283.0 3383.0 3704.0 6534.0 1080000431
cell 1 8 -1.09690263 1.61988371 0.1 0.09817477 2283.0 3383.0 3704.0 6534.0 1080000432
cell 1 8 -1.09690263 1.71805848 0.1 0.09817477 2283.0 3383.0 3704.0 6534.0 1080000433
cell 1 8 -1.09690263 1.81623325 0.1 0.09817477 2283.0 3383.0 3704.0 6534.0 1080000434
cell 1 8 -1.09690263 1.91440802 0.1 0.09817477 2283.0 3383.0 3704.0 6534.0 1080000435
cell 1 8 -1.09690263 2.01258279 0.1 0.09817477 2283.0 3383.0 3704.0 6534.0 1080000436
cell 1 8 -1.09690263 2.11075756 0.1 0.09817477 2283.0 3383.0 3704.0 6534.0 1080000437
cell 1 8 -1.09690263 2.20893233 0.1 0.09817477 2283.0 3383.0 3704.0 6534.0 1080000438
cell 1 8 -1.09690263 2.3071071 0.1 0.09817477 2283.0 3383.0 3704.0 6534.0 1080000439
cell 1 8 -1.09690263 2.40528188 0.1 0.09817477 2283.0 3383.0 3704.0 6534.0 1080000440
cell 1 8 -1.09690263 2.50345665 0.1 0.09817477 2283.0 3383.0 3704.0 6534.0 1080000441
cell 1 8 -1.09690263 2.60163142 0.1 0.09817477 2283.0 3383.0 3704.0 6534.0 1080000442
cell 1 8 -1.09690263 2.69980619 0.1 0.09817477 2283.0 3383.0 3704.0 6534.0 1080000443
cell 1 8 -1.09690263 2.79798096 0.1 0.09817477 2283.0 3383.0 3704.0 6534.0 1080000444
cell 1 8 -1.09690263 2.89615573 0.1 0.09817477 2283.0 3383.0 3704.0 6534.0 1080000445
cell 1 8 -1.09690263 2.9943305 0.1 0.09817477 2283.0 3383.0 3704.0 6534.0 1080000446
cell 1 8 -1.09690263 3.09250527 0.1 0.09817477 2283.0 3383.0 3704.0 6534.0 1080000447
cell 1 8 -0.99690263 -3.09250527 0.1 0.09817477 2283.0 3383.0 3704.0 6534.0 1080000448
cell 1 8 -0.99690263 -2.9943305 0.1 0.09817477 2283.0 3383.0 3704.0 6534.0 1080000449
cell 1 8 -0.99690263 -2.89615573 0.1 0.09817477 2283.0 3383.0 3704.0 6534.0 1080000450
cell 1 8 -0.99690263 -2.79798096 0.1 0.09817477 2283.0 3383.0 3704.0 6534.0 1080000451
cell 1 8 -0.99690263 -2.69980619 0.1 0.09817477 2283.0 3383.0 3704.0 6534.0 1080000452
cell 1 8 -0.99690263 -2.60163142 0.1 0.09817477 2283.0 3383.0 3704.0 6534.0 1080000453
cell 1 8 -0.99690263 -2.50345665 0.1 0.09817477 2283.0 3383.0 3704.0 6534.0 1080000454
cell 1 8 -0.99690263 -2.40528188 0.1 0.09817477 2283.0 3383.0 3704.0 6534.0 1080000455
cell 1 8 -0.99690263 -2.3071071 0.1 0.09817477 2283.0 3383.0 3704.0 6534.0 1080000456
cell 1 8 -0.99690263 -2.20893233 0.1 0.09817477 2283.0 3383.0 3704.0 6534.0 1080000457
cell 1 8 -0.99690263 -2.11075756 0.1 0.09817477 2283.0 3383.0 3704.0 6534.0 1080000458
cell 1 8 -0.99690263 -2.01258279 0.1 0.09817477 2283.0 3383.0 3704.0 6534.0 1080000459
cell 1 8 -0.99690263 -1.91440802 0.1 0.09817477 2283.0 3383.0 3704.0 6534.0 1080000460
cell 1 8 -0.99690263 -1.81623325 0.1 0.09817477 2283.0 3383.0 3704.0 6534.0 1080000461
cell 1 8 -0.99690263 -1.71805848 0.1 0.09817477 2283.0 3383.0 3704.0 6534.0 1080000462
cell 1 8 -0.99690263 -1.61988371 0.1 0.09817477 2283.0 3383.0 3704.0 6534.0 1080000463
cell 1 8 -0.99690263 -1.52170894 0.1 0.09817477 2283.0 3383.0 3704.0 6534.0 1080000464
cell 1 8 -0.99690263 -1.42353417 0.1 0.09817477 2283.0 3383.0 3704.0 6534.0 1080000465
cell 1 8 -0.99690263 -1.3253594 0.1 0.09817477 2283.0 3383.0 3704.0 6534.0 1080000466
cell 1 8 -0.99690263 -1.22718463 0.1 0.09817477 2283.0 3383.0 3704.0 6534.0 1080000467
cell 1 8 -0.99690263 -1.12900986 0.1 0.09817477 2283.0 3383.0 3704.0 6534.0 1080000468
cell 1 8 -0.99690263 -1.03083509 0.1 0.09817477 2283.0 3383.0 3704.0 6534.0 1080000469
cell 1 8 -0.99690263 -0.93266032 0.1 0.09817477 2283.0 3383.0 3704.0 6534.0 1080000470
cell 1 8 -0.99690263 -0.83448555 0.1 0.09817477 2283.0 3383.0 3704.0 6534.0 1080000471
cell 1 8 -0.99690263 -0.73631078 0.1 0.09817477 2283.0 3383.0 3704.0 6534.0 1080000472
cell 1 8 -0.99690263 -0.63813601 0.1 0.09817477 2283.0 3383.0 3704.0 6534.0 1080000473
cell 1 8 -0.99690263 -0.53996124 0.1 0.09817477 2283.0 3383.0 3704.0 6534.0 1080000474
cell 1 8 -0.99690263 -0.44178647 0.1 0.09817477 2283.0 3383.0 3704.0 6534.0 1080000475
cell 1 8 -0.99690263 -0.3436117 0.1 0.09817477 2283.0 3383.0 3704.0 6534.0 1080000476
cell 1 8 -0.99690263 -0.24543693 0.1 0.09817477 2283.0 3383.0 3704.0 6534.0 1080000477
cell 1 8 -0.99690263 -0.14726216 0.1 0.09817477 2283.0 3383.0 3704.0 6534.0 1080000478
cell 1 8 -0.99690263 -0.04908739 0.1 0.09817477 2283.0 3383.0 3704.0 6534.0 1080000479
cell 1 8 -0.99690263 0.04908739 0.1 0.09817477 2283.0 3383.0 3704.0 6534.0 1080000480
cell 1 8 -0.99690263 0.14726216 0.1 0.09817477 2283.0 3383.0 3704.0 6534.0 1080000481
cell 1 8 -0.99690263 0.24543693 0.1 0.09817477 2283.0 3383.0 3704.0 6534.0 1080000482
cell 1 8 -0.99690263 0.3436117 0.1 0.09817477 2283.0 3383.0 3704.0 6534.0 1080000483
cell 1 8 -0.99690263 0.44178647 0.1 0.09817477 2283.0 3383.0 3704.0 6534.0 1080000484
cell 1 8 -0.99690263 0.53996124 0.1 0.09817477 2283.0 3383.0 3704.0 6534.0 1080000485
cell 1 8 -0.99690263 0.63813601 0.1 0.09817477 2283.0 3383.0 3704.0 6534.0 1080000486
cell 1 8 -0.99690263 0.73631078 0.1 0.09817477 2283.0 3383.0 3704.0 6534.0 1080000487
cell 1 8 -0.99690263 0.83448555 0.1 0.09817477 2283.0 3383.0 3704.0 6534.0 1080000488
cell 1 8 -0.99690263 0.93266032 0.1 0.09817477 2283.0 3383.0 3704.0 6534.0 1080000489
cell 1 8 -0.99690263 1.03083509 0.1 0.09817477 2283.0 3383.0 3704.0 6534.0 1080000490
cell 1 8 -0.99690263 1.12900986 0.1 0.09817477 2283.0 3383.0 3704.0 6534.0 1080000491
cell 1 8 -0.99690263 1.22718463 0.1 0.09817477 2283.0 3383.0 3704.0 6534.0 1080000492
cell 1 8 -0.99690263 1.3253594 0.1 0.09817477 2283.0 3383.0 3704.0 6534.0 1080000493
cell 1 8 -0.99690263 1.42353417 0.1 0.09817477 2283.0 3383.0 3704.0 6534.0 1080000494
cell 1 8 -0.99690263 1.52170894 0.1 0.09817477 2283.0 3383.0 3704.0 6534.0 1080000495
cell 1 8 -0.99690263 1.61988371 0.1 0.09817477 2283.0 3383.0 3704.0 6534.0 1080000496
cell 1 8 -0.99690263 1.71805848 0.1 0.09817477 2283.0 3383.0 3704.0 6534.0 1080000497
cell 1 8 -0.99690263 1.81623325 0.1 0.09817477 2283.0 3383.0 3704.0 6534.0 1080000498
cell 1 8 -0.99690263 1.91440802 0.1 0.09817477 2283.0 3383.0 3704.0 6534.0 1080000499
cell 1 8 -0.99690263 2.01258279 0.1 0.09817477 2283.0 3383.0 3704.0 6534.0 1080000500
cell 1 8 -0.99690263 2.11075756 0.1 0.09817477 2283.0 3383.0 3704.0 6534.0 1080000501
cell 1 8 -0.99690263 2.20893233 0.1 0.09817477 2283.0 3383.0 3704.0 6534.0 1080000502
cell 1 8 -0.99690263 2.3071071 0.1 0.09817477 2283.0 3383.0 3704.0 6534.0 1080000503
cell 1 8 -0.99690263 2.40528188 0.1 0.09817477 2283.0 3383.0 3704.0 6534.0 1080000504
cell 1 8 -0.99690263 2.50345665 0.1 0.09817477 2283.0 3383.0 3704.0 6534.0 1080000505
cell 1 8 -0.99690263 2.60163142 0.1 0.09817477 2283.0 3383.0 3704.0 6534.0 1080000506
cell 1 8 -0.99690263 2.69980619 0.1 0.09817477 2283.0 3383.0 3704.0 6534.0 1080000507
cell 1 8 -0.99690263 2.79798096 0.1 0.09817477 2283.0 3383.0 3704.0 6534.0 1080000508
cell 1 8 -0.99690263 2.89615573 0.1 0.09817477 2283.0 3383.0 3704.0 6534.0 1080000509
cell 1 8 -0.99690263 2.9943305 0.1 0.09817477 2283.0 3383.0 3704.0 6534.0 1080000510
cell 1 8 -0.99690263 3.09250527 0.1 0.09817477 2283.0 3383.0 3704.0 6534.0 1080000511
cell 1 8 0.99690263 -3.09250527 0.1 0.09817477 2283.0 3383.0 3704.0 6534.0 1080000576
cell 1 8 0.99690263 -2.9943305 0.1 0.09817477 2283.0 3383.0 3704.0 6534.0 1080000577
cell 1 8 0.99690263 -2.89615573 0.1 0.09817477 2283.0 3383.0 3704.0 6534.0 1080000578
cell 1 8 0.99690263 -2.79798096 0.1 0.09817477 2283.0 3383.0 3704.0 6534.0 1080000579
cell 1 8 0.99690263 -2.69980619 0.1 0.09817477 2283.0 3383.0 3704.0 6534.0 1080000580
cell 1 8 0.99690263 -2.60163142 0.1 0.09817477 2283.0 3383.0 3704.0 6534.0 1080000581
cell 1 8 0.99690263 -2.50345665 0.1 0.09817477 2283.0 3383.0 3704.0 6534.0 1080000582
cell 1 8 0.99690263 -2.40528188 0.1 0.09817477 2283.0 3383.0 3704.0 6534.0 1080000583
cell 1 8 0.99690263 -2.3071071 0.1 0.09817477 2283.0 3383.0 3704.0 6534.0 1080000584
cell 1 8 0.99690263 -2.20893233 0.1 0.09817477 2283.0 3383.0 3704.0 6534.0 1080000585
cell 1 8 0.99690263 -2.11075756 0.1 0.09817477 2283.0 3383.0 3704.0 6534.0 1080000586
cell 1 8 0.99690263 -2.01258279 0.1 0.09817477 2283.0 3383.0 3704.0 6534.0 1080000587
cell 1 8 0.99690263 -1.91440802 0.1 0.09817477 2283.0 3383.0 3704.0 6534.0 1080000588
cell 1 8 0.99690263 -1.81623325 0.1 0.09817477 2283.0 3383.0 3704.0 6534.0 1080000589
cell 1 8 0.99690263 -1.71805848 0.1 0.09817477 2283.0 3383.0 3704.0 6534.0 1080000590
cell 1 8 0.99690263 -1.61988371 0.1 0.09817477 2283.0 3383.0 3704.0 6534.0 1080000591
cell 1 8 0.99690263 -1.52170894 0.1 0.09817477 2283.0 3383.0 3704.0 6534.0 1080000592
cell 1 8 0.99690263 -1.42353417 0.1 0.09817477 2283.0 3383.0 3704.0 6534.0 1080000593
cell 1 8 0.99690263 -1.3253594 0.1 0.09817477 2283.0 3383.0 3704.0 6534.0 1080000594
cell 1 8 0.99690263 -1.22718463 0.1 0.09817477 2283.0 3383.0 3704.0 6534.0 1080000595
cell 1 8 0.99690263 -1.12900986 0.1 0.09817477 2283.0 3383.0 3704.0 6534.0 1080000596
cell 1 8 0.99690263 -1.03083509 0.1 0.09817477 2283.0 3383.0 3704.0 6534.0 1080000597
cell 1 8 0.99690263 -0.93266032 0.1 0.09817477 2283.0 3383.0 3704.0 6534.0 1080000598
cell 1 8 0.99690263 -0.83448555 0.1 0.09817477 2283.0 3383.0 3704.0 6534.0 1080000599
cell 1 8 0.99690263 -0.73631078 0.1 0.09817477 2283.0 3383.0 3704.0 6534.0 1080000600
cell 1 8 0.99690263 -0.63813601 0.1 0.09817477 2283.0 3383.0 3704.0 6534.0 1080000601
cell 1 8 0.99690263 -0.53996124 0.1 0.09817477 2283.0 3383.0 3704.0 6534.0 1080000602
cell 1 8 0.99690263 -0.44178647 0.1 0.09817477 2283.0 3383.0 3704.0 6534.0 1080000603
cell 1 8 0.99690263 -0.3436117 0.1 0.09817477 2283.0 3383.0 3704.0 6534.0 1080000604
cell 1 8 0.99690263 -0.24543693 0.1 0.09817477 2283.0 3383.0 3704.0 6534.0 1080000605
cell 1 8 0.99690263 -0.14726216 0.1 0.09817477 2283.0 3383.0 3704.0 6534.0 1080000606
cell 1 8 0.99690263 -0.04908739 0.1 0.09817477 2283.0 3383.0 3704.0 6534.0 1080000607
cell 1 8 0.99690263 0.04908739 0.1 0.09817477 2283.0 3383.0 3704.0 6534.0 1080000608
cell 1 8 0.99690263 0.14726216 0.1 0.09817477 2283.0 3383.0 3704.0 6534.0 1080000609
cell 1 8 0.99690263 0.24543693 0.1 0.09817477 2283.0 3383.0 3704.0 6534.0 1080000610
cell 1 8 0.99690263 0.3436117 0.1 0.09817477 2283.0 3383.0 3704.0 6534.0 1080000611
cell 1 8 0.99690263 0.44178647 0.1 0.09817477 2283.0 3383.0 3704.0 6534.0 1080000612
cell 1 8 0.99690263 0.53996124 0.1 0.09817477 2283.0 3383.0 3704.0 6534.0 1080000613
cell 1 8 0.99690263 0.63813601 0.1 0.09817477 2283.0 3383.0 3704.0 6534.0 1080000614
cell 1 8 0.99690263 0.73631078 0.1 0.09817477 2283.0 3383.0 3704.0 6534.0 1080000615
cell 1 8 0.99690263 0.83448555 0.1 0.09817477 2283.0 3383.0 3704.0 6534.0 1080000616
cell 1 8 0.99690263 0.93266032 0.1 0.09817477 2283.0 3383.0 3704.0 6534.0 1080000617
cell 1 8 0.99690263 1.03083509 0.1 0.09817477 2283.0 3383.0 3704.0 6534.0 1080000618
cell 1 8 0.99690263 1.12900986 0.1 0.09817477 2283.0 3383.0 3704.0 6534.0 1080000619
cell 1 8 0.99690263 1.22718463 0.1 0.09817477 2283.0 3383.0 3704.0 6534.0 1080000620
cell 1 8 0.99690263 1.3253594 0.1 0.09817477 2283.0 3383.0 3704.0 6534.0 1080000621
cell 1 8 0.99690263 1.42353417 0.1 0.09817477 2283.0 3383.0 3704.0 6534.0 1080000622
cell 1 8 0.99690263 1.52170894 0.1 0.09817477 2283.0 3383.0 3704.0 6534.0 1080000623
cell 1 8 0.99690263 1.61988371 0.1 0.09817477 2283.0 3383.0 3704.0 6534.0 1080000624
cell 1 8 0.99690263 1.71805848 0.1 0.09817477 2283.0 3383.0 3704.0 6534.0 1080000625
cell 1 8 0.99690263 1.81623325 0.1 0.09817477 2283.0 3383.0 3704.0 6534.0 1080000626
cell 1 8 0.99690263 1.91440802 0.1 0.09817477 2283.0 3383.0 3704.0 6534.0 1080000627
cell 1 8 0.99690263 2.01258279 0.1 0.09817477 2283.0 3383.0 3704.0 6534.0 1080000628
cell 1 8 0.99690263 2.11075756 0.1 0.09817477 2283.0 3383.0 3704.0 6534.0 1080000629
cell 1 8 0.99690263 2.20893233 0.1 0.09817477 2283.0 3383.0 3704.0 6534.0 1080000630
cell 1 8 0.99690263 2.3071071 0.1 0.09817477 2283.0 3383.0 3704.0 6534.0 1080000631
cell 1 8 0.99690263 2.40528188 0.1 0.09817477 2283.0 3383.0 3704.0 6534.0 1080000632
cell 1 8 0.99690263 2.50345665 0.1 0.09817477 2283.0 3383.0 3704.0 6534.0 1080000633
cell 1 8 0.99690263 2.60163142 0.1 0.09817477 2283.0 3383.0 3704.0 6534.0 1080000634
cell 1 8 0.99690263 2.69980619 0.1 0.09817477 2283.0 3383.0 3704.0 6534.0 1080000635
cell 1 8 0.99690263 2.79798096 0.1 0.09817477 2283.0 3383.0 3704.0 6534.0 1080000636
cell 1 8 0.99690263 2.89615573 0.1 0.09817477 2283.0 3383.0 3704.0 6534.0 1080000637
cell 1 8 0.99690263 2.9943305 0.1 0.09817477 2283.0 3383.0 3704.0 6534.0 1080000638
cell 1 8 0.99690263 3.09250527 0.1 0.09817477 2283.0 3383.0 3704.0 6534.0 1080000639
cell 1 8 1.09690263 -3.09250527 0.1 0.09817477 2283.0 3383.0 3704.0 6534.0 1080000640
cell 1 8 1.09690263 -2.9943305 0.1 0.09817477 2283.0 3383.0 3704.0 6534.0 1080000641
cell 1 8 1.09690263 -2.89615573 0.1 0.09817477 2283.0 3383.0 3704.0 6534.0 1080000642
cell 1 8 1.09690263 -2.79798096 0.1 0.09817477 2283.0 3383.0 3704.0 6534.0 1080000643
cell 1 8 1.09690263 -2.69980619 0.1 0.09817477 2283.0 3383.0 3704.0 6534.0 1080000644
cell 1 8 1.09690263 -2.60163142 0.1 0.09817477 2283.0 3383.0 3704.0 6534.0 1080000645
cell 1 8 1.09690263 -2.50345665 0.1 0.09817477 2283.0 3383.0 3704.0 6534.0 1080000646
cell 1 8 1.09690263 -2.40528188 0.1 0.09817477 2283.0 3383.0 3704.0 6534.0 1080000647
cell 1 8 1.09690263 -2.3071071 0.1 0.09817477 2283.0 3383.0 3704.0 6534.0 1080000648
cell 1 8 1.09690263 -2.20893233 0.1 0.09817477 2283.0 3383.0 3704.0 6534.0 1080000649
cell 1 8 1.09690263 -2.11075756 0.1 0.09817477 2283.0 3383.0 3704.0 6534.0 1080000650
cell 1 8 1.09690263 -2.01258279 0.1 0.09817477 2283.0 3383.0 3704.0 6534.0 1080000651
cell 1 8 1.09690263 -1.91440802 0.1 0.09817477 2283.0 3383.0 3704.0 6534.0 1080000652
cell 1 8 1.09690263 -1.81623325 0.1 0.09817477 2283.0 3383.0 3704.0 6534.0 1080000653
cell 1 8 1.09690263 -1.71805848 0.1 0.09817477 2283.0 3383.0 3704.0 6534.0 1080000654
cell 1 8 1.09690263 -1.61988371 0.1 0.09817477 2283.0 3383.0 3704.0 6534.0 1080000655
cell 1 8 1.09690263 -1.52170894 0.1 0.09817477 2283.0 3383.0 3704.0 6534.0 1080000656
cell 1 8 1.09690263 -1.42353417 0.1 0.09817477 2283.0 3383.0 3704.0 6534.0 1080000657
cell 1 8 1.09690263 -1.3253594 0.1 0.09817477 2283.0 3383.0 3704.0 6534.0 1080000658
cell 1 8 1.09690263 -1.22718463 0.1 0.09817477 2283.0 3383.0 3704.0 6534.0 1080000659
cell 1 8 1.09690263 -1.12900986 0.1 0.09817477 2283.0 3383.0 3704.0 6534.0 1080000660
cell 1 8 1.09690263 -1.03083509 0.1 0.09817477 2283.0 3383.0 3704.0 6534.0 1080000661
cell 1 8 1.09690263 -0.93266032 0.1 0.09817477 2283.0 3383.0 3704.0 6534.0 1080000662
cell 1 8 1.09690263 -0.83448555 0.1 0.09817477 2283.0 3383.0 3704.0 6534.0 1080000663
cell 1 8 1.09690263 -0.73631078 0.1 0.09817477 2283.0 3383.0 3704.0 6534.0 1080000664
cell 1 8 1.09690263 -0.63813601 0.1 0.09817477 2283.0 3383.0 3704.0 6534.0 1080000665
cell 1 8 1.09690263 -0.53996124 0.1 0.09817477 2283.0 3383.0 3704.0 6534.0 1080000666
cell 1 8 1.09690263 -0.44178647 0.1 0.09817477 2283.0 3383.0 3704.0 6534.0 1080000667
cell 1 8 1.09690263 -0.3436117 0.1 0.09817477 2283.0 3383.0 3704.0 6534.0 1080000668
cell 1 8 1.09690263 -0.24543693 0.1 0.09817477 2283.0 3383.0 3704.0 6534.0 1080000669
cell 1 8 1.09690263 -0.14726216 0.1 0.09817477 2283.0 3383.0 3704.0 6534.0 1080000670
cell 1 8 1.09690263 -0.04908739 0.1 0.09817477 2283.0 3383.0 3704.0 6534.0 1080000671
cell 1 8 1.09690263 0.04908739 0.1 0.09817477 2283.0 3383.0 3704.0 6534.0 1080000672
cell 1 8 1.09690263 0.14726216 0.1 0.09817477 2283.0 3383.0 3704.0 6534.0 1080000673
cell 1 8 1.09690263 0.24543693 0.1 0.09817477 2283.0 3383.0 3704.0 6534.0 1080000674
cell 1 8 1.09690263 0.3436117 0.1 0.09817477 2283.0 3383.0 3704.0 6534.0 1080000675
cell 1 8 1.09690263 0.44178647 0.1 0.09817477 2283.0 3383.0 3704.0 6534.0 1080000676
cell 1 8 1.09690263 0.53996124 0.1 0.09817477 2283.0 3383.0 3704.0 6534.0 1080000677
cell 1 8 1.09690263 0.63813601 0.1 0.09817477 2283.0 3383.0 3704.0 6534.0 1080000678
cell 1 8 1.09690263 0.73631078 0.1 0.09817477 2283.0 3383.0 3704.0 6534.0 1080000679
cell 1 8 1.09690263 0.83448555 0.1 0.09817477 2283.0 3383.0 3704.0 6534.0 1080000680
cell 1 8 1.09690263 0.93266032 0.1 0.09817477 2283.0 3383.0 3704.0 6534.0 1080000681
cell 1 8 1.09690263 1.03083509 0.1 0.09817477 2283.0 3383.0 3704.0 6534.0 1080000682
cell 1 8 1.09690263 1.12900986 0.1 0.09817477 2283.0 3383.0 3704.0 6534.0 1080000683
cell 1 8 1.09690263 1.22718463 0.1 0.09817477 2283.0 3383.0 3704.0 6534.0 1080000684
cell 1 8 1.09690263 1.3253594 0.1 0.09817477 2283.0 3383.0 3704.0 6534.0 1080000685
cell 1 8 1.09690263 1.42353417 0.1 0.09817477 2283.0 3383.0 3704.0 6534.0 1080000686
cell 1 8 1.09690263 1.52170894 0.1 0.09817477 2283.0 3383.0 3704.0 6534.0 1080000687
cell 1 8 1.09690263 1.61988371 0.1 0.09817477 2283.0 3383.0 3704.0 6534.0 1080000688
cell 1 8 1.09690263 1.71805848 0.1 0.09817477 2283.0 3383.0 3704.0 6534.0 1080000689
cell 1 8 1.09690263 1.81623325 0.1 0.09817477 2283.0 3383.0 3704.0 6534.0 1080000690
cell 1 8 1.09690263 1.91440802 0.1 0.09817477 2283.0 3383.0 3704.0 6534.0 1080000691
cell 1 8 1.09690263 2.01258279 0.1 0.09817477 2283.0 3383.0 3704.0 6534.0 1080000692
cell 1 8 1.09690263 2.11075756 0.1 0.09817477 2283.0 3383.0 3704.0 6534.0 1080000693
cell 1 8 1.09690263 2.20893233 0.1 0.09817477 2283.0 3383.0 3704.0 6534.0 1080000694
cell 1 8 1.09690263 2.3071071 0.1 0.09817477 2283.0 3383.0 3704.0 6534.0 1080000695
cell 1 8 1.09690263 2.40528188 0.1 0.09817477 2283.0 3383.0 3704.0 6534.0 1080000696
cell 1 8 1.09690263 2.50345665 0.1 0.09817477 2283.0 3383.0 3704.0 6534.0 1080000697
cell 1 8 1.09690263 2.60163142 0.1 0.09817477 2283.0 3383.0 3704.0 6534.0 1080000698
cell 1 8 1.09690263 2.69980619 0.1 0.09817477 2283.0 3383.0 3704.0 6534.0 1080000699
cell 1 8 1.09690263 2.79798096 0.1 0.09817477 2283.0 3383.0 3704.0 6534.0 1080000700
cell 1 8 1.09690263 2.89615573 0.1 0.09817477 2283.0 3383.0 3704.0 6534.0 1080000701
cell 1 8 1.09690263 2.9943305 0.1 0.09817477 2283.0 3383.0 3704.0 6534.0 1080000702
cell 1 8 1.09690263 3.09250527 0.1 0.09817477 2283.0 3383.0 3704.0 6534.0 1080000703
cell 1 8 1.19690263 -3.09250527 0.1 0.09817477 2283.0 3383.0 3704.0 6534.0 1080000704
cell 1 8 1.19690263 -2.9943305 0.1 0.09817477 2283.0 3383.0 3704.0 6534.0 1080000705
cell 1 8 1.19690263 -2.89615573 0.1 0.09817477 2283.0 3383.0 3704.0 6534.0 1080000706
cell 1 8 1.19690263 -2.79798096 0.1 0.09817477 2283.0 3383.0 3704.0 6534.0 1080000707
cell 1 8 1.19690263 -2.69980619 0.1 0.09817477 2283.0 3383.0 3704.0 6534.0 1080000708
cell 1 8 1.19690263 -2.60163142 0.1 0.09817477 2283.0 3383.0 3704.0 6534.0 1080000709
cell 1 8 1.19690263 -2.50345665 0.1 0.09817477 2283.0 3383.0 3704.0 6534.0 1080000710
cell 1 8 1.19690263 -2.40528188 0.1 0.09817477 2283.0 3383.0 3704.0 6534.0 1080000711
cell 1 8 1.19690263 -2.3071071 0.1 0.09817477 2283.0 3383.0 3704.0 6534.0 1080000712
cell 1 8 1.19690263 -2.20893233 0.1 0.09817477 2283.0 3383.0 3704.0 6534.0 1080000713
cell 1 8 1.19690263 -2.11075756 0.1 0.09817477 2283.0 3383.0 3704.0 6534.0 1080000714
cell 1 8 1.19690263 -2.01258279 0.1 0.09817477 2283.0 3383.0 3704.0 6534.0 1080000715
cell 1 8 1.19690263 -1.91440802 0.1 0.09817477 2283.0 3383.0 3704.0 6534.0 1080000716
cell 1 8 1.19690263 -1.81623325 0.1 0.09817477 2283.0 3383.0 3704.0 6534.0 1080000717
cell 1 8 1.19690263 -1.71805848 0.1 0.09817477 2283.0 3383.0 3704.0 6534.0 1080000718
cell 1 8 1.19690263 -1.61988371 0.1 0.09817477 2283.0 3383.0 3704.0 6534.0 1080000719
cell 1 8 1.19690263 -1.52170894 0.1 0.09817477 2283.0 3383.0 3704.0 6534.0 1080000720
cell 1 8 1.19690263 -1.42353417 0.1 0.09817477 2283.0 3383.0 3704.0 6534.0 1080000721
cell 1 8 1.19690263 -1.3253594 0.1 0.09817477 2283.0 3383.0 3704.0 6534.0 1080000722
cell 1 8 1.19690263 -1.22718463 0.1 0.09817477 2283.0 3383.0 3704.0 6534.0 1080000723
cell 1 8 1.19690263 -1.12900986 0.1 0.09817477 2283.0 3383.0 3704.0 6534.0 1080000724
cell 1 8 1.19690263 -1.03083509 0.1 0.09817477 2283.0 3383.0 3704.0 6534.0 1080000725
cell 1 8 1.19690263 -0.93266032 0.1 0.09817477 2283.0 3383.0 3704.0 6534.0 1080000726
cell 1 8 1.19690263 -0.83448555 0.1 0.09817477 2283.0 3383.0 3704.0 6534.0 1080000727
cell 1 8 1.19690263 -0.73631078 0.1 0.09817477 2283.0 3383.0 3704.0 6534.0 1080000728
cell 1 8 1.19690263 -0.63813601 0.1 0.09817477 2283.0 3383.0 3704.0 6534.0 1080000729
cell 1 8 1.19690263 -0.53996124 0.1 0.09817477 2283.0 3383.0 3704.0 6534.0 1080000730
cell 1 8 1.19690263 -0.44178647 0.1 0.09817477 2283.0 3383.0 3704.0 6534.0 1080000731
cell 1 8 1.19690263 -0.3436117 0.1 0.09817477 2283.0 3383.0 3704.0 6534.0 1080000732
cell 1 8 1.19690263 -0.24543693 0.1 0.09817477 2283.0 3383.0 3704.0 6534.0 1080000733
cell 1 8 1.19690263 -0.14726216 0.1 0.09817477 2283.0 3383.0 3704.0 6534.0 1080000734
cell 1 8 1.19690263 -0.04908739 0.1 0.09817477 2283.0 3383.0 3704.0 6534.0 1080000735
cell 1 8 1.19690263 0.04908739 0.1 0.09817477 2283.0 3383.0 3704.0 6534.0 1080000736
cell 1 8 1.19690263 0.14726216 0.1 0.09817477 2283.0 3383.0 3704.0 6534.0 1080000737
cell 1 8 1.19690263 0.24543693 0.1 0.09817477 2283.0 3383.0 3704.0 6534.0 1080000738
cell 1 8 1.19690263 0.3436117 0.1 0.09817477 2283.0 3383.0 3704.0 6534.0 1080000739
cell 1 8 1.19690263 0.44178647 0.1 0.09817477 2283.0 3383.0 3704.0 6534.0 1080000740
cell 1 8 1.19690263 0.53996124 0.1 0.09817477 2283.0 3383.0 3704.0 6534.0 1080000741
cell 1 8 1.19690263 0.63813601 0.1 0.09817477 2283.0 3383.0 3704.0 6534.0 1080000742
cell 1 8 1.19690263 0.73631078 0.1 0.09817477 2283.0 3383.0 3704.0 6534.0 1080000743
cell 1 8 1.19690263 0.83448555 0.1 0.09817477 2283.0 3383.0 3704.0 6534.0 1080000744
cell 1 8 1.19690263 0.93266032 0.1 0.09817477 2283.0 3383.0 3704.0 6534.0 1080000745
cell 1 8 1.19690263 1.03083509 0.1 0.09817477 2283.0 3383.0 3704.0 6534.0 1080000746
cell 1 8 1.19690263 1.12900986 0.1 0.09817477 2283.0 3383.0 3704.0 6534.0 1080000747
cell 1 8 1.19690263 1.22718463 0.1 0.09817477 2283.0 3383.0 3704.0 6534.0 1080000748
cell 1 8 1.19690263 1.3253594 0.1 0.09817477 2283.0 3383.0 3704.0 6534.0 1080000749
cell 1 8 1.19690263 1.42353417 0.1 0.09817477 2283.0 3383.0 3704.0 6534.0 1080000750
cell 1 8 1.19690263 1.52170894 0.1 0.09817477 2283.0 3383.0 3704.0 6534.0 1080000751
cell 1 8 1.19690263 1.61988371 0.1 0.09817477 2283.0 3383.0 3704.0 6534.0 1080000752
cell 1 8 1.19690263 1.71805848 0.1 0.09817477 2283.0 3383.0 3704.0 6534.0 1080000753
cell 1 8 1.19690263 1.81623325 0.1 0.09817477 2283.0 3383.0 3704.0 6534.0 1080000754
cell 1 8 1.19690263 1.91440802 0.1 0.09817477 2283.0 3383.0 3704.0 6534.0 1080000755
cell 1 8 1.19690263 2.01258279 0.1 0.09817477 2283.0 3383.0 3704.0 6534.0 1080000756
cell 1 8 1.19690263 2.11075756 0.1 0.09817477 2283.0 3383.0 3704.0 6534.0 1080000757
cell 1 8 1.19690263 2.20893233 0.1 0.09817477 2283.0 3383.0 3704.0 6534.0 1080000758
cell 1 8 1.19690263 2.3071071 0.1 0.09817477 2283.0 3383.0 3704.0 6534.0 1080000759
cell 1 8 1.19690263 2.40528188 0.1 0.09817477 2283.0 3383.0 3704.0 6534.0 1080000760
cell 1 8 1.19690263 2.50345665 0.1 0.09817477 2283.0 3383.0 3704.0 6534.0 1080000761
cell 1 8 1.19690263 2.60163142 0.1 0.09817477 2283.0 3383.0 3704.0 6534.0 1080000762
cell 1 8 1.19690263 2.69980619 0.1 0.09817477 2283.0 3383.0 3704.0 6534.0 1080000763
cell 1 8 1.19690263 2.79798096 0.1 0.09817477 2283.0 3383.0 3704.0 6534.0 1080000764
cell 1 8 1.19690263 2.89615573 0.1 0.09817477 2283.0 3383.0 3704.0 6534.0 1080000765
cell 1 8 1.19690263 2.9943305 0.1 0.09817477 2283.0 3383.0 3704.0 6534.0 1080000766
cell 1 8 1.19690263 3.09250527 0.1 0.09817477 2283.0 3383.0 3704.0 6534.0 1080000767
cell 1 8 1.29690263 -3.09250527 0.1 0.09817477 2283.0 3383.0 3704.0 6534.0 1080000768
cell 1 8 1.29690263 -2.9943305 0.1 0.09817477 2283.0 3383.0 3704.0 6534.0 1080000769
cell 1 8 1.29690263 -2.89615573 0.1 0.09817477 2283.0 3383.0 3704.0 6534.0 1080000770
cell 1 8 1.29690263 -2.79798096 0.1 0.09817477 2283.0 3383.0 3704.0 6534.0 1080000771
cell 1 8 1.29690263 -2.69980619 0.1 0.09817477 2283.0 3383.0 3704.0 6534.0 1080000772
cell 1 8 1.29690263 -2.60163142 0.1 0.09817477 2283.0 3383.0 3704.0 6534.0 1080000773
cell 1 8 1.29690263 -2.50345665 0.1 0.09817477 2283.0 3383.0 3704.0 6534.0 1080000774
cell 1 8 1.29690263 -2.40528188 0.1 0.09817477 2283.0 3383.0 3704.0 6534.0 1080000775
cell 1 8 1.29690263 -2.3071071 0.1 0.09817477 2283.0 3383.0 3704.0 6534.0 1080000776
cell 1 8 1.29690263 -2.20893233 0.1 0.09817477 2283.0 3383.0 3704.0 6534.0 1080000777
cell 1 8 1.29690263 -2.11075756 0.1 0.09817477 2283.0 3383.0 3704.0 6534.0 1080000778
cell 1 8 1.29690263 -2.01258279 0.1 0.09817477 2283.0 3383.0 3704.0 6534.0 1080000779
cell 1 8 1.29690263 -1.91440802 0.1 0.09817477 2283.0 3383.0 3704.0 6534.0 1080000780
cell 1 8 1.29690263 -1.81623325 0.1 0.09817477 2283.0 3383.0 3704.0 6534.0 1080000781
cell 1 8 1.29690263 -1.71805848 0.1 0.09817477 2283.0 3383.0 3704.0 6534.0 1080000782
cell 1 8 1.29690263 -1.61988371 0.1 0.09817477 2283.0 3383.0 3704.0 6534.0 1080000783
cell 1 8 1.29690263 -1.52170894 0.1 0.09817477 2283.0 3383.0 3704.0 6534.0 1080000784
cell 1 8 1.29690263 -1.42353417 0.1 0.09817477 2283.0 3383.0 3704.0 6534.0 1080000785
cell 1 8 1.29690263 -1.3253594 0.1 0.09817477 2283.0 3383.0 3704.0 6534.0 1080000786
cell 1 8 1.29690263 -1.22718463 0.1 0.09817477 2283.0 3383.0 3704.0 6534.0 1080000787
cell 1 8 1.29690263 -1.12900986 0.1 0.09817477 2283.0 3383.0 3704.0 6534.0 1080000788
cell 1 8 1.29690263 -1.03083509 0.1 0.09817477 2283.0 3383.0 3704.0 6534.0 1080000789
cell 1 8 1.29690263 -0.93266032 0.1 0.09817477 2283.0 3383.0 3704.0 6534.0 1080000790
cell 1 8 1.29690263 -0.83448555 0.1 0.09817477 2283.0 3383.0 3704.0 6534.0 1080000791
cell 1 8 1.29690263 -0.73631078 0.1 0.09817477 2283.0 3383.0 3704.0 6534.0 1080000792
cell 1 8 1.29690263 -0.63813601 0.1 0.09817477 2283.0 3383.0 3704.0 6534.0 1080000793
cell 1 8 1.29690263 -0.53996124 0.1 0.09817477 2283.0 3383.0 3704.0 6534.0 1080000794
cell 1 8 1.29690263 -0.44178647 0.1 0.09817477 2283.0 3383.0 3704.0 6534.0 1080000795
cell 1 8 1.29690263 -0.3436117 0.1 0.09817477 2283.0 3383.0 3704.0 6534.0 1080000796
cell 1 8 1.29690263 -0.24543693 0.1 0.09817477 2283.0 3383.0 3704.0 6534.0 1080000797
cell 1 8 1.29690263 -0.14726216 0.1 0.09817477 2283.0 3383.0 3704.0 6534.0 1080000798
cell 1 8 1.29690263 -0.04908739 0.1 0.09817477 2283.0 3383.0 3704.0 6534.0 1080000799
cell 1 8 1.29690263 0.04908739 0.1 0.09817477 2283.0 3383.0 3704.0 6534.0 1080000800
cell 1 8 1.29690263 0.14726216 0.1 0.09817477 2283.0 3383.0 3704.0 6534.0 1080000801
cell 1 8 1.29690263 0.24543693 0.1 0.09817477 2283.0 3383.0 3704.0 6534.0 1080000802
cell 1 8 1.29690263 0.3436117 0.1 0.09817477 2283.0 3383.0 3704.0 6534.0 1080000803
cell 1 8 1.29690263 0.44178647 0.1 0.09817477 2283.0 3383.0 3704.0 6534.0 1080000804
cell 1 8 1.29690263 0.53996124 0.1 0.09817477 2283.0 3383.0 3704.0 6534.0 1080000805
cell 1 8 1.29690263 0.63813601 0.1 0.09817477 2283.0 3383.0 3704.0 6534.0 1080000806
cell 1 8 1.29690263 0.73631078 0.1 0.09817477 2283.0 3383.0 3704.0 6534.0 1080000807
cell 1 8 1.29690263 0.83448555 0.1 0.09817477 2283.0 3383.0 3704.0 6534.0 1080000808
cell 1 8 1.29690263 0.93266032 0.1 0.09817477 2283.0 3383.0 3704.0 6534.0 1080000809
cell 1 8 1.29690263 1.03083509 0.1 0.09817477 2283.0 3383.0 3704.0 6534.0 1080000810
cell 1 8 1.29690263 1.12900986 0.1 0.09817477 2283.0 3383.0 3704.0 6534.0 1080000811
cell 1 8 1.29690263 1.22718463 0.1 0.09817477 2283.0 3383.0 3704.0 6534.0 1080000812
cell 1 8 1.29690263 1.3253594 0.1 0.09817477 2283.0 3383.0 3704.0 6534.0 1080000813
cell 1 8 1.29690263 1.42353417 0.1 0.09817477 2283.0 3383.0 3704.0 6534.0 1080000814
cell 1 8 1.29690263 1.52170894 0.1 0.09817477 2283.0 3383.0 3704.0 6534.0 1080000815
cell 1 8 1.29690263 1.61988371 0.1 0.09817477 2283.0 3383.0 3704.0 6534.0 1080000816
cell 1 8 1.29690263 1.71805848 0.1 0.09817477 2283.0 3383.0 3704.0 6534.0 1080000817
cell 1 8 1.29690263 1.81623325 0.1 0.09817477 2283.0 3383.0 3704.0 6534.0 1080000818
cell 1 8 1.29690263 1.91440802 0.1 0.09817477 2283.0 3383.0 3704.0 6534.0 1080000819
cell 1 8 1.29690263 2.01258279 0.1 0.09817477 2283.0 3383.0 3704.0 6534.0 1080000820
cell 1 8 1.29690263 2.11075756 0.1 0.09817477 2283.0 3383.0 3704.0 6534.0 1080000821
cell 1 8 1.29690263 2.20893233 0.1 0.09817477 2283.0 3383.0 3704.0 6534.0 1080000822
cell 1 8 1.29690263 2.3071071 0.1 0.09817477 2283.0 3383.0 3704.0 6534.0 1080000823
cell 1 8 1.29690263 2.40528188 0.1 0.09817477 2283.0 3383.0 3704.0 6534.0 1080000824
cell 1 8 1.29690263 2.50345665 0.1 0.09817477 2283.0 3383.0 3704.0 6534.0 1080000825
cell 1 8 1.29690263 2.60163142 0.1 0.09817477 2283.0 3383.0 3704.0 6534.0 1080000826
cell 1 8 1.29690263 2.69980619 0.1 0.09817477 2283.0 3383.0 3704.0 6534.0 1080000827
cell 1 8 1.29690263 2.79798096 0.1 0.09817477 2283.0 3383.0 3704.0 6534.0 1080000828
cell 1 8 1.29690263 2.89615573 0.1 0.09817477 2283.0 3383.0 3704.0 6534.0 1080000829
cell 1 8 1.29690263 2.9943305 0.1 0.09817477 2283.0 3383.0 3704.0 6534.0 1080000830
cell 1 8 1.29690263 3.09250527 0.1 0.09817477 2283.0 3383.0 3704.0 6534.0 1080000831
cell 1 8 1.39690263 -3.09250527 0.1 0.09817477 2283.0 3383.0 3704.0 6534.0 1080000832
cell 1 8 1.39690263 -2.9943305 0.1 0.09817477 2283.0 3383.0 3704.0 6534.0 1080000833
cell 1 8 1.39690263 -2.89615573 0.1 0.09817477 2283.0 3383.0 3704.0 6534.0 1080000834
cell 1 8 1.39690263 -2.79798096 0.1 0.09817477 2283.0 3383.0 3704.0 6534.0 1080000835
cell 1 8 1.39690263 -2.69980619 0.1 0.09817477 2283.0 3383.0 3704.0 6534.0 1080000836
cell 1 8 1.39690263 -2.60163142 0.1 0.09817477 2283.0 3383.0 3704.0 6534.0 1080000837
cell 1 8 1.39690263 -2.50345665 0.1 0.09817477 2283.0 3383.0 3704.0 6534.0 1080000838
cell 1 8 1.39690263 -2.40528188 0.1 0.09817477 2283.0 3383.0 3704.0 6534.0 1080000839
cell 1 8 1.39690263 -2.3071071 0.1 0.09817477 2283.0 3383.0 3704.0 6534.0 1080000840
cell 1 8 1.39690263 -2.20893233 0.1 0.09817477 2283.0 3383.0 3704.0 6534.0 1080000841
cell 1 8 1.39690263 -2.11075756 0.1 0.09817477 2283.0 3383.0 3704.0 6534.0 1080000842
cell 1 8 1.39690263 -2.01258279 0.1 0.09817477 2283.0 3383.0 3704.0 6534.0 1080000843
cell 1 8 1.39690263 -1.91440802 0.1 0.09817477 2283.0 3383.0 3704.0 6534.0 1080000844
cell 1 8 1.39690263 -1.81623325 0.1 0.09817477 2283.0 3383.0 3704.0 6534.0 1080000845
cell 1 8 1.39690263 -1.71805848 0.1 0.09817477 2283.0 3383.0 3704.0 6534.0 1080000846
cell 1 8 1.39690263 -1.61988371 0.1 0.09817477 2283.0 3383.0 3704.0 6534.0 1080000847
cell 1 8 1.39690263 -1.52170894 0.1 0.09817477 2283.0 3383.0 3704.0 6534.0 1080000848
cell 1 8 1.39690263 -1.42353417 0.1 0.09817477 2283.0 3383.0 3704.0 6534.0 1080000849
cell 1 8 1.39690263 -1.3253594 0.1 0.09817477 2283.0 3383.0 3704.0 6534.0 1080000850
cell 1 8 1.39690263 -1.22718463 0.1 0.09817477 2283.0 3383.0 3704.0 6534.0 1080000851
cell 1 8 1.39690263 -1.12900986 0.1 0.09817477 2283.0 3383.0 3704.0 6534.0 1080000852
cell 1 8 1.39690263 -1.03083509 0.1 0.09817477 2283.0 3383.0 3704.0 6534.0 1080000853
cell 1 8 1.39690263 -0.93266032 0.1 0.09817477 2283.0 3383.0 3704.0 6534.0 1080000854
cell 1 8 1.39690263 -0.83448555 0.1 0.09817477 2283.0 3383.0 3704.0 6534.0 1080000855
cell 1 8 1.39690263 -0.73631078 0.1 0.09817477 2283.0 3383.0 3704.0 6534.0 1080000856
cell 1 8 1.39690263 -0.63813601 0.1 0.09817477 2283.0 3383.0 3704.0 6534.0 1080000857
cell 1 8 1.39690263 -0.53996124 0.1 0.09817477 2283.0 3383.0 3704.0 6534.0 1080000858
cell 1 8 1.39690263 -0.44178647 0.1 0.09817477 2283.0 3383.0 3704.0 6534.0 1080000859
cell 1 8 1.39690263 -0.3436117 0.1 0.09817477 2283.0 3383.0 3704.0 6534.0 1080000860
cell 1 8 1.39690263 -0.24543693 0.1 0.09817477 2283.0 3383.0 3704.0 6534.0 1080000861
cell 1 8 1.39690263 -0.14726216 0.1 0.09817477 2283.0 3383.0 3704.0 6534.0 1080000862
cell 1 8 1.39690263 -0.04908739 0.1 0.09817477 2283.0 3383.0 3704.0 6534.0 1080000863
cell 1 8 1.39690263 0.04908739 0.1 0.09817477 2283.0 3383.0 3704.0 6534.0 1080000864
cell 1 8 1.39690263 0.14726216 0.1 0.09817477 2283.0 3383.0 3704.0 6534.0 1080000865
cell 1 8 1.39690263 0.24543693 0.1 0.09817477 2283.0 3383.0 3704.0 6534.0 1080000866
cell 1 8 1.39690263 0.3436117 0.1 0.09817477 2283.0 3383.0 3704.0 6534.0 1080000867
cell 1 8 1.39690263 0.44178647 0.1 0.09817477 2283.0 3383.0 3704.0 6534.0 1080000868
cell 1 8 1.39690263 0.53996124 0.1 0.09817477 2283.0 3383.0 3704.0 6534.0 1080000869
cell 1 8 1.39690263 0.63813601 0.1 0.09817477 2283.0 3383.0 3704.0 6534.0 1080000870
cell 1 8 1.39690263 0.73631078 0.1 0.09817477 2283.0 3383.0 3704.0 6534.0 1080000871
cell 1 8 1.39690263 0.83448555 0.1 0.09817477 2283.0 3383.0 3704.0 6534.0 1080000872
cell 1 8 1.39690263 0.93266032 0.1 0.09817477 2283.0 3383.0 3704.0 6534.0 1080000873
cell 1 8 1.39690263 1.03083509 0.1 0.09817477 2283.0 3383.0 3704.0 6534.0 1080000874
cell 1 8 1.39690263 1.12900986 0.1 0.09817477 2283.0 3383.0 3704.0 6534.0 1080000875
cell 1 8 1.39690263 1.22718463 0.1 0.09817477 2283.0 3383.0 3704.0 6534.0 1080000876
cell 1 8 1.39690263 1.3253594 0.1 0.09817477 2283.0 3383.0 3704.0 6534.0 1080000877
cell 1 8 1.39690263 1.42353417 0.1 0.09817477 2283.0 3383.0 3704.0 6534.0 1080000878
cell 1 8 1.39690263 1.52170894 0.1 0.09817477 2283.0 3383.0 3704.0 6534.0 1080000879
cell 1 8 1.39690263 1.61988371 0.1 0.09817477 2283.0 3383.0 3704.0 6534.0 1080000880
cell 1 8 1.39690263 1.71805848 0.1 0.09817477 2283.0 3383.0 3704.0 6534.0 1080000881
cell 1 8 1.39690263 1.81623325 0.1 0.09817477 2283.0 3383.0 3704.0 6534.0 1080000882
cell 1 8 1.39690263 1.91440802 0.1 0.09817477 2283.0 3383.0 3704.0 6534.0 1080000883
cell 1 8 1.39690263 2.01258279 0.1 0.09817477 2283.0 3383.0 3704.0 6534.0 1080000884
cell 1 8 1.39690263 2.11075756 0.1 0.09817477 2283.0 3383.0 3704.0 6534.0 1080000885
cell 1 8 1.39690263 2.20893233 0.1 0.09817477 2283.0 3383.0 3704.0 6534.0 1080000886
cell 1 8 1.39690263 2.3071071 0.1 0.09817477 2283.0 3383.0 3704.0 6534.0 1080000887
cell 1 8 1.39690263 2.40528188 0.1 0.09817477 2283.0 3383.0 3704.0 6534.0 1080000888
cell 1 8 1.39690263 2.50345665 0.1 0.09817477 2283.0 3383.0 3704.0 6534.0 1080000889
cell 1 8 1.39690263 2.60163142 0.1 0.09817477 2283.0 3383.0 3704.0 6534.0 1080000890
cell 1 8 1.39690263 2.69980619 0.1 0.09817477 2283.0 3383.0 3704.0 6534.0 1080000891
cell 1 8 1.39690263 2.79798096 0.1 0.09817477 2283.0 3383.0 3704.0 6534.0 1080000892
cell 1 8 1.39690263 2.89615573 0.1 0.09817477 2283.0 3383.0 3704.0 6534.0 1080000893
cell 1 8 1.39690263 2.9943305 0.1 0.09817477 2283.0 3383.0 3704.0 6534.0 1080000894
cell 1 8 1.39690263 3.09250527 0.1 0.09817477 2283.0 3383.0 3704.0 6534.0 1080000895
cell 1 8 1.49690263 -3.09250527 0.1 0.09817477 2283.0 3383.0 3704.0 6534.0 1080000896
cell 1 8 1.49690263 -2.9943305 0.1 0.09817477 2283.0 3383.0 3704.0 6534.0 1080000897
cell 1 8 1.49690263 -2.89615573 0.1 0.09817477 2283.0 3383.0 3704.0 6534.0 1080000898
cell 1 8 1.49690263 -2.79798096 0.1 0.09817477 2283.0 3383.0 3704.0 6534.0 1080000899
cell 1 8 1.49690263 -2.69980619 0.1 0.09817477 2283.0 3383.0 3704.0 6534.0 1080000900
cell 1 8 1.49690263 -2.60163142 0.1 0.09817477 2283.0 3383.0 3704.0 6534.0 1080000901
cell 1 8 1.49690263 -2.50345665 0.1 0.09817477 2283.0 3383.0 3704.0 6534.0 1080000902
cell 1 8 1.49690263 -2.40528188 0.1 0.09817477 2283.0 3383.0 3704.0 6534.0 1080000903
cell 1 8 1.49690263 -2.3071071 0.1 0.09817477 2283.0 3383.0 3704.0 6534.0 1080000904
cell 1 8 1.49690263 -2.20893233 0.1 0.09817477 2283.0 3383.0 3704.0 6534.0 1080000905
cell 1 8 1.49690263 -2.11075756 0.1 0.09817477 2283.0 3383.0 3704.0 6534.0 1080000906
cell 1 8 1.49690263 -2.01258279 0.1 0.09817477 2283.0 3383.0 3704.0 6534.0 1080000907
cell 1 8 1.49690263 -1.91440802 0.1 0.09817477 2283.0 3383.0 3704.0 6534.0 1080000908
cell 1 8 1.49690263 -1.81623325 0.1 0.09817477 2283.0 3383.0 3704.0 6534.0 1080000909
cell 1 8 1.49690263 -1.71805848 0.1 0.09817477 2283.0 3383.0 3704.0 6534.0 1080000910
cell 1 8 1.49690263 -1.61988371 0.1 0.09817477 2283.0 3383.0 3704.0 6534.0 1080000911
cell 1 8 1.49690263 -1.52170894 0.1 0.09817477 2283.0 3383.0 3704.0 6534.0 1080000912
cell 1 8 1.49690263 -1.42353417 0.1 0.09817477 2283.0 3383.0 3704.0 6534.0 1080000913
cell 1 8 1.49690263 -1.3253594 0.1 0.09817477 2283.0 3383.0 3704.0 6534.0 1080000914
cell 1 8 1.49690263 -1.22718463 0.1 0.09817477 2283.0 3383.0 3704.0 6534.0 1080000915
cell 1 8 1.49690263 -1.12900986 0.1 0.09817477 2283.0 3383.0 3704.0 6534.0 1080000916
cell 1 8 1.49690263 -1.03083509 0.1 0.09817477 2283.0 3383.0 3704.0 6534.0 1080000917
cell 1 8 1.49690263 -0.93266032 0.1 0.09817477 2283.0 3383.0 3704.0 6534.0 1080000918
cell 1 8 1.49690263 -0.83448555 0.1 0.09817477 2283.0 3383.0 3704.0 6534.0 1080000919
cell 1 8 1.49690263 -0.73631078 0.1 0.09817477 2283.0 3383.0 3704.0 6534.0 1080000920
cell 1 8 1.49690263 -0.63813601 0.1 0.09817477 2283.0 3383.0 3704.0 6534.0 1080000921
cell 1 8 1.49690263 -0.53996124 0.1 0.09817477 2283.0 3383.0 3704.0 6534.0 1080000922
cell 1 8 1.49690263 -0.44178647 0.1 0.09817477 2283.0 3383.0 3704.0 6534.0 1080000923
cell 1 8 1.49690263 -0.3436117 0.1 0.09817477 2283.0 3383.0 3704.0 6534.0 1080000924
cell 1 8 1.49690263 -0.24543693 0.1 0.09817477 2283.0 3383.0 3704.0 6534.0 1080000925
cell 1 8 1.49690263 -0.14726216 0.1 0.09817477 2283.0 3383.0 3704.0 6534.0 1080000926
cell 1 8 1.49690263 -0.04908739 0.1 0.09817477 2283.0 3383.0 3704.0 6534.0 1080000927
cell 1 8 1.49690263 0.04908739 0.1 0.09817477 2283.0 3383.0 3704.0 6534.0 1080000928
cell 1 8 1.49690263 0.14726216 0.1 0.09817477 2283.0 3383.0 3704.0 6534.0 1080000929
cell 1 8 1.49690263 0.24543693 0.1 0.09817477 2283.0 3383.0 3704.0 6534.0 1080000930
cell 1 8 1.49690263 0.3436117 0.1 0.09817477 2283.0 3383.0 3704.0 6534.0 1080000931
cell 1 8 1.49690263 0.44178647 0.1 0.09817477 2283.0 3383.0 3704.0 6534.0 1080000932
cell 1 8 1.49690263 0.53996124 0.1 0.09817477 2283.0 3383.0 3704.0 6534.0 1080000933
cell 1 8 1.49690263 0.63813601 0.1 0.09817477 2283.0 3383.0 3704.0 6534.0 1080000934
cell 1 8 1.49690263 0.73631078 0.1 0.09817477 2283.0 3383.0 3704.0 6534.0 1080000935
cell 1 8 1.49690263 0.83448555 0.1 0.09817477 2283.0 3383.0 3704.0 6534.0 1080000936
cell 1 8 1.49690263 0.93266032 0.1 0.09817477 2283.0 3383.0 3704.0 6534.0 1080000937
cell 1 8 1.49690263 1.03083509 0.1 0.09817477 2283.0 3383.0 3704.0 6534.0 1080000938
cell 1 8 1.49690263 1.12900986 0.1 0.09817477 2283.0 3383.0 3704.0 6534.0 1080000939
cell 1 8 1.49690263 1.22718463 0.1 0.09817477 2283.0 3383.0 3704.0 6534.0 1080000940
cell 1 8 1.49690263 1.3253594 0.1 0.09817477 2283.0 3383.0 3704.0 6534.0 1080000941
cell 1 8 1.49690263 1.42353417 0.1 0.09817477 2283.0 3383.0 3704.0 6534.0 1080000942
cell 1 8 1.49690263 1.52170894 0.1 0.09817477 2283.0 3383.0 3704.0 6534.0 1080000943
cell 1 8 1.49690263 1.61988371 0.1 0.09817477 2283.0 3383.0 3704.0 6534.0 1080000944
cell 1 8 1.49690263 1.71805848 0.1 0.09817477 2283.0 3383.0 3704.0 6534.0 1080000945
cell 1 8 1.49690263 1.81623325 0.1 0.09817477 2283.0 3383.0 3704.0 6534.0 1080000946
cell 1 8 1.49690263 1.91440802 0.1 0.09817477 2283.0 3383.0 3704.0 6534.0 1080000947
cell 1 8 1.49690263 2.01258279 0.1 0.09817477 2283.0 3383.0 3704.0 6534.0 1080000948
cell 1 8 1.49690263 2.11075756 0.1 0.09817477 2283.0 3383.0 3704.0 6534.0 1080000949
cell 1 8 1.49690263 2.20893233 0.1 0.09817477 2283.0 3383.0 3704.0 6534.0 1080000950
cell 1 8 1.49690263 2.3071071 0.1 0.09817477 2283.0 3383.0 3704.0 6534.0 1080000951
cell 1 8 1.49690263 2.40528188 0.1 0.09817477 2283.0 3383.0 3704.0 6534.0 1080000952
cell 1 8 1.49690263 2.50345665 0.1 0.09817477 2283.0 3383.0 3704.0 6534.0 1080000953
cell 1 8 1.49690263 2.60163142 0.1 0.09817477 2283.0 3383.0 3704.0 6534.0 1080000954
cell 1 8 1.49690263 2.69980619 0.1 0.09817477 2283.0 3383.0 3704.0 6534.0 1080000955
cell 1 8 1.49690263 2.79798096 0.1 0.09817477 2283.0 3383.0 3704.0 6534.0 1080000956
cell 1 8 1.49690263 2.89615573 0.1 0.09817477 2283.0 3383.0 3704.0 6534.0 1080000957
cell 1 8 1.49690263 2.9943305 0.1 0.09817477 2283.0 3383.0 3704.0 6534.0 1080000958
cell 1 8 1.49690263 3.09250527 0.1 0.09817477 2283.0 3383.0 3704.0 6534.0 1080000959
cell 1 8 1.59690263 -3.09250527 0.1 0.09817477 2283.0 3383.0 3704.0 6534.0 1080000960
cell 1 8 1.59690263 -2.9943305 0.1 0.09817477 2283.0 3383.0 3704.0 6534.0 1080000961
cell 1 8 1.59690263 -2.89615573 0.1 0.09817477 2283.0 3383.0 3704.0 6534.0 1080000962
cell 1 8 1.59690263 -2.79798096 0.1 0.09817477 2283.0 3383.0 3704.0 6534.0 1080000963
cell 1 8 1.59690263 -2.69980619 0.1 0.09817477 2283.0 3383.0 3704.0 6534.0 1080000964
cell 1 8 1.59690263 -2.60163142 0.1 0.09817477 2283.0 3383.0 3704.0 6534.0 1080000965
cell 1 8 1.59690263 -2.50345665 0.1 0.09817477 2283.0 3383.0 3704.0 6534.0 1080000966
cell 1 8 1.59690263 -2.40528188 0.1 0.09817477 2283.0 3383.0 3704.0 6534.0 1080000967
cell 1 8 1.59690263 -2.3071071 0.1 0.09817477 2283.0 3383.0 3704.0 6534.0 1080000968
cell 1 8 1.59690263 -2.20893233 0.1 0.09817477 2283.0 3383.0 3704.0 6534.0 1080000969
cell 1 8 1.59690263 -2.11075756 0.1 0.09817477 2283.0 3383.0 3704.0 6534.0 1080000970
cell 1 8 1.59690263 -2.01258279 0.1 0.09817477 2283.0 3383.0 3704.0 6534.0 1080000971
cell 1 8 1.59690263 -1.91440802 0.1 0.09817477 2283.0 3383.0 3704.0 6534.0 1080000972
cell 1 8 1.59690263 -1.81623325 0.1 0.09817477 2283.0 3383.0 3704.0 6534.0 1080000973
cell 1 8 1.59690263 -1.71805848 0.1 0.09817477 2283.0 3383.0 3704.0 6534.0 1080000974
cell 1 8 1.59690263 -1.61988371 0.1 0.09817477 2283.0 3383.0 3704.0 6534.0 1080000975
cell 1 8 1.59690263 -1.52170894 0.1 0.09817477 2283.0 3383.0 3704.0 6534.0 1080000976
cell 1 8 1.59690263 -1.42353417 0.1 0.09817477 2283.0 3383.0 3704.0 6534.0 1080000977
cell 1 8 1.59690263 -1.3253594 0.1 0.09817477 2283.0 3383.0 3704.0 6534.0 1080000978
cell 1 8 1.59690263 -1.22718463 0.1 0.09817477 2283.0 3383.0 3704.0 6534.0 1080000979
cell 1 8 1.59690263 -1.12900986 0.1 0.09817477 2283.0 3383.0 3704.0 6534.0 1080000980
cell 1 8 1.59690263 -1.03083509 0.1 0.09817477 2283.0 3383.0 3704.0 6534.0 1080000981
cell 1 8 1.59690263 -0.93266032 0.1 0.09817477 2283.0 3383.0 3704.0 6534.0 1080000982
cell 1 8 1.59690263 -0.83448555 0.1 0.09817477 2283.0 3383.0 3704.0 6534.0 1080000983
cell 1 8 1.59690263 -0.73631078 0.1 0.09817477 2283.0 3383.0 3704.0 6534.0 1080000984
cell 1 8 1.59690263 -0.63813601 0.1 0.09817477 2283.0 3383.0 3704.0 6534.0 1080000985
cell 1 8 1.59690263 -0.53996124 0.1 0.09817477 2283.0 3383.0 3704.0 6534.0 1080000986
cell 1 8 1.59690263 -0.44178647 0.1 0.09817477 2283.0 3383.0 3704.0 6534.0 1080000987
cell 1 8 1.59690263 -0.3436117 0.1 0.09817477 2283.0 3383.0 3704.0 6534.0 1080000988
cell 1 8 1.59690263 -0.24543693 0.1 0.09817477 2283.0 3383.0 3704.0 6534.0 1080000989
cell 1 8 1.59690263 -0.14726216 0.1 0.09817477 2283.0 3383.0 3704.0 6534.0 1080000990
cell 1 8 1.59690263 -0.04908739 0.1 0.09817477 2283.0 3383.0 3704.0 6534.0 1080000991
cell 1 8 1.59690263 0.04908739 0.1 0.09817477 2283.0 3383.0 3704.0 6534.0 1080000992
cell 1 8 1.59690263 0.14726216 0.1 0.09817477 2283.0 3383.0 3704.0 6534.0 1080000993
cell 1 8 1.59690263 0.24543693 0.1 0.09817477 2283.0 3383.0 3704.0 6534.0 1080000994
cell 1 8 1.59690263 0.3436117 0.1 0.09817477 2283.0 3383.0 3704.0 6534.0 1080000995
cell 1 8 1.59690263 0.44178647 0.1 0.09817477 2283.0 3383.0 3704.0 6534.0 1080000996
cell 1 8 1.59690263 0.53996124 0.1 0.09817477 2283.0 3383.0 3704.0 6534.0 1080000997
cell 1 8 1.59690263 0.63813601 0.1 0.09817477 2283.0 3383.0 3704.0 6534.0 1080000998
cell 1 8 1.59690263 0.73631078 0.1 0.09817477 2283.0 3383.0 3704.0 6534.0 1080000999
cell 1 8 1.59690263 0.83448555 0.1 0.09817477 2283.0 3383.0 3704.0 6534.0 1080001000
cell 1 8 1.59690263 0.93266032 0.1 0.09817477 2283.0 3383.0 3704.0 6534.0 1080001001
cell 1 8 1.59690263 1.03083509 0.1 0.09817477 2283.0 3383.0 3704.0 6534.0 1080001002
cell 1 8 1.59690263 1.12900986 0.1 0.09817477 2283.0 3383.0 3704.0 6534.0 1080001003
cell 1 8 1.59690263 1.22718463 0.1 0.09817477 2283.0 3383.0 3704.0 6534.0 1080001004
cell 1 8 1.59690263 1.3253594 0.1 0.09817477 2283.0 3383.0 3704.0 6534.0 1080001005
cell 1 8 1.59690263 1.42353417 0.1 0.09817477 2283.0 3383.0 3704.0 6534.0 1080001006
cell 1 8 1.59690263 1.52170894 0.1 0.09817477 2283.0 3383.0 3704.0 6534.0 1080001007
cell 1 8 1.59690263 1.61988371 0.1 0.09817477 2283.0 3383.0 3704.0 6534.0 1080001008
cell 1 8 1.59690263 1.71805848 0.1 0.09817477 2283.0 3383.0 3704.0 6534.0 1080001009
cell 1 8 1.59690263 1.81623325 0.1 0.09817477 2283.0 3383.0 3704.0 6534.0 1080001010
cell 1 8 1.59690263 1.91440802 0.1 0.09817477 2283.0 3383.0 3704.0 6534.0 1080001011
cell 1 8 1.59690263 2.01258279 0.1 0.09817477 2283.0 3383.0 3704.0 6534.0 1080001012
cell 1 8 1.59690263 2.11075756 0.1 0.09817477 2283.0 3383.0 3704.0 6534.0 1080001013
cell 1 8 1.59690263 2.20893233 0.1 0.09817477 2283.0 3383.0 3704.0 6534.0 1080001014
cell 1 8 1.59690263 2.3071071 0.1 0.09817477 2283.0 3383.0 3704.0 6534.0 1080001015
cell 1 8 1.59690263 2.40528188 0.1 0.09817477 2283.0 3383.0 3704.0 6534.0 1080001016
cell 1 8 1.59690263 2.50345665 0.1 0.09817477 2283.0 3383.0 3704.0 6534.0 1080001017
cell 1 8 1.59690263 2.60163142 0.1 0.09817477 2283.0 3383.0 3704.0 6534.0 1080001018
cell 1 8 1.59690263 2.69980619 0.1 0.09817477 2283.0 3383.0 3704.0 6534.0 1080001019
cell 1 8 1.59690263 2.79798096 0.1 0.09817477 2283.0 3383.0 3704.0 6534.0 1080001020
cell 1 8 1.59690263 2.89615573 0.1 0.09817477 2283.0 3383.0 3704.0 6534.0 1080001021
cell 1 8 1.59690263 2.9943305 0.1 0.09817477 2283.0 3383.0 3704.0 6534.0 1080001022
cell 1 8 1.59690263 3.09250527 0.1 0.09817477 2283.0 3383.0 3704.0 6534.0 1080001023
cell 1 8 1.69690263 -3.09250527 0.1 0.09817477 2283.0 3383.0 3704.0 6534.0 1080001024
cell 1 8 1.69690263 -2.9943305 0.1 0.09817477 2283.0 3383.0 3704.0 6534.0 1080001025
cell 1 8 1.69690263 -2.89615573 0.1 0.09817477 2283.0 3383.0 3704.0 6534.0 1080001026
cell 1 8 1.69690263 -2.79798096 0.1 0.09817477 2283.0 3383.0 3704.0 6534.0 1080001027
cell 1 8 1.69690263 -2.69980619 0.1 0.09817477 2283.0 3383.0 3704.0 6534.0 1080001028
cell 1 8 1.69690263 -2.60163142 0.1 0.09817477 2283.0 3383.0 3704.0 6534.0 1080001029
cell 1 8 1.69690263 -2.50345665 0.1 0.09817477 2283.0 3383.0 3704.0 6534.0 1080001030
cell 1 8 1.69690263 -2.40528188 0.1 0.09817477 2283.0 3383.0 3704.0 6534.0 1080001031
cell 1 8 1.69690263 -2.3071071 0.1 0.09817477 2283.0 3383.0 3704.0 6534.0 1080001032
cell 1 8 1.69690263 -2.20893233 0.1 0.09817477 2283.0 3383.0 3704.0 6534.0 1080001033
cell 1 8 1.69690263 -2.11075756 0.1 0.09817477 2283.0 3383.0 3704.0 6534.0 1080001034
cell 1 8 1.69690263 -2.01258279 0.1 0.09817477 2283.0 3383.0 3704.0 6534.0 1080001035
cell 1 8 1.69690263 -1.91440802 0.1 0.09817477 2283.0 3383.0 3704.0 6534.0 1080001036
cell 1 8 1.69690263 -1.81623325 0.1 0.09817477 2283.0 3383.0 3704.0 6534.0 1080001037
cell 1 8 1.69690263 -1.71805848 0.1 0.09817477 2283.0 3383.0 3704.0 6534.0 1080001038
cell 1 8 1.69690263 -1.61988371 0.1 0.09817477 2283.0 3383.0 3704.0 6534.0 1080001039
cell 1 8 1.69690263 -1.52170894 0.1 0.09817477 2283.0 3383.0 3704.0 6534.0 1080001040
cell 1 8 1.69690263 -1.42353417 0.1 0.09817477 2283.0 3383.0 3704.0 6534.0 1080001041
cell 1 8 1.69690263 -1.3253594 0.1 0.09817477 2283.0 3383.0 3704.0 6534.0 1080001042
cell 1 8 1.69690263 -1.22718463 0.1 0.09817477 2283.0 3383.0 3704.0 6534.0 1080001043
cell 1 8 1.69690263 -1.12900986 0.1 0.09817477 2283.0 3383.0 3704.0 6534.0 1080001044
cell 1 8 1.69690263 -1.03083509 0.1 0.09817477 2283.0 3383.0 3704.0 6534.0 1080001045
cell 1 8 1.69690263 -0.93266032 0.1 0.09817477 2283.0 3383.0 3704.0 6534.0 1080001046
cell 1 8 1.69690263 -0.83448555 0.1 0.09817477 2283.0 3383.0 3704.0 6534.0 1080001047
cell 1 8 1.69690263 -0.73631078 0.1 0.09817477 2283.0 3383.0 3704.0 6534.0 1080001048
cell 1 8 1.69690263 -0.63813601 0.1 0.09817477 2283.0 3383.0 3704.0 6534.0 1080001049
cell 1 8 1.69690263 -0.53996124 0.1 0.09817477 2283.0 3383.0 3704.0 6534.0 1080001050
cell 1 8 1.69690263 -0.44178647 0.1 0.09817477 2283.0 3383.0 3704.0 6534.0 1080001051
cell 1 8 1.69690263 -0.3436117 0.1 0.09817477 2283.0 3383.0 3704.0 6534.0 1080001052
cell 1 8 1.69690263 -0.24543693 0.1 0.09817477 2283.0 3383.0 3704.0 6534.0 1080001053
cell 1 8 1.69690263 -0.14726216 0.1 0.09817477 2283.0 3383.0 3704.0 6534.0 1080001054
cell 1 8 1.69690263 -0.04908739 0.1 0.09817477 2283.0 3383.0 3704.0 6534.0 1080001055
cell 1 8 1.69690263 0.04908739 0.1 0.09817477 2283.0 3383.0 3704.0 6534.0 1080001056
cell 1 8 1.69690263 0.14726216 0.1 0.09817477 2283.0 3383.0 3704.0 6534.0 1080001057
cell 1 8 1.69690263 0.24543693 0.1 0.09817477 2283.0 3383.0 3704.0 6534.0 1080001058
cell 1 8 1.69690263 0.3436117 0.1 0.09817477 2283.0 3383.0 3704.0 6534.0 1080001059
cell 1 8 1.69690263 0.44178647 0.1 0.09817477 2283.0 3383.0 3704.0 6534.0 1080001060
cell 1 8 1.69690263 0.53996124 0.1 0.09817477 2283.0 3383.0 3704.0 6534.0 1080001061
cell 1 8 1.69690263 0.63813601 0.1 0.09817477 2283.0 3383.0 3704.0 6534.0 1080001062
cell 1 8 1.69690263 0.73631078 0.1 0.09817477 2283.0 3383.0 3704.0 6534.0 1080001063
cell 1 8 1.69690263 0.83448555 0.1 0.09817477 2283.0 3383.0 3704.0 6534.0 1080001064
cell 1 8 1.69690263 0.93266032 0.1 0.09817477 2283.0 3383.0 3704.0 6534.0 1080001065
cell 1 8 1.69690263 1.03083509 0.1 0.09817477 2283.0 3383.0 3704.0 6534.0 1080001066
cell 1 8 1.69690263 1.12900986 0.1 0.09817477 2283.0 3383.0 3704.0 6534.0 1080001067
cell 1 8 1.69690263 1.22718463 0.1 0.09817477 2283.0 3383.0 3704.0 6534.0 1080001068
cell 1 8 1.69690263 1.3253594 0.1 0.09817477 2283.0 3383.0 3704.0 6534.0 1080001069
cell 1 8 1.69690263 1.42353417 0.1 0.09817477 2283.0 3383.0 3704.0 6534.0 1080001070
cell 1 8 1.69690263 1.52170894 0.1 0.09817477 2283.0 3383.0 3704.0 6534.0 1080001071
cell 1 8 1.69690263 1.61988371 0.1 0.09817477 2283.0 3383.0 3704.0 6534.0 1080001072
cell 1 8 1.69690263 1.71805848 0.1 0.09817477 2283.0 3383.0 3704.0 6534.0 1080001073
cell 1 8 1.69690263 1.81623325 0.1 0.09817477 2283.0 3383.0 3704.0 6534.0 1080001074
cell 1 8 1.69690263 1.91440802 0.1 0.09817477 2283.0 3383.0 3704.0 6534.0 1080001075
cell 1 8 1.69690263 2.01258279 0.1 0.09817477 2283.0 3383.0 3704.0 6534.0 1080001076
cell 1 8 1.69690263 2.11075756 0.1 0.09817477 2283.0 3383.0 3704.0 6534.0 1080001077
cell 1 8 1.69690263 2.20893233 0.1 0.09817477 2283.0 3383.0 3704.0 6534.0 1080001078
cell 1 8 1.69690263 2.3071071 0.1 0.09817477 2283.0 3383.0 3704.0 6534.0 1080001079
cell 1 8 1.69690263 2.40528188 0.1 0.09817477 2283.0 3383.0 3704.0 6534.0 1080001080
cell 1 8 1.69690263 2.50345665 0.1 0.09817477 2283.0 3383.0 3704.0 6534.0 1080001081
cell 1 8 1.69690263 2.60163142 0.1 0.09817477 2283.0 3383.0 3704.0 6534.0 1080001082
cell 1 8 1.69690263 2.69980619 0.1 0.09817477 2283.0 3383.0 3704.0 6534.0 1080001083
cell 1 8 1.69690263 2.79798096 0.1 0.09817477 2283.0 3383.0 3704.0 6534.0 1080001084
cell 1 8 1.69690263 2.89615573 0.1 0.09817477 2283.0 3383.0 3704.0 6534.0 1080001085
cell 1 8 1.69690263 2.9943305 0.1 0.09817477 2283.0 3383.0 3704.0 6534.0 1080001086
cell 1 8 1.69690263 3.09250527 0.1 0.09817477 2283.0 3383.0 3704.0 6534.0 1080001087
