# sample segmentation eta phi delta_eta delta_phi rmin rmax zmin zmax
config 8 0 0.84839862 1.4125389 3383.0 3883.0 3704.0 6534.0
eta_bins -1.3484 -1.2484 -1.1484 -1.0484 -0.9484 0.8484 0.9484 1.0484 1.1484 1.2484 1.3484
phi_bins -3.1416 -3.0434 -2.9452 -2.8471 -2.7489 -2.6507 -2.5525 -2.4544 -2.3562 -2.258 -2.1598 -2.0617 -1.9635 -1.8653 -1.7671 -1.669 -1.5708 -1.4726 -1.3744 -1.2763 -1.1781 -1.0799 -0.9817 -0.8836 -0.7854 -0.6872 -0.589 -0.4909 -0.3927 -0.2945 -0.1963 -0.0982 0.0 0.0982 0.1963 0.2945 0.3927 0.4909 0.589 0.6872 0.7854 0.8836 0.9817 1.0799 1.1781 1.2763 1.3744 1.4726 1.5708 1.669 1.7671 1.8653 1.9635 2.0617 2.1598 2.258 2.3562 2.4544 2.5525 2.6507 2.7489 2.8471 2.9452 3.0434 3.1416
cell 8 -1.29839862 -3.09250527 0.1 0.09817477 3383.0 3883.0 3704.0 6534.0 80000000
cell 8 -1.29839862 -2.9943305 0.1 0.09817477 3383.0 3883.0 3704.0 6534.0 80000001
cell 8 -1.29839862 -2.89615573 0.1 0.09817477 3383.0 3883.0 3704.0 6534.0 80000002
cell 8 -1.29839862 -2.79798096 0.1 0.09817477 3383.0 3883.0 3704.0 6534.0 80000003
cell 8 -1.29839862 -2.69980619 0.1 0.09817477 3383.0 3883.0 3704.0 6534.0 80000004
cell 8 -1.29839862 -2.60163142 0.1 0.09817477 3383.0 3883.0 3704.0 6534.0 80000005
cell 8 -1.29839862 -2.50345665 0.1 0.09817477 3383.0 3883.0 3704.0 6534.0 80000006
cell 8 -1.29839862 -2.40528188 0.1 0.09817477 3383.0 3883.0 3704.0 6534.0 80000007
cell 8 -1.29839862 -2.3071071 0.1 0.09817477 3383.0 3883.0 3704.0 6534.0 80000008
cell 8 -1.29839862 -2.20893233 0.1 0.09817477 3383.0 3883.0 3704.0 6534.0 80000009
cell 8 -1.29839862 -2.11075756 0.1 0.09817477 3383.0 3883.0 3704.0 6534.0 80000010
cell 8 -1.29839862 -2.01258279 0.1 0.09817477 3383.0 3883.0 3704.0 6534.0 80000011
cell 8 -1.29839862 -1.91440802 0.1 0.09817477 3383.0 3883.0 3704.0 6534.0 80000012
cell 8 -1.29839862 -1.81623325 0.1 0.09817477 3383.0 3883.0 3704.0 6534.0 80000013
cell 8 -1.29839862 -1.71805848 0.1 0.09817477 3383.0 3883.0 3704.0 6534.0 80000014
cell 8 -1.29839862 -1.61988371 0.1 0.09817477 3383.0 3883.0 3704.0 6534.0 80000015
cell 8 -1.29839862 -1.52170894 0.1 0.09817477 3383.0 3883.0 3704.0 6534.0 80000016
cell 8 -1.29839862 -1.42353417 0.1 0.09817477 3383.0 3883.0 3704.0 6534.0 80000017
cell 8 -1.29839862 -1.3253594 0.1 0.09817477 3383.0 3883.0 3704.0 6534.0 80000018
cell 8 -1.29839862 -1.22718463 0.1 0.09817477 3383.0 3883.0 3704.0 6534.0 80000019
cell 8 -1.29839862 -1.12900986 0.1 0.09817477 3383.0 3883.0 3704.0 6534.0 80000020
cell 8 -1.29839862 -1.03083509 0.1 0.09817477 3383.0 3883.0 3704.0 6534.0 80000021
cell 8 -1.29839862 -0.93266032 0.1 0.09817477 3383.0 3883.0 3704.0 6534.0 80000022
cell 8 -1.29839862 -0.83448555 0.1 0.09817477 3383.0 3883.0 3704.0 6534.0 80000023
cell 8 -1.29839862 -0.73631078 0.1 0.09817477 3383.0 3883.0 3704.0 6534.0 80000024
cell 8 -1.29839862 -0.63813601 0.1 0.09817477 3383.0 3883.0 3704.0 6534.0 80000025
cell 8 -1.29839862 -0.53996124 0.1 0.09817477 3383.0 3883.0 3704.0 6534.0 80000026
cell 8 -1.29839862 -0.44178647 0.1 0.09817477 3383.0 3883.0 3704.0 6534.0 80000027
cell 8 -1.29839862 -0.3436117 0.1 0.09817477 3383.0 3883.0 3704.0 6534.0 80000028
cell 8 -1.29839862 -0.24543693 0.1 0.09817477 3383.0 3883.0 3704.0 6534.0 80000029
cell 8 -1.29839862 -0.14726216 0.1 0.09817477 3383.0 3883.0 3704.0 6534.0 80000030
cell 8 -1.29839862 -0.04908739 0.1 0.09817477 3383.0 3883.0 3704.0 6534.0 80000031
cell 8 -1.29839862 0.04908739 0.1 0.09817477 3383.0 3883.0 3704.0 6534.0 80000032
cell 8 -1.29839862 0.14726216 0.1 0.09817477 3383.0 3883.0 3704.0 6534.0 80000033
cell 8 -1.29839862 0.24543693 0.1 0.09817477 3383.0 3883.0 3704.0 6534.0 80000034
cell 8 -1.29839862 0.3436117 0.1 0.09817477 3383.0 3883.0 3704.0 6534.0 80000035
cell 8 -1.29839862 0.44178647 0.1 0.09817477 3383.0 3883.0 3704.0 6534.0 80000036
cell 8 -1.29839862 0.53996124 0.1 0.09817477 3383.0 3883.0 3704.0 6534.0 80000037
cell 8 -1.29839862 0.63813601 0.1 0.09817477 3383.0 3883.0 3704.0 6534.0 80000038
cell 8 -1.29839862 0.73631078 0.1 0.09817477 3383.0 3883.0 3704.0 6534.0 80000039
cell 8 -1.29839862 0.83448555 0.1 0.09817477 3383.0 3883.0 3704.0 6534.0 80000040
cell 8 -1.29839862 0.93266032 0.1 0.09817477 3383.0 3883.0 3704.0 6534.0 80000041
cell 8 -1.29839862 1.03083509 0.1 0.09817477 3383.0 3883.0 3704.0 6534.0 80000042
cell 8 -1.29839862 1.12900986 0.1 0.09817477 3383.0 3883.0 3704.0 6534.0 80000043
cell 8 -1.29839862 1.22718463 0.1 0.09817477 3383.0 3883.0 3704.0 6534.0 80000044
cell 8 -1.29839862 1.3253594 0.1 0.09817477 3383.0 3883.0 3704.0 6534.0 80000045
cell 8 -1.29839862 1.42353417 0.1 0.09817477 3383.0 3883.0 3704.0 6534.0 80000046
cell 8 -1.29839862 1.52170894 0.1 0.09817477 3383.0 3883.0 3704.0 6534.0 80000047
cell 8 -1.29839862 1.61988371 0.1 0.09817477 3383.0 3883.0 3704.0 6534.0 80000048
cell 8 -1.29839862 1.71805848 0.1 0.09817477 3383.0 3883.0 3704.0 6534.0 80000049
cell 8 -1.29839862 1.81623325 0.1 0.09817477 3383.0 3883.0 3704.0 6534.0 80000050
cell 8 -1.29839862 1.91440802 0.1 0.09817477 3383.0 3883.0 3704.0 6534.0 80000051
cell 8 -1.29839862 2.01258279 0.1 0.09817477 3383.0 3883.0 3704.0 6534.0 80000052
cell 8 -1.29839862 2.11075756 0.1 0.09817477 3383.0 3883.0 3704.0 6534.0 80000053
cell 8 -1.29839862 2.20893233 0.1 0.09817477 3383.0 3883.0 3704.0 6534.0 80000054
cell 8 -1.29839862 2.3071071 0.1 0.09817477 3383.0 3883.0 3704.0 6534.0 80000055
cell 8 -1.29839862 2.40528188 0.1 0.09817477 3383.0 3883.0 3704.0 6534.0 80000056
cell 8 -1.29839862 2.50345665 0.1 0.09817477 3383.0 3883.0 3704.0 6534.0 80000057
cell 8 -1.29839862 2.60163142 0.1 0.09817477 3383.0 3883.0 3704.0 6534.0 80000058
cell 8 -1.29839862 2.69980619 0.1 0.09817477 3383.0 3883.0 3704.0 6534.0 80000059
cell 8 -1.29839862 2.79798096 0.1 0.09817477 3383.0 3883.0 3704.0 6534.0 80000060
cell 8 -1.29839862 2.89615573 0.1 0.09817477 3383.0 3883.0 3704.0 6534.0 80000061
cell 8 -1.29839862 2.9943305 0.1 0.09817477 3383.0 3883.0 3704.0 6534.0 80000062
cell 8 -1.29839862 3.09250527 0.1 0.09817477 3383.0 3883.0 3704.0 6534.0 80000063
cell 8 -1.19839862 -3.09250527 0.1 0.09817477 3383.0 3883.0 3704.0 6534.0 80000064
cell 8 -1.19839862 -2.9943305 0.1 0.09817477 3383.0 3883.0 3704.0 6534.0 80000065
cell 8 -1.19839862 -2.89615573 0.1 0.09817477 3383.0 3883.0 3704.0 6534.0 80000066
cell 8 -1.19839862 -2.79798096 0.1 0.09817477 3383.0 3883.0 3704.0 6534.0 80000067
cell 8 -1.19839862 -2.69980619 0.1 0.09817477 3383.0 3883.0 3704.0 6534.0 80000068
cell 8 -1.19839862 -2.60163142 0.1 0.09817477 3383.0 3883.0 3704.0 6534.0 80000069
cell 8 -1.19839862 -2.50345665 0.1 0.09817477 3383.0 3883.0 3704.0 6534.0 80000070
cell 8 -1.19839862 -2.40528188 0.1 0.09817477 3383.0 3883.0 3704.0 6534.0 80000071
cell 8 -1.19839862 -2.3071071 0.1 0.09817477 3383.0 3883.0 3704.0 6534.0 80000072
cell 8 -1.19839862 -2.20893233 0.1 0.09817477 3383.0 3883.0 3704.0 6534.0 80000073
cell 8 -1.19839862 -2.11075756 0.1 0.09817477 3383.0 3883.0 3704.0 6534.0 80000074
cell 8 -1.19839862 -2.01258279 0.1 0.09817477 3383.0 3883.0 3704.0 6534.0 80000075
cell 8 -1.19839862 -1.91440802 0.1 0.09817477 3383.0 3883.0 3704.0 6534.0 80000076
cell 8 -1.19839862 -1.81623325 0.1 0.09817477 3383.0 3883.0 3704.0 6534.0 80000077
cell 8 -1.19839862 -1.71805848 0.1 0.09817477 3383.0 3883.0 3704.0 6534.0 80000078
cell 8 -1.19839862 -1.61988371 0.1 0.09817477 3383.0 3883.0 3704.0 6534.0 80000079
cell 8 -1.19839862 -1.52170894 0.1 0.09817477 3383.0 3883.0 3704.0 6534.0 80000080
cell 8 -1.19839862 -1.42353417 0.1 0.09817477 3383.0 3883.0 3704.0 6534.0 80000081
cell 8 -1.19839862 -1.3253594 0.1 0.09817477 3383.0 3883.0 3704.0 6534.0 80000082
cell 8 -1.19839862 -1.22718463 0.1 0.09817477 3383.0 3883.0 3704.0 6534.0 80000083
cell 8 -1.19839862 -1.12900986 0.1 0.09817477 3383.0 3883.0 3704.0 6534.0 80000084
cell 8 -1.19839862 -1.03083509 0.1 0.09817477 3383.0 3883.0 3704.0 6534.0 80000085
cell 8 -1.19839862 -0.93266032 0.1 0.09817477 3383.0 3883.0 3704.0 6534.0 80000086
cell 8 -1.19839862 -0.83448555 0.1 0.09817477 3383.0 3883.0 3704.0 6534.0 80000087
cell 8 -1.19839862 -0.73631078 0.1 0.09817477 3383.0 3883.0 3704.0 6534.0 80000088
cell 8 -1.19839862 -0.63813601 0.1 0.09817477 3383.0 3883.0 3704.0 6534.0 80000089
cell 8 -1.19839862 -0.53996124 0.1 0.09817477 3383.0 3883.0 3704.0 6534.0 80000090
cell 8 -1.19839862 -0.44178647 0.1 0.09817477 3383.0 3883.0 3704.0 6534.0 80000091
cell 8 -1.19839862 -0.3436117 0.1 0.09817477 3383.0 3883.0 3704.0 6534.0 80000092
cell 8 -1.19839862 -0.24543693 0.1 0.09817477 3383.0 3883.0 3704.0 6534.0 80000093
cell 8 -1.19839862 -0.14726216 0.1 0.09817477 3383.0 3883.0 3704.0 6534.0 80000094
cell 8 -1.19839862 -0.04908739 0.1 0.09817477 3383.0 3883.0 3704.0 6534.0 80000095
cell 8 -1.19839862 0.04908739 0.1 0.09817477 3383.0 3883.0 3704.0 6534.0 80000096
cell 8 -1.19839862 0.14726216 0.1 0.09817477 3383.0 3883.0 3704.0 6534.0 80000097
cell 8 -1.19839862 0.24543693 0.1 0.09817477 3383.0 3883.0 3704.0 6534.0 80000098
cell 8 -1.19839862 0.3436117 0.1 0.09817477 3383.0 3883.0 3704.0 6534.0 80000099
cell 8 -1.19839862 0.44178647 0.1 0.09817477 3383.0 3883.0 3704.0 6534.0 80000100
cell 8 -1.19839862 0.53996124 0.1 0.09817477 3383.0 3883.0 3704.0 6534.0 80000101
cell 8 -1.19839862 0.63813601 0.1 0.09817477 3383.0 3883.0 3704.0 6534.0 80000102
cell 8 -1.19839862 0.73631078 0.1 0.09817477 3383.0 3883.0 3704.0 6534.0 80000103
cell 8 -1.19839862 0.83448555 0.1 0.09817477 3383.0 3883.0 3704.0 6534.0 80000104
cell 8 -1.19839862 0.93266032 0.1 0.09817477 3383.0 3883.0 3704.0 6534.0 80000105
cell 8 -1.19839862 1.03083509 0.1 0.09817477 3383.0 3883.0 3704.0 6534.0 80000106
cell 8 -1.19839862 1.12900986 0.1 0.09817477 3383.0 3883.0 3704.0 6534.0 80000107
cell 8 -1.19839862 1.22718463 0.1 0.09817477 3383.0 3883.0 3704.0 6534.0 80000108
cell 8 -1.19839862 1.3253594 0.1 0.09817477 3383.0 3883.0 3704.0 6534.0 80000109
cell 8 -1.19839862 1.42353417 0.1 0.09817477 3383.0 3883.0 3704.0 6534.0 80000110
cell 8 -1.19839862 1.52170894 0.1 0.09817477 3383.0 3883.0 3704.0 6534.0 80000111
cell 8 -1.19839862 1.61988371 0.1 0.09817477 3383.0 3883.0 3704.0 6534.0 80000112
cell 8 -1.19839862 1.71805848 0.1 0.09817477 3383.0 3883.0 3704.0 6534.0 80000113
cell 8 -1.19839862 1.81623325 0.1 0.09817477 3383.0 3883.0 3704.0 6534.0 80000114
cell 8 -1.19839862 1.91440802 0.1 0.09817477 3383.0 3883.0 3704.0 6534.0 80000115
cell 8 -1.19839862 2.01258279 0.1 0.09817477 3383.0 3883.0 3704.0 6534.0 80000116
cell 8 -1.19839862 2.11075756 0.1 0.09817477 3383.0 3883.0 3704.0 6534.0 80000117
cell 8 -1.19839862 2.20893233 0.1 0.09817477 3383.0 3883.0 3704.0 6534.0 80000118
cell 8 -1.19839862 2.3071071 0.1 0.09817477 3383.0 3883.0 3704.0 6534.0 80000119
cell 8 -1.19839862 2.40528188 0.1 0.09817477 3383.0 3883.0 3704.0 6534.0 80000120
cell 8 -1.19839862 2.50345665 0.1 0.09817477 3383.0 3883.0 3704.0 6534.0 80000121
cell 8 -1.19839862 2.60163142 0.1 0.09817477 3383.0 3883.0 3704.0 6534.0 80000122
cell 8 -1.19839862 2.69980619 0.1 0.09817477 3383.0 3883.0 3704.0 6534.0 80000123
cell 8 -1.19839862 2.79798096 0.1 0.09817477 3383.0 3883.0 3704.0 6534.0 80000124
cell 8 -1.19839862 2.89615573 0.1 0.09817477 3383.0 3883.0 3704.0 6534.0 80000125
cell 8 -1.19839862 2.9943305 0.1 0.09817477 3383.0 3883.0 3704.0 6534.0 80000126
cell 8 -1.19839862 3.09250527 0.1 0.09817477 3383.0 3883.0 3704.0 6534.0 80000127
cell 8 -1.09839862 -3.09250527 0.1 0.09817477 3383.0 3883.0 3704.0 6534.0 80000128
cell 8 -1.09839862 -2.9943305 0.1 0.09817477 3383.0 3883.0 3704.0 6534.0 80000129
cell 8 -1.09839862 -2.89615573 0.1 0.09817477 3383.0 3883.0 3704.0 6534.0 80000130
cell 8 -1.09839862 -2.79798096 0.1 0.09817477 3383.0 3883.0 3704.0 6534.0 80000131
cell 8 -1.09839862 -2.69980619 0.1 0.09817477 3383.0 3883.0 3704.0 6534.0 80000132
cell 8 -1.09839862 -2.60163142 0.1 0.09817477 3383.0 3883.0 3704.0 6534.0 80000133
cell 8 -1.09839862 -2.50345665 0.1 0.09817477 3383.0 3883.0 3704.0 6534.0 80000134
cell 8 -1.09839862 -2.40528188 0.1 0.09817477 3383.0 3883.0 3704.0 6534.0 80000135
cell 8 -1.09839862 -2.3071071 0.1 0.09817477 3383.0 3883.0 3704.0 6534.0 80000136
cell 8 -1.09839862 -2.20893233 0.1 0.09817477 3383.0 3883.0 3704.0 6534.0 80000137
cell 8 -1.09839862 -2.11075756 0.1 0.09817477 3383.0 3883.0 3704.0 6534.0 80000138
cell 8 -1.09839862 -2.01258279 0.1 0.09817477 3383.0 3883.0 3704.0 6534.0 80000139
cell 8 -1.09839862 -1.91440802 0.1 0.09817477 3383.0 3883.0 3704.0 6534.0 80000140
cell 8 -1.09839862 -1.81623325 0.1 0.09817477 3383.0 3883.0 3704.0 6534.0 80000141
cell 8 -1.09839862 -1.71805848 0.1 0.09817477 3383.0 3883.0 3704.0 6534.0 80000142
cell 8 -1.09839862 -1.61988371 0.1 0.09817477 3383.0 3883.0 3704.0 6534.0 80000143
cell 8 -1.09839862 -1.52170894 0.1 0.09817477 3383.0 3883.0 3704.0 6534.0 80000144
cell 8 -1.09839862 -1.42353417 0.1 0.09817477 3383.0 3883.0 3704.0 6534.0 80000145
cell 8 -1.09839862 -1.3253594 0.1 0.09817477 3383.0 3883.0 3704.0 6534.0 80000146
cell 8 -1.09839862 -1.22718463 0.1 0.09817477 3383.0 3883.0 3704.0 6534.0 80000147
cell 8 -1.09839862 -1.12900986 0.1 0.09817477 3383.0 3883.0 3704.0 6534.0 80000148
cell 8 -1.09839862 -1.03083509 0.1 0.09817477 3383.0 3883.0 3704.0 6534.0 80000149
cell 8 -1.09839862 -0.93266032 0.1 0.09817477 3383.0 3883.0 3704.0 6534.0 80000150
cell 8 -1.09839862 -0.83448555 0.1 0.09817477 3383.0 3883.0 3704.0 6534.0 80000151
cell 8 -1.09839862 -0.73631078 0.1 0.09817477 3383.0 3883.0 3704.0 6534.0 80000152
cell 8 -1.09839862 -0.63813601 0.1 0.09817477 3383.0 3883.0 3704.0 6534.0 80000153
cell 8 -1.09839862 -0.53996124 0.1 0.09817477 3383.0 3883.0 3704.0 6534.0 80000154
cell 8 -1.09839862 -0.44178647 0.1 0.09817477 3383.0 3883.0 3704.0 6534.0 80000155
cell 8 -1.09839862 -0.3436117 0.1 0.09817477 3383.0 3883.0 3704.0 6534.0 80000156
cell 8 -1.09839862 -0.24543693 0.1 0.09817477 3383.0 3883.0 3704.0 6534.0 80000157
cell 8 -1.09839862 -0.14726216 0.1 0.09817477 3383.0 3883.0 3704.0 6534.0 80000158
cell 8 -1.09839862 -0.04908739 0.1 0.09817477 3383.0 3883.0 3704.0 6534.0 80000159
cell 8 -1.09839862 0.04908739 0.1 0.09817477 3383.0 3883.0 3704.0 6534.0 80000160
cell 8 -1.09839862 0.14726216 0.1 0.09817477 3383.0 3883.0 3704.0 6534.0 80000161
cell 8 -1.09839862 0.24543693 0.1 0.09817477 3383.0 3883.0 3704.0 6534.0 80000162
cell 8 -1.09839862 0.3436117 0.1 0.09817477 3383.0 3883.0 3704.0 6534.0 80000163
cell 8 -1.09839862 0.44178647 0.1 0.09817477 3383.0 3883.0 3704.0 6534.0 80000164
cell 8 -1.09839862 0.53996124 0.1 0.09817477 3383.0 3883.0 3704.0 6534.0 80000165
cell 8 -1.09839862 0.63813601 0.1 0.09817477 3383.0 3883.0 3704.0 6534.0 80000166
cell 8 -1.09839862 0.73631078 0.1 0.09817477 3383.0 3883.0 3704.0 6534.0 80000167
cell 8 -1.09839862 0.83448555 0.1 0.09817477 3383.0 3883.0 3704.0 6534.0 80000168
cell 8 -1.09839862 0.93266032 0.1 0.09817477 3383.0 3883.0 3704.0 6534.0 80000169
cell 8 -1.09839862 1.03083509 0.1 0.09817477 3383.0 3883.0 3704.0 6534.0 80000170
cell 8 -1.09839862 1.12900986 0.1 0.09817477 3383.0 3883.0 3704.0 6534.0 80000171
cell 8 -1.09839862 1.22718463 0.1 0.09817477 3383.0 3883.0 3704.0 6534.0 80000172
cell 8 -1.09839862 1.3253594 0.1 0.09817477 3383.0 3883.0 3704.0 6534.0 80000173
cell 8 -1.09839862 1.42353417 0.1 0.09817477 3383.0 3883.0 3704.0 6534.0 80000174
cell 8 -1.09839862 1.52170894 0.1 0.09817477 3383.0 3883.0 3704.0 6534.0 80000175
cell 8 -1.09839862 1.61988371 0.1 0.09817477 3383.0 3883.0 3704.0 6534.0 80000176
cell 8 -1.09839862 1.71805848 0.1 0.09817477 3383.0 3883.0 3704.0 6534.0 80000177
cell 8 -1.09839862 1.81623325 0.1 0.09817477 3383.0 3883.0 3704.0 6534.0 80000178
cell 8 -1.09839862 1.91440802 0.1 0.09817477 3383.0 3883.0 3704.0 6534.0 80000179
cell 8 -1.09839862 2.01258279 0.1 0.09817477 3383.0 3883.0 3704.0 6534.0 80000180
cell 8 -1.09839862 2.11075756 0.1 0.09817477 3383.0 3883.0 3704.0 6534.0 80000181
cell 8 -1.09839862 2.20893233 0.1 0.09817477 3383.0 3883.0 3704.0 6534.0 80000182
cell 8 -1.09839862 2.3071071 0.1 0.09817477 3383.0 3883.0 3704.0 6534.0 80000183
cell 8 -1.09839862 2.40528188 0.1 0.09817477 3383.0 3883.0 3704.0 6534.0 80000184
cell 8 -1.09839862 2.50345665 0.1 0.09817477 3383.0 3883.0 3704.0 6534.0 80000185
cell 8 -1.09839862 2.60163142 0.1 0.09817477 3383.0 3883.0 3704.0 6534.0 80000186
cell 8 -1.09839862 2.69980619 0.1 0.09817477 3383.0 3883.0 3704.0 6534.0 80000187
cell 8 -1.09839862 2.79798096 0.1 0.09817477 3383.0 3883.0 3704.0 6534.0 80000188
cell 8 -1.09839862 2.89615573 0.1 0.09817477 3383.0 3883.0 3704.0 6534.0 80000189
cell 8 -1.09839862 2.9943305 0.1 0.09817477 3383.0 3883.0 3704.0 6534.0 80000190
cell 8 -1.09839862 3.09250527 0.1 0.09817477 3383.0 3883.0 3704.0 6534.0 80000191
cell 8 -0.99839862 -3.09250527 0.1 0.09817477 3383.0 3883.0 3704.0 6534.0 80000192
cell 8 -0.99839862 -2.9943305 0.1 0.09817477 3383.0 3883.0 3704.0 6534.0 80000193
cell 8 -0.99839862 -2.89615573 0.1 0.09817477 3383.0 3883.0 3704.0 6534.0 80000194
cell 8 -0.99839862 -2.79798096 0.1 0.09817477 3383.0 3883.0 3704.0 6534.0 80000195
cell 8 -0.99839862 -2.69980619 0.1 0.09817477 3383.0 3883.0 3704.0 6534.0 80000196
cell 8 -0.99839862 -2.60163142 0.1 0.09817477 3383.0 3883.0 3704.0 6534.0 80000197
cell 8 -0.99839862 -2.50345665 0.1 0.09817477 3383.0 3883.0 3704.0 6534.0 80000198
cell 8 -0.99839862 -2.40528188 0.1 0.09817477 3383.0 3883.0 3704.0 6534.0 80000199
cell 8 -0.99839862 -2.3071071 0.1 0.09817477 3383.0 3883.0 3704.0 6534.0 80000200
cell 8 -0.99839862 -2.20893233 0.1 0.09817477 3383.0 3883.0 3704.0 6534.0 80000201
cell 8 -0.99839862 -2.11075756 0.1 0.09817477 3383.0 3883.0 3704.0 6534.0 80000202
cell 8 -0.99839862 -2.01258279 0.1 0.09817477 3383.0 3883.0 3704.0 6534.0 80000203
cell 8 -0.99839862 -1.91440802 0.1 0.09817477 3383.0 3883.0 3704.0 6534.0 80000204
cell 8 -0.99839862 -1.81623325 0.1 0.09817477 3383.0 3883.0 3704.0 6534.0 80000205
cell 8 -0.99839862 -1.71805848 0.1 0.09817477 3383.0 3883.0 3704.0 6534.0 80000206
cell 8 -0.99839862 -1.61988371 0.1 0.09817477 3383.0 3883.0 3704.0 6534.0 80000207
cell 8 -0.99839862 -1.52170894 0.1 0.09817477 3383.0 3883.0 3704.0 6534.0 80000208
cell 8 -0.99839862 -1.42353417 0.1 0.09817477 3383.0 3883.0 3704.0 6534.0 80000209
cell 8 -0.99839862 -1.3253594 0.1 0.09817477 3383.0 3883.0 3704.0 6534.0 80000210
cell 8 -0.99839862 -1.22718463 0.1 0.09817477 3383.0 3883.0 3704.0 6534.0 80000211
cell 8 -0.99839862 -1.12900986 0.1 0.09817477 3383.0 3883.0 3704.0 6534.0 80000212
cell 8 -0.99839862 -1.03083509 0.1 0.09817477 3383.0 3883.0 3704.0 6534.0 80000213
cell 8 -0.99839862 -0.93266032 0.1 0.09817477 3383.0 3883.0 3704.0 6534.0 80000214
cell 8 -0.99839862 -0.83448555 0.1 0.09817477 3383.0 3883.0 3704.0 6534.0 80000215
cell 8 -0.99839862 -0.73631078 0.1 0.09817477 3383.0 3883.0 3704.0 6534.0 80000216
cell 8 -0.99839862 -0.63813601 0.1 0.09817477 3383.0 3883.0 3704.0 6534.0 80000217
cell 8 -0.99839862 -0.53996124 0.1 0.09817477 3383.0 3883.0 3704.0 6534.0 80000218
cell 8 -0.99839862 -0.44178647 0.1 0.09817477 3383.0 3883.0 3704.0 6534.0 80000219
cell 8 -0.99839862 -0.3436117 0.1 0.09817477 3383.0 3883.0 3704.0 6534.0 80000220
cell 8 -0.99839862 -0.24543693 0.1 0.09817477 3383.0 3883.0 3704.0 6534.0 80000221
cell 8 -0.99839862 -0.14726216 0.1 0.09817477 3383.0 3883.0 3704.0 6534.0 80000222
cell 8 -0.99839862 -0.04908739 0.1 0.09817477 3383.0 3883.0 3704.0 6534.0 80000223
cell 8 -0.99839862 0.04908739 0.1 0.09817477 3383.0 3883.0 3704.0 6534.0 80000224
cell 8 -0.99839862 0.14726216 0.1 0.09817477 3383.0 3883.0 3704.0 6534.0 80000225
cell 8 -0.99839862 0.24543693 0.1 0.09817477 3383.0 3883.0 3704.0 6534.0 80000226
cell 8 -0.99839862 0.3436117 0.1 0.09817477 3383.0 3883.0 3704.0 6534.0 80000227
cell 8 -0.99839862 0.44178647 0.1 0.09817477 3383.0 3883.0 3704.0 6534.0 80000228
cell 8 -0.99839862 0.53996124 0.1 0.09817477 3383.0 3883.0 3704.0 6534.0 80000229
cell 8 -0.99839862 0.63813601 0.1 0.09817477 3383.0 3883.0 3704.0 6534.0 80000230
cell 8 -0.99839862 0.73631078 0.1 0.09817477 3383.0 3883.0 3704.0 6534.0 80000231
cell 8 -0.99839862 0.83448555 0.1 0.09817477 3383.0 3883.0 3704.0 6534.0 80000232
cell 8 -0.99839862 0.93266032 0.1 0.09817477 3383.0 3883.0 3704.0 6534.0 80000233
cell 8 -0.99839862 1.03083509 0.1 0.09817477 3383.0 3883.0 3704.0 6534.0 80000234
cell 8 -0.99839862 1.12900986 0.1 0.09817477 3383.0 3883.0 3704.0 6534.0 80000235
cell 8 -0.99839862 1.22718463 0.1 0.09817477 3383.0 3883.0 3704.0 6534.0 80000236
cell 8 -0.99839862 1.3253594 0.1 0.09817477 3383.0 3883.0 3704.0 6534.0 80000237
cell 8 -0.99839862 1.42353417 0.1 0.09817477 3383.0 3883.0 3704.0 6534.0 80000238
cell 8 -0.99839862 1.52170894 0.1 0.09817477 3383.0 3883.0 3704.0 6534.0 80000239
cell 8 -0.99839862 1.61988371 0.1 0.09817477 3383.0 3883.0 3704.0 6534.0 80000240
cell 8 -0.99839862 1.71805848 0.1 0.09817477 3383.0 3883.0 3704.0 6534.0 80000241
cell 8 -0.99839862 1.81623325 0.1 0.09817477 3383.0 3883.0 3704.0 6534.0 80000242
cell 8 -0.99839862 1.91440802 0.1 0.09817477 3383.0 3883.0 3704.0 6534.0 80000243
cell 8 -0.99839862 2.01258279 0.1 0.09817477 3383.0 3883.0 3704.0 6534.0 80000244
cell 8 -0.99839862 2.11075756 0.1 0.09817477 3383.0 3883.0 3704.0 6534.0 80000245
cell 8 -0.99839862 2.20893233 0.1 0.09817477 3383.0 3883.0 3704.0 6534.0 80000246
cell 8 -0.99839862 2.3071071 0.1 0.09817477 3383.0 3883.0 3704.0 6534.0 80000247
cell 8 -0.99839862 2.40528188 0.1 0.09817477 3383.0 3883.0 3704.0 6534.0 80000248
cell 8 -0.99839862 2.50345665 0.1 0.09817477 3383.0 3883.0 3704.0 6534.0 80000249
cell 8 -0.99839862 2.60163142 0.1 0.09817477 3383.0 3883.0 3704.0 6534.0 80000250
cell 8 -0.99839862 2.69980619 0.1 0.09817477 3383.0 3883.0 3704.0 6534.0 80000251
cell 8 -0.99839862 2.79798096 0.1 0.09817477 3383.0 3883.0 3704.0 6534.0 80000252
cell 8 -0.99839862 2.89615573 0.1 0.09817477 3383.0 3883.0 3704.0 6534.0 80000253
cell 8 -0.99839862 2.9943305 0.1 0.09817477 3383.0 3883.0 3704.0 6534.0 80000254
cell 8 -0.99839862 3.09250527 0.1 0.09817477 3383.0 3883.0 3704.0 6534.0 80000255
cell 8 -0.89839862 -3.09250527 0.1 0.09817477 3383.0 3883.0 3704.0 6534.0 80000256
cell 8 -0.89839862 -2.9943305 0.1 0.09817477 3383.0 3883.0 3704.0 6534.0 80000257
cell 8 -0.89839862 -2.89615573 0.1 0.09817477 3383.0 3883.0 3704.0 6534.0 80000258
cell 8 -0.89839862 -2.79798096 0.1 0.09817477 3383.0 3883.0 3704.0 6534.0 80000259
cell 8 -0.89839862 -2.69980619 0.1 0.09817477 3383.0 3883.0 3704.0 6534.0 80000260
cell 8 -0.89839862 -2.60163142 0.1 0.09817477 3383.0 3883.0 3704.0 6534.0 80000261
cell 8 -0.89839862 -2.50345665 0.1 0.09817477 3383.0 3883.0 3704.0 6534.0 80000262
cell 8 -0.89839862 -2.40528188 0.1 0.09817477 3383.0 3883.0 3704.0 6534.0 80000263
cell 8 -0.89839862 -2.3071071 0.1 0.09817477 3383.0 3883.0 3704.0 6534.0 80000264
cell 8 -0.89839862 -2.20893233 0.1 0.09817477 3383.0 3883.0 3704.0 6534.0 80000265
cell 8 -0.89839862 -2.11075756 0.1 0.09817477 3383.0 3883.0 3704.0 6534.0 80000266
cell 8 -0.89839862 -2.01258279 0.1 0.09817477 3383.0 3883.0 3704.0 6534.0 80000267
cell 8 -0.89839862 -1.91440802 0.1 0.09817477 3383.0 3883.0 3704.0 6534.0 80000268
cell 8 -0.89839862 -1.81623325 0.1 0.09817477 3383.0 3883.0 3704.0 6534.0 80000269
cell 8 -0.89839862 -1.71805848 0.1 0.09817477 3383.0 3883.0 3704.0 6534.0 80000270
cell 8 -0.89839862 -1.61988371 0.1 0.09817477 3383.0 3883.0 3704.0 6534.0 80000271
cell 8 -0.89839862 -1.52170894 0.1 0.09817477 3383.0 3883.0 3704.0 6534.0 80000272
cell 8 -0.89839862 -1.42353417 0.1 0.09817477 3383.0 3883.0 3704.0 6534.0 80000273
cell 8 -0.89839862 -1.3253594 0.1 0.09817477 3383.0 3883.0 3704.0 6534.0 80000274
cell 8 -0.89839862 -1.22718463 0.1 0.09817477 3383.0 3883.0 3704.0 6534.0 80000275
cell 8 -0.89839862 -1.12900986 0.1 0.09817477 3383.0 3883.0 3704.0 6534.0 80000276
cell 8 -0.89839862 -1.03083509 0.1 0.09817477 3383.0 3883.0 3704.0 6534.0 80000277
cell 8 -0.89839862 -0.93266032 0.1 0.09817477 3383.0 3883.0 3704.0 6534.0 80000278
cell 8 -0.89839862 -0.83448555 0.1 0.09817477 3383.0 3883.0 3704.0 6534.0 80000279
cell 8 -0.89839862 -0.73631078 0.1 0.09817477 3383.0 3883.0 3704.0 6534.0 80000280
cell 8 -0.89839862 -0.63813601 0.1 0.09817477 3383.0 3883.0 3704.0 6534.0 80000281
cell 8 -0.89839862 -0.53996124 0.1 0.09817477 3383.0 3883.0 3704.0 6534.0 80000282
cell 8 -0.89839862 -0.44178647 0.1 0.09817477 3383.0 3883.0 3704.0 6534.0 80000283
cell 8 -0.89839862 -0.3436117 0.1 0.09817477 3383.0 3883.0 3704.0 6534.0 80000284
cell 8 -0.89839862 -0.24543693 0.1 0.09817477 3383.0 3883.0 3704.0 6534.0 80000285
cell 8 -0.89839862 -0.14726216 0.1 0.09817477 3383.0 3883.0 3704.0 6534.0 80000286
cell 8 -0.89839862 -0.04908739 0.1 0.09817477 3383.0 3883.0 3704.0 6534.0 80000287
cell 8 -0.89839862 0.04908739 0.1 0.09817477 3383.0 3883.0 3704.0 6534.0 80000288
cell 8 -0.89839862 0.14726216 0.1 0.09817477 3383.0 3883.0 3704.0 6534.0 80000289
cell 8 -0.89839862 0.24543693 0.1 0.09817477 3383.0 3883.0 3704.0 6534.0 80000290
cell 8 -0.89839862 0.3436117 0.1 0.09817477 3383.0 3883.0 3704.0 6534.0 80000291
cell 8 -0.89839862 0.44178647 0.1 0.09817477 3383.0 3883.0 3704.0 6534.0 80000292
cell 8 -0.89839862 0.53996124 0.1 0.09817477 3383.0 3883.0 3704.0 6534.0 80000293
cell 8 -0.89839862 0.63813601 0.1 0.09817477 3383.0 3883.0 3704.0 6534.0 80000294
cell 8 -0.89839862 0.73631078 0.1 0.09817477 3383.0 3883.0 3704.0 6534.0 80000295
cell 8 -0.89839862 0.83448555 0.1 0.09817477 3383.0 3883.0 3704.0 6534.0 80000296
cell 8 -0.89839862 0.93266032 0.1 0.09817477 3383.0 3883.0 3704.0 6534.0 80000297
cell 8 -0.89839862 1.03083509 0.1 0.09817477 3383.0 3883.0 3704.0 6534.0 80000298
cell 8 -0.89839862 1.12900986 0.1 0.09817477 3383.0 3883.0 3704.0 6534.0 80000299
cell 8 -0.89839862 1.22718463 0.1 0.09817477 3383.0 3883.0 3704.0 6534.0 80000300
cell 8 -0.89839862 1.3253594 0.1 0.09817477 3383.0 3883.0 3704.0 6534.0 80000301
cell 8 -0.89839862 1.42353417 0.1 0.09817477 3383.0 3883.0 3704.0 6534.0 80000302
cell 8 -0.89839862 1.52170894 0.1 0.09817477 3383.0 3883.0 3704.0 6534.0 80000303
cell 8 -0.89839862 1.61988371 0.1 0.09817477 3383.0 3883.0 3704.0 6534.0 80000304
cell 8 -0.89839862 1.71805848 0.1 0.09817477 3383.0 3883.0 3704.0 6534.0 80000305
cell 8 -0.89839862 1.81623325 0.1 0.09817477 3383.0 3883.0 3704.0 6534.0 80000306
cell 8 -0.89839862 1.91440802 0.1 0.09817477 3383.0 3883.0 3704.0 6534.0 80000307
cell 8 -0.89839862 2.01258279 0.1 0.09817477 3383.0 3883.0 3704.0 6534.0 80000308
cell 8 -0.89839862 2.11075756 0.1 0.09817477 3383.0 3883.0 3704.0 6534.0 80000309
cell 8 -0.89839862 2.20893233 0.1 0.09817477 3383.0 3883.0 3704.0 6534.0 80000310
cell 8 -0.89839862 2.3071071 0.1 0.09817477 3383.0 3883.0 3704.0 6534.0 80000311
cell 8 -0.89839862 2.40528188 0.1 0.09817477 3383.0 3883.0 3704.0 6534.0 80000312
cell 8 -0.89839862 2.50345665 0.1 0.09817477 3383.0 3883.0 3704.0 6534.0 80000313
cell 8 -0.89839862 2.60163142 0.1 0.09817477 3383.0 3883.0 3704.0 6534.0 80000314
cell 8 -0.89839862 2.69980619 0.1 0.09817477 3383.0 3883.0 3704.0 6534.0 80000315
cell 8 -0.89839862 2.79798096 0.1 0.09817477 3383.0 3883.0 3704.0 6534.0 80000316
cell 8 -0.89839862 2.89615573 0.1 0.09817477 3383.0 3883.0 3704.0 6534.0 80000317
cell 8 -0.89839862 2.9943305 0.1 0.09817477 3383.0 3883.0 3704.0 6534.0 80000318
cell 8 -0.89839862 3.09250527 0.1 0.09817477 3383.0 3883.0 3704.0 6534.0 80000319
cell 8 0.89839862 -3.09250527 0.1 0.09817477 3383.0 3883.0 3704.0 6534.0 80000320
cell 8 0.89839862 -2.9943305 0.1 0.09817477 3383.0 3883.0 3704.0 6534.0 80000321
cell 8 0.89839862 -2.89615573 0.1 0.09817477 3383.0 3883.0 3704.0 6534.0 80000322
cell 8 0.89839862 -2.79798096 0.1 0.09817477 3383.0 3883.0 3704.0 6534.0 80000323
cell 8 0.89839862 -2.69980619 0.1 0.09817477 3383.0 3883.0 3704.0 6534.0 80000324
cell 8 0.89839862 -2.60163142 0.1 0.09817477 3383.0 3883.0 3704.0 6534.0 80000325
cell 8 0.89839862 -2.50345665 0.1 0.09817477 3383.0 3883.0 3704.0 6534.0 80000326
cell 8 0.89839862 -2.40528188 0.1 0.09817477 3383.0 3883.0 3704.0 6534.0 80000327
cell 8 0.89839862 -2.3071071 0.1 0.09817477 3383.0 3883.0 3704.0 6534.0 80000328
cell 8 0.89839862 -2.20893233 0.1 0.09817477 3383.0 3883.0 3704.0 6534.0 80000329
cell 8 0.89839862 -2.11075756 0.1 0.09817477 3383.0 3883.0 3704.0 6534.0 80000330
cell 8 0.89839862 -2.01258279 0.1 0.09817477 3383.0 3883.0 3704.0 6534.0 80000331
cell 8 0.89839862 -1.91440802 0.1 0.09817477 3383.0 3883.0 3704.0 6534.0 80000332
cell 8 0.89839862 -1.81623325 0.1 0.09817477 3383.0 3883.0 3704.0 6534.0 80000333
cell 8 0.89839862 -1.71805848 0.1 0.09817477 3383.0 3883.0 3704.0 6534.0 80000334
cell 8 0.89839862 -1.61988371 0.1 0.09817477 3383.0 3883.0 3704.0 6534.0 80000335
cell 8 0.89839862 -1.52170894 0.1 0.09817477 3383.0 3883.0 3704.0 6534.0 80000336
cell 8 0.89839862 -1.42353417 0.1 0.09817477 3383.0 3883.0 3704.0 6534.0 80000337
cell 8 0.89839862 -1.3253594 0.1 0.09817477 3383.0 3883.0 3704.0 6534.0 80000338
cell 8 0.89839862 -1.22718463 0.1 0.09817477 3383.0 3883.0 3704.0 6534.0 80000339
cell 8 0.89839862 -1.12900986 0.1 0.09817477 3383.0 3883.0 3704.0 6534.0 80000340
cell 8 0.89839862 -1.03083509 0.1 0.09817477 3383.0 3883.0 3704.0 6534.0 80000341
cell 8 0.89839862 -0.93266032 0.1 0.09817477 3383.0 3883.0 3704.0 6534.0 80000342
cell 8 0.89839862 -0.83448555 0.1 0.09817477 3383.0 3883.0 3704.0 6534.0 80000343
cell 8 0.89839862 -0.73631078 0.1 0.09817477 3383.0 3883.0 3704.0 6534.0 80000344
cell 8 0.89839862 -0.63813601 0.1 0.09817477 3383.0 3883.0 3704.0 6534.0 80000345
cell 8 0.89839862 -0.53996124 0.1 0.09817477 3383.0 3883.0 3704.0 6534.0 80000346
cell 8 0.89839862 -0.44178647 0.1 0.09817477 3383.0 3883.0 3704.0 6534.0 80000347
cell 8 0.89839862 -0.3436117 0.1 0.09817477 3383.0 3883.0 3704.0 6534.0 80000348
cell 8 0.89839862 -0.24543693 0.1 0.09817477 3383.0 3883.0 3704.0 6534.0 80000349
cell 8 0.89839862 -0.14726216 0.1 0.09817477 3383.0 3883.0 3704.0 6534.0 80000350
cell 8 0.89839862 -0.04908739 0.1 0.09817477 3383.0 3883.0 3704.0 6534.0 80000351
cell 8 0.89839862 0.04908739 0.1 0.09817477 3383.0 3883.0 3704.0 6534.0 80000352
cell 8 0.89839862 0.14726216 0.1 0.09817477 3383.0 3883.0 3704.0 6534.0 80000353
cell 8 0.89839862 0.24543693 0.1 0.09817477 3383.0 3883.0 3704.0 6534.0 80000354
cell 8 0.89839862 0.3436117 0.1 0.09817477 3383.0 3883.0 3704.0 6534.0 80000355
cell 8 0.89839862 0.44178647 0.1 0.09817477 3383.0 3883.0 3704.0 6534.0 80000356
cell 8 0.89839862 0.53996124 0.1 0.09817477 3383.0 3883.0 3704.0 6534.0 80000357
cell 8 0.89839862 0.63813601 0.1 0.09817477 3383.0 3883.0 3704.0 6534.0 80000358
cell 8 0.89839862 0.73631078 0.1 0.09817477 3383.0 3883.0 3704.0 6534.0 80000359
cell 8 0.89839862 0.83448555 0.1 0.09817477 3383.0 3883.0 3704.0 6534.0 80000360
cell 8 0.89839862 0.93266032 0.1 0.09817477 3383.0 3883.0 3704.0 6534.0 80000361
cell 8 0.89839862 1.03083509 0.1 0.09817477 3383.0 3883.0 3704.0 6534.0 80000362
cell 8 0.89839862 1.12900986 0.1 0.09817477 3383.0 3883.0 3704.0 6534.0 80000363
cell 8 0.89839862 1.22718463 0.1 0.09817477 3383.0 3883.0 3704.0 6534.0 80000364
cell 8 0.89839862 1.3253594 0.1 0.09817477 3383.0 3883.0 3704.0 6534.0 80000365
cell 8 0.89839862 1.42353417 0.1 0.09817477 3383.0 3883.0 3704.0 6534.0 80000366
cell 8 0.89839862 1.52170894 0.1 0.09817477 3383.0 3883.0 3704.0 6534.0 80000367
cell 8 0.89839862 1.61988371 0.1 0.09817477 3383.0 3883.0 3704.0 6534.0 80000368
cell 8 0.89839862 1.71805848 0.1 0.09817477 3383.0 3883.0 3704.0 6534.0 80000369
cell 8 0.89839862 1.81623325 0.1 0.09817477 3383.0 3883.0 3704.0 6534.0 80000370
cell 8 0.89839862 1.91440802 0.1 0.09817477 3383.0 3883.0 3704.0 6534.0 80000371
cell 8 0.89839862 2.01258279 0.1 0.09817477 3383.0 3883.0 3704.0 6534.0 80000372
cell 8 0.89839862 2.11075756 0.1 0.09817477 3383.0 3883.0 3704.0 6534.0 80000373
cell 8 0.89839862 2.20893233 0.1 0.09817477 3383.0 3883.0 3704.0 6534.0 80000374
cell 8 0.89839862 2.3071071 0.1 0.09817477 3383.0 3883.0 3704.0 6534.0 80000375
cell 8 0.89839862 2.40528188 0.1 0.09817477 3383.0 3883.0 3704.0 6534.0 80000376
cell 8 0.89839862 2.50345665 0.1 0.09817477 3383.0 3883.0 3704.0 6534.0 80000377
cell 8 0.89839862 2.60163142 0.1 0.09817477 3383.0 3883.0 3704.0 6534.0 80000378
cell 8 0.89839862 2.69980619 0.1 0.09817477 3383.0 3883.0 3704.0 6534.0 80000379
cell 8 0.89839862 2.79798096 0.1 0.09817477 3383.0 3883.0 3704.0 6534.0 80000380
cell 8 0.89839862 2.89615573 0.1 0.09817477 3383.0 3883.0 3704.0 6534.0 80000381
cell 8 0.89839862 2.9943305 0.1 0.09817477 3383.0 3883.0 3704.0 6534.0 80000382
cell 8 0.89839862 3.09250527 0.1 0.09817477 3383.0 3883.0 3704.0 6534.0 80000383
cell 8 0.99839862 -3.09250527 0.1 0.09817477 3383.0 3883.0 3704.0 6534.0 80000384
cell 8 0.99839862 -2.9943305 0.1 0.09817477 3383.0 3883.0 3704.0 6534.0 80000385
cell 8 0.99839862 -2.89615573 0.1 0.09817477 3383.0 3883.0 3704.0 6534.0 80000386
cell 8 0.99839862 -2.79798096 0.1 0.09817477 3383.0 3883.0 3704.0 6534.0 80000387
cell 8 0.99839862 -2.69980619 0.1 0.09817477 3383.0 3883.0 3704.0 6534.0 80000388
cell 8 0.99839862 -2.60163142 0.1 0.09817477 3383.0 3883.0 3704.0 6534.0 80000389
cell 8 0.99839862 -2.50345665 0.1 0.09817477 3383.0 3883.0 3704.0 6534.0 80000390
cell 8 0.99839862 -2.40528188 0.1 0.09817477 3383.0 3883.0 3704.0 6534.0 80000391
cell 8 0.99839862 -2.3071071 0.1 0.09817477 3383.0 3883.0 3704.0 6534.0 80000392
cell 8 0.99839862 -2.20893233 0.1 0.09817477 3383.0 3883.0 3704.0 6534.0 80000393
cell 8 0.99839862 -2.11075756 0.1 0.09817477 3383.0 3883.0 3704.0 6534.0 80000394
cell 8 0.99839862 -2.01258279 0.1 0.09817477 3383.0 3883.0 3704.0 6534.0 80000395
cell 8 0.99839862 -1.91440802 0.1 0.09817477 3383.0 3883.0 3704.0 6534.0 80000396
cell 8 0.99839862 -1.81623325 0.1 0.09817477 3383.0 3883.0 3704.0 6534.0 80000397
cell 8 0.99839862 -1.71805848 0.1 0.09817477 3383.0 3883.0 3704.0 6534.0 80000398
cell 8 0.99839862 -1.61988371 0.1 0.09817477 3383.0 3883.0 3704.0 6534.0 80000399
cell 8 0.99839862 -1.52170894 0.1 0.09817477 3383.0 3883.0 3704.0 6534.0 80000400
cell 8 0.99839862 -1.42353417 0.1 0.09817477 3383.0 3883.0 3704.0 6534.0 80000401
cell 8 0.99839862 -1.3253594 0.1 0.09817477 3383.0 3883.0 3704.0 6534.0 80000402
cell 8 0.99839862 -1.22718463 0.1 0.09817477 3383.0 3883.0 3704.0 6534.0 80000403
cell 8 0.99839862 -1.12900986 0.1 0.09817477 3383.0 3883.0 3704.0 6534.0 80000404
cell 8 0.99839862 -1.03083509 0.1 0.09817477 3383.0 3883.0 3704.0 6534.0 80000405
cell 8 0.99839862 -0.93266032 0.1 0.09817477 3383.0 3883.0 3704.0 6534.0 80000406
cell 8 0.99839862 -0.83448555 0.1 0.09817477 3383.0 3883.0 3704.0 6534.0 80000407
cell 8 0.99839862 -0.73631078 0.1 0.09817477 3383.0 3883.0 3704.0 6534.0 80000408
cell 8 0.99839862 -0.63813601 0.1 0.09817477 3383.0 3883.0 3704.0 6534.0 80000409
cell 8 0.99839862 -0.53996124 0.1 0.09817477 3383.0 3883.0 3704.0 6534.0 80000410
cell 8 0.99839862 -0.44178647 0.1 0.09817477 3383.0 3883.0 3704.0 6534.0 80000411
cell 8 0.99839862 -0.3436117 0.1 0.09817477 3383.0 3883.0 3704.0 6534.0 80000412
cell 8 0.99839862 -0.24543693 0.1 0.09817477 3383.0 3883.0 3704.0 6534.0 80000413
cell 8 0.99839862 -0.14726216 0.1 0.09817477 3383.0 3883.0 3704.0 6534.0 80000414
cell 8 0.99839862 -0.04908739 0.1 0.09817477 3383.0 3883.0 3704.0 6534.0 80000415
cell 8 0.99839862 0.04908739 0.1 0.09817477 3383.0 3883.0 3704.0 6534.0 80000416
cell 8 0.99839862 0.14726216 0.1 0.09817477 3383.0 3883.0 3704.0 6534.0 80000417
cell 8 0.99839862 0.24543693 0.1 0.09817477 3383.0 3883.0 3704.0 6534.0 80000418
cell 8 0.99839862 0.3436117 0.1 0.09817477 3383.0 3883.0 3704.0 6534.0 80000419
cell 8 0.99839862 0.44178647 0.1 0.09817477 3383.0 3883.0 3704.0 6534.0 80000420
cell 8 0.99839862 0.53996124 0.1 0.09817477 3383.0 3883.0 3704.0 6534.0 80000421
cell 8 0.99839862 0.63813601 0.1 0.09817477 3383.0 3883.0 3704.0 6534.0 80000422
cell 8 0.99839862 0.73631078 0.1 0.09817477 3383.0 3883.0 3704.0 6534.0 80000423
cell 8 0.99839862 0.83448555 0.1 0.09817477 3383.0 3883.0 3704.0 6534.0 80000424
cell 8 0.99839862 0.93266032 0.1 0.09817477 3383.0 3883.0 3704.0 6534.0 80000425
cell 8 0.99839862 1.03083509 0.1 0.09817477 3383.0 3883.0 3704.0 6534.0 80000426
cell 8 0.99839862 1.12900986 0.1 0.09817477 3383.0 3883.0 3704.0 6534.0 80000427
cell 8 0.99839862 1.22718463 0.1 0.09817477 3383.0 3883.0 3704.0 6534.0 80000428
cell 8 0.99839862 1.3253594 0.1 0.09817477 3383.0 3883.0 3704.0 6534.0 80000429
cell 8 0.99839862 1.42353417 0.1 0.09817477 3383.0 3883.0 3704.0 6534.0 80000430
cell 8 0.99839862 1.52170894 0.1 0.09817477 3383.0 3883.0 3704.0 6534.0 80000431
cell 8 0.99839862 1.61988371 0.1 0.09817477 3383.0 3883.0 3704.0 6534.0 80000432
cell 8 0.99839862 1.71805848 0.1 0.09817477 3383.0 3883.0 3704.0 6534.0 80000433
cell 8 0.99839862 1.81623325 0.1 0.09817477 3383.0 3883.0 3704.0 6534.0 80000434
cell 8 0.99839862 1.91440802 0.1 0.09817477 3383.0 3883.0 3704.0 6534.0 80000435
cell 8 0.99839862 2.01258279 0.1 0.09817477 3383.0 3883.0 3704.0 6534.0 80000436
cell 8 0.99839862 2.11075756 0.1 0.09817477 3383.0 3883.0 3704.0 6534.0 80000437
cell 8 0.99839862 2.20893233 0.1 0.09817477 3383.0 3883.0 3704.0 6534.0 80000438
cell 8 0.99839862 2.3071071 0.1 0.09817477 3383.0 3883.0 3704.0 6534.0 80000439
cell 8 0.99839862 2.40528188 0.1 0.09817477 3383.0 3883.0 3704.0 6534.0 80000440
cell 8 0.99839862 2.50345665 0.1 0.09817477 3383.0 3883.0 3704.0 6534.0 80000441
cell 8 0.99839862 2.60163142 0.1 0.09817477 3383.0 3883.0 3704.0 6534.0 80000442
cell 8 0.99839862 2.69980619 0.1 0.09817477 3383.0 3883.0 3704.0 6534.0 80000443
cell 8 0.99839862 2.79798096 0.1 0.09817477 3383.0 3883.0 3704.0 6534.0 80000444
cell 8 0.99839862 2.89615573 0.1 0.09817477 3383.0 3883.0 3704.0 6534.0 80000445
cell 8 0.99839862 2.9943305 0.1 0.09817477 3383.0 3883.0 3704.0 6534.0 80000446
cell 8 0.99839862 3.09250527 0.1 0.09817477 3383.0 3883.0 3704.0 6534.0 80000447
cell 8 1.09839862 -3.09250527 0.1 0.09817477 3383.0 3883.0 3704.0 6534.0 80000448
cell 8 1.09839862 -2.9943305 0.1 0.09817477 3383.0 3883.0 3704.0 6534.0 80000449
cell 8 1.09839862 -2.89615573 0.1 0.09817477 3383.0 3883.0 3704.0 6534.0 80000450
cell 8 1.09839862 -2.79798096 0.1 0.09817477 3383.0 3883.0 3704.0 6534.0 80000451
cell 8 1.09839862 -2.69980619 0.1 0.09817477 3383.0 3883.0 3704.0 6534.0 80000452
cell 8 1.09839862 -2.60163142 0.1 0.09817477 3383.0 3883.0 3704.0 6534.0 80000453
cell 8 1.09839862 -2.50345665 0.1 0.09817477 3383.0 3883.0 3704.0 6534.0 80000454
cell 8 1.09839862 -2.40528188 0.1 0.09817477 3383.0 3883.0 3704.0 6534.0 80000455
cell 8 1.09839862 -2.3071071 0.1 0.09817477 3383.0 3883.0 3704.0 6534.0 80000456
cell 8 1.09839862 -2.20893233 0.1 0.09817477 3383.0 3883.0 3704.0 6534.0 80000457
cell 8 1.09839862 -2.11075756 0.1 0.09817477 3383.0 3883.0 3704.0 6534.0 80000458
cell 8 1.09839862 -2.01258279 0.1 0.09817477 3383.0 3883.0 3704.0 6534.0 80000459
cell 8 1.09839862 -1.91440802 0.1 0.09817477 3383.0 3883.0 3704.0 6534.0 80000460
cell 8 1.09839862 -1.81623325 0.1 0.09817477 3383.0 3883.0 3704.0 6534.0 80000461
cell 8 1.09839862 -1.71805848 0.1 0.09817477 3383.0 3883.0 3704.0 6534.0 80000462
cell 8 1.09839862 -1.61988371 0.1 0.09817477 3383.0 3883.0 3704.0 6534.0 80000463
cell 8 1.09839862 -1.52170894 0.1 0.09817477 3383.0 3883.0 3704.0 6534.0 80000464
cell 8 1.09839862 -1.42353417 0.1 0.09817477 3383.0 3883.0 3704.0 6534.0 80000465
cell 8 1.09839862 -1.3253594 0.1 0.09817477 3383.0 3883.0 3704.0 6534.0 80000466
cell 8 1.09839862 -1.22718463 0.1 0.09817477 3383.0 3883.0 3704.0 6534.0 80000467
cell 8 1.09839862 -1.12900986 0.1 0.09817477 3383.0 3883.0 3704.0 6534.0 80000468
cell 8 1.09839862 -1.03083509 0.1 0.09817477 3383.0 3883.0 3704.0 6534.0 80000469
cell 8 1.09839862 -0.93266032 0.1 0.09817477 3383.0 3883.0 3704.0 6534.0 80000470
cell 8 1.09839862 -0.83448555 0.1 0.09817477 3383.0 3883.0 3704.0 6534.0 80000471
cell 8 1.09839862 -0.73631078 0.1 0.09817477 3383.0 3883.0 3704.0 6534.0 80000472
cell 8 1.09839862 -0.63813601 0.1 0.09817477 3383.0 3883.0 3704.0 6534.0 80000473
cell 8 1.09839862 -0.53996124 0.1 0.09817477 3383.0 3883.0 3704.0 6534.0 80000474
cell 8 1.09839862 -0.44178647 0.1 0.09817477 3383.0 3883.0 3704.0 6534.0 80000475
cell 8 1.09839862 -0.3436117 0.1 0.09817477 3383.0 3883.0 3704.0 6534.0 80000476
cell 8 1.09839862 -0.24543693 0.1 0.09817477 3383.0 3883.0 3704.0 6534.0 80000477
cell 8 1.09839862 -0.14726216 0.1 0.09817477 3383.0 3883.0 3704.0 6534.0 80000478
cell 8 1.09839862 -0.04908739 0.1 0.09817477 3383.0 3883.0 3704.0 6534.0 80000479
cell 8 1.09839862 0.04908739 0.1 0.09817477 3383.0 3883.0 3704.0 6534.0 80000480
cell 8 1.09839862 0.14726216 0.1 0.09817477 3383.0 3883.0 3704.0 6534.0 80000481
cell 8 1.09839862 0.24543693 0.1 0.09817477 3383.0 3883.0 3704.0 6534.0 80000482
cell 8 1.09839862 0.3436117 0.1 0.09817477 3383.0 3883.0 3704.0 6534.0 80000483
cell 8 1.09839862 0.44178647 0.1 0.09817477 3383.0 3883.0 3704.0 6534.0 80000484
cell 8 1.09839862 0.53996124 0.1 0.09817477 3383.0 3883.0 3704.0 6534.0 80000485
cell 8 1.09839862 0.63813601 0.1 0.09817477 3383.0 3883.0 3704.0 6534.0 80000486
cell 8 1.09839862 0.73631078 0.1 0.09817477 3383.0 3883.0 3704.0 6534.0 80000487
cell 8 1.09839862 0.83448555 0.1 0.09817477 3383.0 3883.0 3704.0 6534.0 80000488
cell 8 1.09839862 0.93266032 0.1 0.09817477 3383.0 3883.0 3704.0 6534.0 80000489
cell 8 1.09839862 1.03083509 0.1 0.09817477 3383.0 3883.0 3704.0 6534.0 80000490
cell 8 1.09839862 1.12900986 0.1 0.09817477 3383.0 3883.0 3704.0 6534.0 80000491
cell 8 1.09839862 1.22718463 0.1 0.09817477 3383.0 3883.0 3704.0 6534.0 80000492
cell 8 1.09839862 1.3253594 0.1 0.09817477 3383.0 3883.0 3704.0 6534.0 80000493
cell 8 1.09839862 1.42353417 0.1 0.09817477 3383.0 3883.0 3704.0 6534.0 80000494
cell 8 1.09839862 1.52170894 0.1 0.09817477 3383.0 3883.0 3704.0 6534.0 80000495
cell 8 1.09839862 1.61988371 0.1 0.09817477 3383.0 3883.0 3704.0 6534.0 80000496
cell 8 1.09839862 1.71805848 0.1 0.09817477 3383.0 3883.0 3704.0 6534.0 80000497
cell 8 1.09839862 1.81623325 0.1 0.09817477 3383.0 3883.0 3704.0 6534.0 80000498
cell 8 1.09839862 1.91440802 0.1 0.09817477 3383.0 3883.0 3704.0 6534.0 80000499
cell 8 1.09839862 2.01258279 0.1 0.09817477 3383.0 3883.0 3704.0 6534.0 80000500
cell 8 1.09839862 2.11075756 0.1 0.09817477 3383.0 3883.0 3704.0 6534.0 80000501
cell 8 1.09839862 2.20893233 0.1 0.09817477 3383.0 3883.0 3704.0 6534.0 80000502
cell 8 1.09839862 2.3071071 0.1 0.09817477 3383.0 3883.0 3704.0 6534.0 80000503
cell 8 1.09839862 2.40528188 0.1 0.09817477 3383.0 3883.0 3704.0 6534.0 80000504
cell 8 1.09839862 2.50345665 0.1 0.09817477 3383.0 3883.0 3704.0 6534.0 80000505
cell 8 1.09839862 2.60163142 0.1 0.09817477 3383.0 3883.0 3704.0 6534.0 80000506
cell 8 1.09839862 2.69980619 0.1 0.09817477 3383.0 3883.0 3704.0 6534.0 80000507
cell 8 1.09839862 2.79798096 0.1 0.09817477 3383.0 3883.0 3704.0 6534.0 80000508
cell 8 1.09839862 2.89615573 0.1 0.09817477 3383.0 3883.0 3704.0 6534.0 80000509
cell 8 1.09839862 2.9943305 0.1 0.09817477 3383.0 3883.0 3704.0 6534.0 80000510
cell 8 1.09839862 3.09250527 0.1 0.09817477 3383.0 3883.0 3704.0 6534.0 80000511
cell 8 1.19839862 -3.09250527 0.1 0.09817477 3383.0 3883.0 3704.0 6534.0 80000512
cell 8 1.19839862 -2.9943305 0.1 0.09817477 3383.0 3883.0 3704.0 6534.0 80000513
cell 8 1.19839862 -2.89615573 0.1 0.09817477 3383.0 3883.0 3704.0 6534.0 80000514
cell 8 1.19839862 -2.79798096 0.1 0.09817477 3383.0 3883.0 3704.0 6534.0 80000515
cell 8 1.19839862 -2.69980619 0.1 0.09817477 3383.0 3883.0 3704.0 6534.0 80000516
cell 8 1.19839862 -2.60163142 0.1 0.09817477 3383.0 3883.0 3704.0 6534.0 80000517
cell 8 1.19839862 -2.50345665 0.1 0.09817477 3383.0 3883.0 3704.0 6534.0 80000518
cell 8 1.19839862 -2.40528188 0.1 0.09817477 3383.0 3883.0 3704.0 6534.0 80000519
cell 8 1.19839862 -2.3071071 0.1 0.09817477 3383.0 3883.0 3704.0 6534.0 80000520
cell 8 1.19839862 -2.20893233 0.1 0.09817477 3383.0 3883.0 3704.0 6534.0 80000521
cell 8 1.19839862 -2.11075756 0.1 0.09817477 3383.0 3883.0 3704.0 6534.0 80000522
cell 8 1.19839862 -2.01258279 0.1 0.09817477 3383.0 3883.0 3704.0 6534.0 80000523
cell 8 1.19839862 -1.91440802 0.1 0.09817477 3383.0 3883.0 3704.0 6534.0 80000524
cell 8 1.19839862 -1.81623325 0.1 0.09817477 3383.0 3883.0 3704.0 6534.0 80000525
cell 8 1.19839862 -1.71805848 0.1 0.09817477 3383.0 3883.0 3704.0 6534.0 80000526
cell 8 1.19839862 -1.61988371 0.1 0.09817477 3383.0 3883.0 3704.0 6534.0 80000527
cell 8 1.19839862 -1.52170894 0.1 0.09817477 3383.0 3883.0 3704.0 6534.0 80000528
cell 8 1.19839862 -1.42353417 0.1 0.09817477 3383.0 3883.0 3704.0 6534.0 80000529
cell 8 1.19839862 -1.3253594 0.1 0.09817477 3383.0 3883.0 3704.0 6534.0 80000530
cell 8 1.19839862 -1.22718463 0.1 0.09817477 3383.0 3883.0 3704.0 6534.0 80000531
cell 8 1.19839862 -1.12900986 0.1 0.09817477 3383.0 3883.0 3704.0 6534.0 80000532
cell 8 1.19839862 -1.03083509 0.1 0.09817477 3383.0 3883.0 3704.0 6534.0 80000533
cell 8 1.19839862 -0.93266032 0.1 0.09817477 3383.0 3883.0 3704.0 6534.0 80000534
cell 8 1.19839862 -0.83448555 0.1 0.09817477 3383.0 3883.0 3704.0 6534.0 80000535
cell 8 1.19839862 -0.73631078 0.1 0.09817477 3383.0 3883.0 3704.0 6534.0 80000536
cell 8 1.19839862 -0.63813601 0.1 0.09817477 3383.0 3883.0 3704.0 6534.0 80000537
cell 8 1.19839862 -0.53996124 0.1 0.09817477 3383.0 3883.0 3704.0 6534.0 80000538
cell 8 1.19839862 -0.44178647 0.1 0.09817477 3383.0 3883.0 3704.0 6534.0 80000539
cell 8 1.19839862 -0.3436117 0.1 0.09817477 3383.0 3883.0 3704.0 6534.0 80000540
cell 8 1.19839862 -0.24543693 0.1 0.09817477 3383.0 3883.0 3704.0 6534.0 80000541
cell 8 1.19839862 -0.14726216 0.1 0.09817477 3383.0 3883.0 3704.0 6534.0 80000542
cell 8 1.19839862 -0.04908739 0.1 0.09817477 3383.0 3883.0 3704.0 6534.0 80000543
cell 8 1.19839862 0.04908739 0.1 0.09817477 3383.0 3883.0 3704.0 6534.0 80000544
cell 8 1.19839862 0.14726216 0.1 0.09817477 3383.0 3883.0 3704.0 6534.0 80000545
cell 8 1.19839862 0.24543693 0.1 0.09817477 3383.0 3883.0 3704.0 6534.0 80000546
cell 8 1.19839862 0.3436117 0.1 0.09817477 3383.0 3883.0 3704.0 6534.0 80000547
cell 8 1.19839862 0.44178647 0.1 0.09817477 3383.0 3883.0 3704.0 6534.0 80000548
cell 8 1.19839862 0.53996124 0.1 0.09817477 3383.0 3883.0 3704.0 6534.0 80000549
cell 8 1.19839862 0.63813601 0.1 0.09817477 3383.0 3883.0 3704.0 6534.0 80000550
cell 8 1.19839862 0.73631078 0.1 0.09817477 3383.0 3883.0 3704.0 6534.0 80000551
cell 8 1.19839862 0.83448555 0.1 0.09817477 3383.0 3883.0 3704.0 6534.0 80000552
cell 8 1.19839862 0.93266032 0.1 0.09817477 3383.0 3883.0 3704.0 6534.0 80000553
cell 8 1.19839862 1.03083509 0.1 0.09817477 3383.0 3883.0 3704.0 6534.0 80000554
cell 8 1.19839862 1.12900986 0.1 0.09817477 3383.0 3883.0 3704.0 6534.0 80000555
cell 8 1.19839862 1.22718463 0.1 0.09817477 3383.0 3883.0 3704.0 6534.0 80000556
cell 8 1.19839862 1.3253594 0.1 0.09817477 3383.0 3883.0 3704.0 6534.0 80000557
cell 8 1.19839862 1.42353417 0.1 0.09817477 3383.0 3883.0 3704.0 6534.0 80000558
cell 8 1.19839862 1.52170894 0.1 0.09817477 3383.0 3883.0 3704.0 6534.0 80000559
cell 8 1.19839862 1.61988371 0.1 0.09817477 3383.0 3883.0 3704.0 6534.0 80000560
cell 8 1.19839862 1.71805848 0.1 0.09817477 3383.0 3883.0 3704.0 6534.0 80000561
cell 8 1.19839862 1.81623325 0.1 0.09817477 3383.0 3883.0 3704.0 6534.0 80000562
cell 8 1.19839862 1.91440802 0.1 0.09817477 3383.0 3883.0 3704.0 6534.0 80000563
cell 8 1.19839862 2.01258279 0.1 0.09817477 3383.0 3883.0 3704.0 6534.0 80000564
cell 8 1.19839862 2.11075756 0.1 0.09817477 3383.0 3883.0 3704.0 6534.0 80000565
cell 8 1.19839862 2.20893233 0.1 0.09817477 3383.0 3883.0 3704.0 6534.0 80000566
cell 8 1.19839862 2.3071071 0.1 0.09817477 3383.0 3883.0 3704.0 6534.0 80000567
cell 8 1.19839862 2.40528188 0.1 0.09817477 3383.0 3883.0 3704.0 6534.0 80000568
cell 8 1.19839862 2.50345665 0.1 0.09817477 3383.0 3883.0 3704.0 6534.0 80000569
cell 8 1.19839862 2.60163142 0.1 0.09817477 3383.0 3883.0 3704.0 6534.0 80000570
cell 8 1.19839862 2.69980619 0.1 0.09817477 3383.0 3883.0 3704.0 6534.0 80000571
cell 8 1.19839862 2.79798096 0.1 0.09817477 3383.0 3883.0 3704.0 6534.0 80000572
cell 8 1.19839862 2.89615573 0.1 0.09817477 3383.0 3883.0 3704.0 6534.0 80000573
cell 8 1.19839862 2.9943305 0.1 0.09817477 3383.0 3883.0 3704.0 6534.0 80000574
cell 8 1.19839862 3.09250527 0.1 0.09817477 3383.0 3883.0 3704.0 6534.0 80000575
cell 8 1.29839862 -3.09250527 0.1 0.09817477 3383.0 3883.0 3704.0 6534.0 80000576
cell 8 1.29839862 -2.9943305 0.1 0.09817477 3383.0 3883.0 3704.0 6534.0 80000577
cell 8 1.29839862 -2.89615573 0.1 0.09817477 3383.0 3883.0 3704.0 6534.0 80000578
cell 8 1.29839862 -2.79798096 0.1 0.09817477 3383.0 3883.0 3704.0 6534.0 80000579
cell 8 1.29839862 -2.69980619 0.1 0.09817477 3383.0 3883.0 3704.0 6534.0 80000580
cell 8 1.29839862 -2.60163142 0.1 0.09817477 3383.0 3883.0 3704.0 6534.0 80000581
cell 8 1.29839862 -2.50345665 0.1 0.09817477 3383.0 3883.0 3704.0 6534.0 80000582
cell 8 1.29839862 -2.40528188 0.1 0.09817477 3383.0 3883.0 3704.0 6534.0 80000583
cell 8 1.29839862 -2.3071071 0.1 0.09817477 3383.0 3883.0 3704.0 6534.0 80000584
cell 8 1.29839862 -2.20893233 0.1 0.09817477 3383.0 3883.0 3704.0 6534.0 80000585
cell 8 1.29839862 -2.11075756 0.1 0.09817477 3383.0 3883.0 3704.0 6534.0 80000586
cell 8 1.29839862 -2.01258279 0.1 0.09817477 3383.0 3883.0 3704.0 6534.0 80000587
cell 8 1.29839862 -1.91440802 0.1 0.09817477 3383.0 3883.0 3704.0 6534.0 80000588
cell 8 1.29839862 -1.81623325 0.1 0.09817477 3383.0 3883.0 3704.0 6534.0 80000589
cell 8 1.29839862 -1.71805848 0.1 0.09817477 3383.0 3883.0 3704.0 6534.0 80000590
cell 8 1.29839862 -1.61988371 0.1 0.09817477 3383.0 3883.0 3704.0 6534.0 80000591
cell 8 1.29839862 -1.52170894 0.1 0.09817477 3383.0 3883.0 3704.0 6534.0 80000592
cell 8 1.29839862 -1.42353417 0.1 0.09817477 3383.0 3883.0 3704.0 6534.0 80000593
cell 8 1.29839862 -1.3253594 0.1 0.09817477 3383.0 3883.0 3704.0 6534.0 80000594
cell 8 1.29839862 -1.22718463 0.1 0.09817477 3383.0 3883.0 3704.0 6534.0 80000595
cell 8 1.29839862 -1.12900986 0.1 0.09817477 3383.0 3883.0 3704.0 6534.0 80000596
cell 8 1.29839862 -1.03083509 0.1 0.09817477 3383.0 3883.0 3704.0 6534.0 80000597
cell 8 1.29839862 -0.93266032 0.1 0.09817477 3383.0 3883.0 3704.0 6534.0 80000598
cell 8 1.29839862 -0.83448555 0.1 0.09817477 3383.0 3883.0 3704.0 6534.0 80000599
cell 8 1.29839862 -0.73631078 0.1 0.09817477 3383.0 3883.0 3704.0 6534.0 80000600
cell 8 1.29839862 -0.63813601 0.1 0.09817477 3383.0 3883.0 3704.0 6534.0 80000601
cell 8 1.29839862 -0.53996124 0.1 0.09817477 3383.0 3883.0 3704.0 6534.0 80000602
cell 8 1.29839862 -0.44178647 0.1 0.09817477 3383.0 3883.0 3704.0 6534.0 80000603
cell 8 1.29839862 -0.3436117 0.1 0.09817477 3383.0 3883.0 3704.0 6534.0 80000604
cell 8 1.29839862 -0.24543693 0.1 0.09817477 3383.0 3883.0 3704.0 6534.0 80000605
cell 8 1.29839862 -0.14726216 0.1 0.09817477 3383.0 3883.0 3704.0 6534.0 80000606
cell 8 1.29839862 -0.04908739 0.1 0.09817477 3383.0 3883.0 3704.0 6534.0 80000607
cell 8 1.29839862 0.04908739 0.1 0.09817477 3383.0 3883.0 3704.0 6534.0 80000608
cell 8 1.29839862 0.14726216 0.1 0.09817477 3383.0 3883.0 3704.0 6534.0 80000609
cell 8 1.29839862 0.24543693 0.1 0.09817477 3383.0 3883.0 3704.0 6534.0 80000610
cell 8 1.29839862 0.3436117 0.1 0.09817477 3383.0 3883.0 3704.0 6534.0 80000611
cell 8 1.29839862 0.44178647 0.1 0.09817477 3383.0 3883.0 3704.0 6534.0 80000612
cell 8 1.29839862 0.53996124 0.1 0.09817477 3383.0 3883.0 3704.0 6534.0 80000613
cell 8 1.29839862 0.63813601 0.1 0.09817477 3383.0 3883.0 3704.0 6534.0 80000614
cell 8 1.29839862 0.73631078 0.1 0.09817477 3383.0 3883.0 3704.0 6534.0 80000615
cell 8 1.29839862 0.83448555 0.1 0.09817477 3383.0 3883.0 3704.0 6534.0 80000616
cell 8 1.29839862 0.93266032 0.1 0.09817477 3383.0 3883.0 3704.0 6534.0 80000617
cell 8 1.29839862 1.03083509 0.1 0.09817477 3383.0 3883.0 3704.0 6534.0 80000618
cell 8 1.29839862 1.12900986 0.1 0.09817477 3383.0 3883.0 3704.0 6534.0 80000619
cell 8 1.29839862 1.22718463 0.1 0.09817477 3383.0 3883.0 3704.0 6534.0 80000620
cell 8 1.29839862 1.3253594 0.1 0.09817477 3383.0 3883.0 3704.0 6534.0 80000621
cell 8 1.29839862 1.42353417 0.1 0.09817477 3383.0 3883.0 3704.0 6534.0 80000622
cell 8 1.29839862 1.52170894 0.1 0.09817477 3383.0 3883.0 3704.0 6534.0 80000623
cell 8 1.29839862 1.61988371 0.1 0.09817477 3383.0 3883.0 3704.0 6534.0 80000624
cell 8 1.29839862 1.71805848 0.1 0.09817477 3383.0 3883.0 3704.0 6534.0 80000625
cell 8 1.29839862 1.81623325 0.1 0.09817477 3383.0 3883.0 3704.0 6534.0 80000626
cell 8 1.29839862 1.91440802 0.1 0.09817477 3383.0 3883.0 3704.0 6534.0 80000627
cell 8 1.29839862 2.01258279 0.1 0.09817477 3383.0 3883.0 3704.0 6534.0 80000628
cell 8 1.29839862 2.11075756 0.1 0.09817477 3383.0 3883.0 3704.0 6534.0 80000629
cell 8 1.29839862 2.20893233 0.1 0.09817477 3383.0 3883.0 3704.0 6534.0 80000630
cell 8 1.29839862 2.3071071 0.1 0.09817477 3383.0 3883.0 3704.0 6534.0 80000631
cell 8 1.29839862 2.40528188 0.1 0.09817477 3383.0 3883.0 3704.0 6534.0 80000632
cell 8 1.29839862 2.50345665 0.1 0.09817477 3383.0 3883.0 3704.0 6534.0 80000633
cell 8 1.29839862 2.60163142 0.1 0.09817477 3383.0 3883.0 3704.0 6534.0 80000634
cell 8 1.29839862 2.69980619 0.1 0.09817477 3383.0 3883.0 3704.0 6534.0 80000635
cell 8 1.29839862 2.79798096 0.1 0.09817477 3383.0 3883.0 3704.0 6534.0 80000636
cell 8 1.29839862 2.89615573 0.1 0.09817477 3383.0 3883.0 3704.0 6534.0 80000637
cell 8 1.29839862 2.9943305 0.1 0.09817477 3383.0 3883.0 3704.0 6534.0 80000638
cell 8 1.29839862 3.09250527 0.1 0.09817477 3383.0 3883.0 3704.0 6534.0 80000639
