# sample segmentation eta phi delta_eta delta_phi rmin rmax zmin zmax
config 3 15 1 2.5 3.2 475.0 2030.0 4551.0 5087.0
eta_bins -3.1 -2.9 -2.7 -2.5 2.5 2.7 2.9 3.1
phi_bins -3.1416 -2.9452 -2.7489 -2.5525 -2.3562 -2.1598 -1.9635 -1.7671 -1.5708 -1.3744 -1.1781 -0.9817 -0.7854 -0.589 -0.3927 -0.1963 0.0 0.1963 0.3927 0.589 0.7854 0.9817 1.1781 1.3744 1.5708 1.7671 1.9635 2.1598 2.3562 2.5525 2.7489 2.9452 3.1416
cell 3 15 -3.0 -3.04341788 0.2 0.19634954 475.0 2030.0 4551.0 5087.0 3151000000
cell 3 15 -3.0 -2.84706834 0.2 0.19634954 475.0 2030.0 4551.0 5087.0 3151000001
cell 3 15 -3.0 -2.6507188 0.2 0.19634954 475.0 2030.0 4551.0 5087.0 3151000002
cell 3 15 -3.0 -2.45436926 0.2 0.19634954 475.0 2030.0 4551.0 5087.0 3151000003
cell 3 15 -3.0 -2.25801972 0.2 0.19634954 475.0 2030.0 4551.0 5087.0 3151000004
cell 3 15 -3.0 -2.06167018 0.2 0.19634954 475.0 2030.0 4551.0 5087.0 3151000005
cell 3 15 -3.0 -1.86532064 0.2 0.19634954 475.0 2030.0 4551.0 5087.0 3151000006
cell 3 15 -3.0 -1.6689711 0.2 0.19634954 475.0 2030.0 4551.0 5087.0 3151000007
cell 3 15 -3.0 -1.47262156 0.2 0.19634954 475.0 2030.0 4551.0 5087.0 3151000008
cell 3 15 -3.0 -1.27627202 0.2 0.19634954 475.0 2030.0 4551.0 5087.0 3151000009
cell 3 15 -3.0 -1.07992247 0.2 0.19634954 475.0 2030.0 4551.0 5087.0 3151000010
cell 3 15 -3.0 -0.88357293 0.2 0.19634954 475.0 2030.0 4551.0 5087.0 3151000011
cell 3 15 -3.0 -0.68722339 0.2 0.19634954 475.0 2030.0 4551.0 5087.0 3151000012
cell 3 15 -3.0 -0.49087385 0.2 0.19634954 475.0 2030.0 4551.0 5087.0 3151000013
cell 3 15 -3.0 -0.29452431 0.2 0.19634954 475.0 2030.0 4551.0 5087.0 3151000014
cell 3 15 -3.0 -0.09817477 0.2 0.19634954 475.0 2030.0 4551.0 5087.0 3151000015
cell 3 15 -3.0 0.09817477 0.2 0.19634954 475.0 2030.0 4551.0 5087.0 3151000016
cell 3 15 -3.0 0.29452431 0.2 0.19634954 475.0 2030.0 4551.0 5087.0 3151000017
cell 3 15 -3.0 0.49087385 0.2 0.19634954 475.0 2030.0 4551.0 5087.0 3151000018
cell 3 15 -3.0 0.68722339 0.2 0.19634954 475.0 2030.0 4551.0 5087.0 3151000019
cell 3 15 -3.0 0.88357293 0.2 0.19634954 475.0 2030.0 4551.0 5087.0 3151000020
cell 3 15 -3.0 1.07992247 0.2 0.19634954 475.0 2030.0 4551.0 5087.0 3151000021
cell 3 15 -3.0 1.27627202 0.2 0.19634954 475.0 2030.0 4551.0 5087.0 3151000022
cell 3 15 -3.0 1.47262156 0.2 0.19634954 475.0 2030.0 4551.0 5087.0 3151000023
cell 3 15 -3.0 1.6689711 0.2 0.19634954 475.0 2030.0 4551.0 5087.0 3151000024
cell 3 15 -3.0 1.86532064 0.2 0.19634954 475.0 2030.0 4551.0 5087.0 3151000025
cell 3 15 -3.0 2.06167018 0.2 0.19634954 475.0 2030.0 4551.0 5087.0 3151000026
cell 3 15 -3.0 2.25801972 0.2 0.19634954 475.0 2030.0 4551.0 5087.0 3151000027
cell 3 15 -3.0 2.45436926 0.2 0.19634954 475.0 2030.0 4551.0 5087.0 3151000028
cell 3 15 -3.0 2.6507188 0.2 0.19634954 475.0 2030.0 4551.0 5087.0 3151000029
cell 3 15 -3.0 2.84706834 0.2 0.19634954 475.0 2030.0 4551.0 5087.0 3151000030
cell 3 15 -3.0 3.04341788 0.2 0.19634954 475.0 2030.0 4551.0 5087.0 3151000031
cell 3 15 -2.8 -3.04341788 0.2 0.19634954 475.0 2030.0 4551.0 5087.0 3151000032
cell 3 15 -2.8 -2.84706834 0.2 0.19634954 475.0 2030.0 4551.0 5087.0 3151000033
cell 3 15 -2.8 -2.6507188 0.2 0.19634954 475.0 2030.0 4551.0 5087.0 3151000034
cell 3 15 -2.8 -2.45436926 0.2 0.19634954 475.0 2030.0 4551.0 5087.0 3151000035
cell 3 15 -2.8 -2.25801972 0.2 0.19634954 475.0 2030.0 4551.0 5087.0 3151000036
cell 3 15 -2.8 -2.06167018 0.2 0.19634954 475.0 2030.0 4551.0 5087.0 3151000037
cell 3 15 -2.8 -1.86532064 0.2 0.19634954 475.0 2030.0 4551.0 5087.0 3151000038
cell 3 15 -2.8 -1.6689711 0.2 0.19634954 475.0 2030.0 4551.0 5087.0 3151000039
cell 3 15 -2.8 -1.47262156 0.2 0.19634954 475.0 2030.0 4551.0 5087.0 3151000040
cell 3 15 -2.8 -1.27627202 0.2 0.19634954 475.0 2030.0 4551.0 5087.0 3151000041
cell 3 15 -2.8 -1.07992247 0.2 0.19634954 475.0 2030.0 4551.0 5087.0 3151000042
cell 3 15 -2.8 -0.88357293 0.2 0.19634954 475.0 2030.0 4551.0 5087.0 3151000043
cell 3 15 -2.8 -0.68722339 0.2 0.19634954 475.0 2030.0 4551.0 5087.0 3151000044
cell 3 15 -2.8 -0.49087385 0.2 0.19634954 475.0 2030.0 4551.0 5087.0 3151000045
cell 3 15 -2.8 -0.29452431 0.2 0.19634954 475.0 2030.0 4551.0 5087.0 3151000046
cell 3 15 -2.8 -0.09817477 0.2 0.19634954 475.0 2030.0 4551.0 5087.0 3151000047
cell 3 15 -2.8 0.09817477 0.2 0.19634954 475.0 2030.0 4551.0 5087.0 3151000048
cell 3 15 -2.8 0.29452431 0.2 0.19634954 475.0 2030.0 4551.0 5087.0 3151000049
cell 3 15 -2.8 0.49087385 0.2 0.19634954 475.0 2030.0 4551.0 5087.0 3151000050
cell 3 15 -2.8 0.68722339 0.2 0.19634954 475.0 2030.0 4551.0 5087.0 3151000051
cell 3 15 -2.8 0.88357293 0.2 0.19634954 475.0 2030.0 4551.0 5087.0 3151000052
cell 3 15 -2.8 1.07992247 0.2 0.19634954 475.0 2030.0 4551.0 5087.0 3151000053
cell 3 15 -2.8 1.27627202 0.2 0.19634954 475.0 2030.0 4551.0 5087.0 3151000054
cell 3 15 -2.8 1.47262156 0.2 0.19634954 475.0 2030.0 4551.0 5087.0 3151000055
cell 3 15 -2.8 1.6689711 0.2 0.19634954 475.0 2030.0 4551.0 5087.0 3151000056
cell 3 15 -2.8 1.86532064 0.2 0.19634954 475.0 2030.0 4551.0 5087.0 3151000057
cell 3 15 -2.8 2.06167018 0.2 0.19634954 475.0 2030.0 4551.0 5087.0 3151000058
cell 3 15 -2.8 2.25801972 0.2 0.19634954 475.0 2030.0 4551.0 5087.0 3151000059
cell 3 15 -2.8 2.45436926 0.2 0.19634954 475.0 2030.0 4551.0 5087.0 3151000060
cell 3 15 -2.8 2.6507188 0.2 0.19634954 475.0 2030.0 4551.0 5087.0 3151000061
cell 3 15 -2.8 2.84706834 0.2 0.19634954 475.0 2030.0 4551.0 5087.0 3151000062
cell 3 15 -2.8 3.04341788 0.2 0.19634954 475.0 2030.0 4551.0 5087.0 3151000063
cell 3 15 -2.6 -3.04341788 0.2 0.19634954 475.0 2030.0 4551.0 5087.0 3151000064
cell 3 15 -2.6 -2.84706834 0.2 0.19634954 475.0 2030.0 4551.0 5087.0 3151000065
cell 3 15 -2.6 -2.6507188 0.2 0.19634954 475.0 2030.0 4551.0 5087.0 3151000066
cell 3 15 -2.6 -2.45436926 0.2 0.19634954 475.0 2030.0 4551.0 5087.0 3151000067
cell 3 15 -2.6 -2.25801972 0.2 0.19634954 475.0 2030.0 4551.0 5087.0 3151000068
cell 3 15 -2.6 -2.06167018 0.2 0.19634954 475.0 2030.0 4551.0 5087.0 3151000069
cell 3 15 -2.6 -1.86532064 0.2 0.19634954 475.0 2030.0 4551.0 5087.0 3151000070
cell 3 15 -2.6 -1.6689711 0.2 0.19634954 475.0 2030.0 4551.0 5087.0 3151000071
cell 3 15 -2.6 -1.47262156 0.2 0.19634954 475.0 2030.0 4551.0 5087.0 3151000072
cell 3 15 -2.6 -1.27627202 0.2 0.19634954 475.0 2030.0 4551.0 5087.0 3151000073
cell 3 15 -2.6 -1.07992247 0.2 0.19634954 475.0 2030.0 4551.0 5087.0 3151000074
cell 3 15 -2.6 -0.88357293 0.2 0.19634954 475.0 2030.0 4551.0 5087.0 3151000075
cell 3 15 -2.6 -0.68722339 0.2 0.19634954 475.0 2030.0 4551.0 5087.0 3151000076
cell 3 15 -2.6 -0.49087385 0.2 0.19634954 475.0 2030.0 4551.0 5087.0 3151000077
cell 3 15 -2.6 -0.29452431 0.2 0.19634954 475.0 2030.0 4551.0 5087.0 3151000078
cell 3 15 -2.6 -0.09817477 0.2 0.19634954 475.0 2030.0 4551.0 5087.0 3151000079
cell 3 15 -2.6 0.09817477 0.2 0.19634954 475.0 2030.0 4551.0 5087.0 3151000080
cell 3 15 -2.6 0.29452431 0.2 0.19634954 475.0 2030.0 4551.0 5087.0 3151000081
cell 3 15 -2.6 0.49087385 0.2 0.19634954 475.0 2030.0 4551.0 5087.0 3151000082
cell 3 15 -2.6 0.68722339 0.2 0.19634954 475.0 2030.0 4551.0 5087.0 3151000083
cell 3 15 -2.6 0.88357293 0.2 0.19634954 475.0 2030.0 4551.0 5087.0 3151000084
cell 3 15 -2.6 1.07992247 0.2 0.19634954 475.0 2030.0 4551.0 5087.0 3151000085
cell 3 15 -2.6 1.27627202 0.2 0.19634954 475.0 2030.0 4551.0 5087.0 3151000086
cell 3 15 -2.6 1.47262156 0.2 0.19634954 475.0 2030.0 4551.0 5087.0 3151000087
cell 3 15 -2.6 1.6689711 0.2 0.19634954 475.0 2030.0 4551.0 5087.0 3151000088
cell 3 15 -2.6 1.86532064 0.2 0.19634954 475.0 2030.0 4551.0 5087.0 3151000089
cell 3 15 -2.6 2.06167018 0.2 0.19634954 475.0 2030.0 4551.0 5087.0 3151000090
cell 3 15 -2.6 2.25801972 0.2 0.19634954 475.0 2030.0 4551.0 5087.0 3151000091
cell 3 15 -2.6 2.45436926 0.2 0.19634954 475.0 2030.0 4551.0 5087.0 3151000092
cell 3 15 -2.6 2.6507188 0.2 0.19634954 475.0 2030.0 4551.0 5087.0 3151000093
cell 3 15 -2.6 2.84706834 0.2 0.19634954 475.0 2030.0 4551.0 5087.0 3151000094
cell 3 15 -2.6 3.04341788 0.2 0.19634954 475.0 2030.0 4551.0 5087.0 3151000095
cell 3 15 2.6 -3.04341788 0.2 0.19634954 475.0 2030.0 4551.0 5087.0 3151000128
cell 3 15 2.6 -2.84706834 0.2 0.19634954 475.0 2030.0 4551.0 5087.0 3151000129
cell 3 15 2.6 -2.6507188 0.2 0.19634954 475.0 2030.0 4551.0 5087.0 3151000130
cell 3 15 2.6 -2.45436926 0.2 0.19634954 475.0 2030.0 4551.0 5087.0 3151000131
cell 3 15 2.6 -2.25801972 0.2 0.19634954 475.0 2030.0 4551.0 5087.0 3151000132
cell 3 15 2.6 -2.06167018 0.2 0.19634954 475.0 2030.0 4551.0 5087.0 3151000133
cell 3 15 2.6 -1.86532064 0.2 0.19634954 475.0 2030.0 4551.0 5087.0 3151000134
cell 3 15 2.6 -1.6689711 0.2 0.19634954 475.0 2030.0 4551.0 5087.0 3151000135
cell 3 15 2.6 -1.47262156 0.2 0.19634954 475.0 2030.0 4551.0 5087.0 3151000136
cell 3 15 2.6 -1.27627202 0.2 0.19634954 475.0 2030.0 4551.0 5087.0 3151000137
cell 3 15 2.6 -1.07992247 0.2 0.19634954 475.0 2030.0 4551.0 5087.0 3151000138
cell 3 15 2.6 -0.88357293 0.2 0.19634954 475.0 2030.0 4551.0 5087.0 3151000139
cell 3 15 2.6 -0.68722339 0.2 0.19634954 475.0 2030.0 4551.0 5087.0 3151000140
cell 3 15 2.6 -0.49087385 0.2 0.19634954 475.0 2030.0 4551.0 5087.0 3151000141
cell 3 15 2.6 -0.29452431 0.2 0.19634954 475.0 2030.0 4551.0 5087.0 3151000142
cell 3 15 2.6 -0.09817477 0.2 0.19634954 475.0 2030.0 4551.0 5087.0 3151000143
cell 3 15 2.6 0.09817477 0.2 0.19634954 475.0 2030.0 4551.0 5087.0 3151000144
cell 3 15 2.6 0.29452431 0.2 0.19634954 475.0 2030.0 4551.0 5087.0 3151000145
cell 3 15 2.6 0.49087385 0.2 0.19634954 475.0 2030.0 4551.0 5087.0 3151000146
cell 3 15 2.6 0.68722339 0.2 0.19634954 475.0 2030.0 4551.0 5087.0 3151000147
cell 3 15 2.6 0.88357293 0.2 0.19634954 475.0 2030.0 4551.0 5087.0 3151000148
cell 3 15 2.6 1.07992247 0.2 0.19634954 475.0 2030.0 4551.0 5087.0 3151000149
cell 3 15 2.6 1.27627202 0.2 0.19634954 475.0 2030.0 4551.0 5087.0 3151000150
cell 3 15 2.6 1.47262156 0.2 0.19634954 475.0 2030.0 4551.0 5087.0 3151000151
cell 3 15 2.6 1.6689711 0.2 0.19634954 475.0 2030.0 4551.0 5087.0 3151000152
cell 3 15 2.6 1.86532064 0.2 0.19634954 475.0 2030.0 4551.0 5087.0 3151000153
cell 3 15 2.6 2.06167018 0.2 0.19634954 475.0 2030.0 4551.0 5087.0 3151000154
cell 3 15 2.6 2.25801972 0.2 0.19634954 475.0 2030.0 4551.0 5087.0 3151000155
cell 3 15 2.6 2.45436926 0.2 0.19634954 475.0 2030.0 4551.0 5087.0 3151000156
cell 3 15 2.6 2.6507188 0.2 0.19634954 475.0 2030.0 4551.0 5087.0 3151000157
cell 3 15 2.6 2.84706834 0.2 0.19634954 475.0 2030.0 4551.0 5087.0 3151000158
cell 3 15 2.6 3.04341788 0.2 0.19634954 475.0 2030.0 4551.0 5087.0 3151000159
cell 3 15 2.8 -3.04341788 0.2 0.19634954 475.0 2030.0 4551.0 5087.0 3151000160
cell 3 15 2.8 -2.84706834 0.2 0.19634954 475.0 2030.0 4551.0 5087.0 3151000161
cell 3 15 2.8 -2.6507188 0.2 0.19634954 475.0 2030.0 4551.0 5087.0 3151000162
cell 3 15 2.8 -2.45436926 0.2 0.19634954 475.0 2030.0 4551.0 5087.0 3151000163
cell 3 15 2.8 -2.25801972 0.2 0.19634954 475.0 2030.0 4551.0 5087.0 3151000164
cell 3 15 2.8 -2.06167018 0.2 0.19634954 475.0 2030.0 4551.0 5087.0 3151000165
cell 3 15 2.8 -1.86532064 0.2 0.19634954 475.0 2030.0 4551.0 5087.0 3151000166
cell 3 15 2.8 -1.6689711 0.2 0.19634954 475.0 2030.0 4551.0 5087.0 3151000167
cell 3 15 2.8 -1.47262156 0.2 0.19634954 475.0 2030.0 4551.0 5087.0 3151000168
cell 3 15 2.8 -1.27627202 0.2 0.19634954 475.0 2030.0 4551.0 5087.0 3151000169
cell 3 15 2.8 -1.07992247 0.2 0.19634954 475.0 2030.0 4551.0 5087.0 3151000170
cell 3 15 2.8 -0.88357293 0.2 0.19634954 475.0 2030.0 4551.0 5087.0 3151000171
cell 3 15 2.8 -0.68722339 0.2 0.19634954 475.0 2030.0 4551.0 5087.0 3151000172
cell 3 15 2.8 -0.49087385 0.2 0.19634954 475.0 2030.0 4551.0 5087.0 3151000173
cell 3 15 2.8 -0.29452431 0.2 0.19634954 475.0 2030.0 4551.0 5087.0 3151000174
cell 3 15 2.8 -0.09817477 0.2 0.19634954 475.0 2030.0 4551.0 5087.0 3151000175
cell 3 15 2.8 0.09817477 0.2 0.19634954 475.0 2030.0 4551.0 5087.0 3151000176
cell 3 15 2.8 0.29452431 0.2 0.19634954 475.0 2030.0 4551.0 5087.0 3151000177
cell 3 15 2.8 0.49087385 0.2 0.19634954 475.0 2030.0 4551.0 5087.0 3151000178
cell 3 15 2.8 0.68722339 0.2 0.19634954 475.0 2030.0 4551.0 5087.0 3151000179
cell 3 15 2.8 0.88357293 0.2 0.19634954 475.0 2030.0 4551.0 5087.0 3151000180
cell 3 15 2.8 1.07992247 0.2 0.19634954 475.0 2030.0 4551.0 5087.0 3151000181
cell 3 15 2.8 1.27627202 0.2 0.19634954 475.0 2030.0 4551.0 5087.0 3151000182
cell 3 15 2.8 1.47262156 0.2 0.19634954 475.0 2030.0 4551.0 5087.0 3151000183
cell 3 15 2.8 1.6689711 0.2 0.19634954 475.0 2030.0 4551.0 5087.0 3151000184
cell 3 15 2.8 1.86532064 0.2 0.19634954 475.0 2030.0 4551.0 5087.0 3151000185
cell 3 15 2.8 2.06167018 0.2 0.19634954 475.0 2030.0 4551.0 5087.0 3151000186
cell 3 15 2.8 2.25801972 0.2 0.19634954 475.0 2030.0 4551.0 5087.0 3151000187
cell 3 15 2.8 2.45436926 0.2 0.19634954 475.0 2030.0 4551.0 5087.0 3151000188
cell 3 15 2.8 2.6507188 0.2 0.19634954 475.0 2030.0 4551.0 5087.0 3151000189
cell 3 15 2.8 2.84706834 0.2 0.19634954 475.0 2030.0 4551.0 5087.0 3151000190
cell 3 15 2.8 3.04341788 0.2 0.19634954 475.0 2030.0 4551.0 5087.0 3151000191
cell 3 15 3.0 -3.04341788 0.2 0.19634954 475.0 2030.0 4551.0 5087.0 3151000192
cell 3 15 3.0 -2.84706834 0.2 0.19634954 475.0 2030.0 4551.0 5087.0 3151000193
cell 3 15 3.0 -2.6507188 0.2 0.19634954 475.0 2030.0 4551.0 5087.0 3151000194
cell 3 15 3.0 -2.45436926 0.2 0.19634954 475.0 2030.0 4551.0 5087.0 3151000195
cell 3 15 3.0 -2.25801972 0.2 0.19634954 475.0 2030.0 4551.0 5087.0 3151000196
cell 3 15 3.0 -2.06167018 0.2 0.19634954 475.0 2030.0 4551.0 5087.0 3151000197
cell 3 15 3.0 -1.86532064 0.2 0.19634954 475.0 2030.0 4551.0 5087.0 3151000198
cell 3 15 3.0 -1.6689711 0.2 0.19634954 475.0 2030.0 4551.0 5087.0 3151000199
cell 3 15 3.0 -1.47262156 0.2 0.19634954 475.0 2030.0 4551.0 5087.0 3151000200
cell 3 15 3.0 -1.27627202 0.2 0.19634954 475.0 2030.0 4551.0 5087.0 3151000201
cell 3 15 3.0 -1.07992247 0.2 0.19634954 475.0 2030.0 4551.0 5087.0 3151000202
cell 3 15 3.0 -0.88357293 0.2 0.19634954 475.0 2030.0 4551.0 5087.0 3151000203
cell 3 15 3.0 -0.68722339 0.2 0.19634954 475.0 2030.0 4551.0 5087.0 3151000204
cell 3 15 3.0 -0.49087385 0.2 0.19634954 475.0 2030.0 4551.0 5087.0 3151000205
cell 3 15 3.0 -0.29452431 0.2 0.19634954 475.0 2030.0 4551.0 5087.0 3151000206
cell 3 15 3.0 -0.09817477 0.2 0.19634954 475.0 2030.0 4551.0 5087.0 3151000207
cell 3 15 3.0 0.09817477 0.2 0.19634954 475.0 2030.0 4551.0 5087.0 3151000208
cell 3 15 3.0 0.29452431 0.2 0.19634954 475.0 2030.0 4551.0 5087.0 3151000209
cell 3 15 3.0 0.49087385 0.2 0.19634954 475.0 2030.0 4551.0 5087.0 3151000210
cell 3 15 3.0 0.68722339 0.2 0.19634954 475.0 2030.0 4551.0 5087.0 3151000211
cell 3 15 3.0 0.88357293 0.2 0.19634954 475.0 2030.0 4551.0 5087.0 3151000212
cell 3 15 3.0 1.07992247 0.2 0.19634954 475.0 2030.0 4551.0 5087.0 3151000213
cell 3 15 3.0 1.27627202 0.2 0.19634954 475.0 2030.0 4551.0 5087.0 3151000214
cell 3 15 3.0 1.47262156 0.2 0.19634954 475.0 2030.0 4551.0 5087.0 3151000215
cell 3 15 3.0 1.6689711 0.2 0.19634954 475.0 2030.0 4551.0 5087.0 3151000216
cell 3 15 3.0 1.86532064 0.2 0.19634954 475.0 2030.0 4551.0 5087.0 3151000217
cell 3 15 3.0 2.06167018 0.2 0.19634954 475.0 2030.0 4551.0 5087.0 3151000218
cell 3 15 3.0 2.25801972 0.2 0.19634954 475.0 2030.0 4551.0 5087.0 3151000219
cell 3 15 3.0 2.45436926 0.2 0.19634954 475.0 2030.0 4551.0 5087.0 3151000220
cell 3 15 3.0 2.6507188 0.2 0.19634954 475.0 2030.0 4551.0 5087.0 3151000221
cell 3 15 3.0 2.84706834 0.2 0.19634954 475.0 2030.0 4551.0 5087.0 3151000222
cell 3 15 3.0 3.04341788 0.2 0.19634954 475.0 2030.0 4551.0 5087.0 3151000223
