# sample segmentation eta phi delta_eta delta_phi rmin rmax zmin zmax
config 4 0 0.0 1.09334497 2283.0 3383.0 0 3024.0
eta_bins -1.0 -0.9 -0.8 -0.7 -0.6 -0.5 -0.4 -0.3 -0.2 -0.1 0.0 0.1 0.2 0.3 0.4 0.5 0.6 0.7 0.8 0.9 1.0
phi_bins -3.1416 -3.0434 -2.9452 -2.8471 -2.7489 -2.6507 -2.5525 -2.4544 -2.3562 -2.258 -2.1598 -2.0617 -1.9635 -1.8653 -1.7671 -1.669 -1.5708 -1.4726 -1.3744 -1.2763 -1.1781 -1.0799 -0.9817 -0.8836 -0.7854 -0.6872 -0.589 -0.4909 -0.3927 -0.2945 -0.1963 -0.0982 0.0 0.0982 0.1963 0.2945 0.3927 0.4909 0.589 0.6872 0.7854 0.8836 0.9817 1.0799 1.1781 1.2763 1.3744 1.4726 1.5708 1.669 1.7671 1.8653 1.9635 2.0617 2.1598 2.258 2.3562 2.4544 2.5525 2.6507 2.7489 2.8471 2.9452 3.0434 3.1416
cell 4 -0.95 -3.09250527 0.1 0.09817477 2283.0 3383.0 0 3024.0 40000000
cell 4 -0.95 -2.9943305 0.1 0.09817477 2283.0 3383.0 0 3024.0 40000001
cell 4 -0.95 -2.89615573 0.1 0.09817477 2283.0 3383.0 0 3024.0 40000002
cell 4 -0.95 -2.79798096 0.1 0.09817477 2283.0 3383.0 0 3024.0 40000003
cell 4 -0.95 -2.69980619 0.1 0.09817477 2283.0 3383.0 0 3024.0 40000004
cell 4 -0.95 -2.60163142 0.1 0.09817477 2283.0 3383.0 0 3024.0 40000005
cell 4 -0.95 -2.50345665 0.1 0.09817477 2283.0 3383.0 0 3024.0 40000006
cell 4 -0.95 -2.40528188 0.1 0.09817477 2283.0 3383.0 0 3024.0 40000007
cell 4 -0.95 -2.3071071 0.1 0.09817477 2283.0 3383.0 0 3024.0 40000008
cell 4 -0.95 -2.20893233 0.1 0.09817477 2283.0 3383.0 0 3024.0 40000009
cell 4 -0.95 -2.11075756 0.1 0.09817477 2283.0 3383.0 0 3024.0 40000010
cell 4 -0.95 -2.01258279 0.1 0.09817477 2283.0 3383.0 0 3024.0 40000011
cell 4 -0.95 -1.91440802 0.1 0.09817477 2283.0 3383.0 0 3024.0 40000012
cell 4 -0.95 -1.81623325 0.1 0.09817477 2283.0 3383.0 0 3024.0 40000013
cell 4 -0.95 -1.71805848 0.1 0.09817477 2283.0 3383.0 0 3024.0 40000014
cell 4 -0.95 -1.61988371 0.1 0.09817477 2283.0 3383.0 0 3024.0 40000015
cell 4 -0.95 -1.52170894 0.1 0.09817477 2283.0 3383.0 0 3024.0 40000016
cell 4 -0.95 -1.42353417 0.1 0.09817477 2283.0 3383.0 0 3024.0 40000017
cell 4 -0.95 -1.3253594 0.1 0.09817477 2283.0 3383.0 0 3024.0 40000018
cell 4 -0.95 -1.22718463 0.1 0.09817477 2283.0 3383.0 0 3024.0 40000019
cell 4 -0.95 -1.12900986 0.1 0.09817477 2283.0 3383.0 0 3024.0 40000020
cell 4 -0.95 -1.03083509 0.1 0.09817477 2283.0 3383.0 0 3024.0 40000021
cell 4 -0.95 -0.93266032 0.1 0.09817477 2283.0 3383.0 0 3024.0 40000022
cell 4 -0.95 -0.83448555 0.1 0.09817477 2283.0 3383.0 0 3024.0 40000023
cell 4 -0.95 -0.73631078 0.1 0.09817477 2283.0 3383.0 0 3024.0 40000024
cell 4 -0.95 -0.63813601 0.1 0.09817477 2283.0 3383.0 0 3024.0 40000025
cell 4 -0.95 -0.53996124 0.1 0.09817477 2283.0 3383.0 0 3024.0 40000026
cell 4 -0.95 -0.44178647 0.1 0.09817477 2283.0 3383.0 0 3024.0 40000027
cell 4 -0.95 -0.3436117 0.1 0.09817477 2283.0 3383.0 0 3024.0 40000028
cell 4 -0.95 -0.24543693 0.1 0.09817477 2283.0 3383.0 0 3024.0 40000029
cell 4 -0.95 -0.14726216 0.1 0.09817477 2283.0 3383.0 0 3024.0 40000030
cell 4 -0.95 -0.04908739 0.1 0.09817477 2283.0 3383.0 0 3024.0 40000031
cell 4 -0.95 0.04908739 0.1 0.09817477 2283.0 3383.0 0 3024.0 40000032
cell 4 -0.95 0.14726216 0.1 0.09817477 2283.0 3383.0 0 3024.0 40000033
cell 4 -0.95 0.24543693 0.1 0.09817477 2283.0 3383.0 0 3024.0 40000034
cell 4 -0.95 0.3436117 0.1 0.09817477 2283.0 3383.0 0 3024.0 40000035
cell 4 -0.95 0.44178647 0.1 0.09817477 2283.0 3383.0 0 3024.0 40000036
cell 4 -0.95 0.53996124 0.1 0.09817477 2283.0 3383.0 0 3024.0 40000037
cell 4 -0.95 0.63813601 0.1 0.09817477 2283.0 3383.0 0 3024.0 40000038
cell 4 -0.95 0.73631078 0.1 0.09817477 2283.0 3383.0 0 3024.0 40000039
cell 4 -0.95 0.83448555 0.1 0.09817477 2283.0 3383.0 0 3024.0 40000040
cell 4 -0.95 0.93266032 0.1 0.09817477 2283.0 3383.0 0 3024.0 40000041
cell 4 -0.95 1.03083509 0.1 0.09817477 2283.0 3383.0 0 3024.0 40000042
cell 4 -0.95 1.12900986 0.1 0.09817477 2283.0 3383.0 0 3024.0 40000043
cell 4 -0.95 1.22718463 0.1 0.09817477 2283.0 3383.0 0 3024.0 40000044
cell 4 -0.95 1.3253594 0.1 0.09817477 2283.0 3383.0 0 3024.0 40000045
cell 4 -0.95 1.42353417 0.1 0.09817477 2283.0 3383.0 0 3024.0 40000046
cell 4 -0.95 1.52170894 0.1 0.09817477 2283.0 3383.0 0 3024.0 40000047
cell 4 -0.95 1.61988371 0.1 0.09817477 2283.0 3383.0 0 3024.0 40000048
cell 4 -0.95 1.71805848 0.1 0.09817477 2283.0 3383.0 0 3024.0 40000049
cell 4 -0.95 1.81623325 0.1 0.09817477 2283.0 3383.0 0 3024.0 40000050
cell 4 -0.95 1.91440802 0.1 0.09817477 2283.0 3383.0 0 3024.0 40000051
cell 4 -0.95 2.01258279 0.1 0.09817477 2283.0 3383.0 0 3024.0 40000052
cell 4 -0.95 2.11075756 0.1 0.09817477 2283.0 3383.0 0 3024.0 40000053
cell 4 -0.95 2.20893233 0.1 0.09817477 2283.0 3383.0 0 3024.0 40000054
cell 4 -0.95 2.3071071 0.1 0.09817477 2283.0 3383.0 0 3024.0 40000055
cell 4 -0.95 2.40528188 0.1 0.09817477 2283.0 3383.0 0 3024.0 40000056
cell 4 -0.95 2.50345665 0.1 0.09817477 2283.0 3383.0 0 3024.0 40000057
cell 4 -0.95 2.60163142 0.1 0.09817477 2283.0 3383.0 0 3024.0 40000058
cell 4 -0.95 2.69980619 0.1 0.09817477 2283.0 3383.0 0 3024.0 40000059
cell 4 -0.95 2.79798096 0.1 0.09817477 2283.0 3383.0 0 3024.0 40000060
cell 4 -0.95 2.89615573 0.1 0.09817477 2283.0 3383.0 0 3024.0 40000061
cell 4 -0.95 2.9943305 0.1 0.09817477 2283.0 3383.0 0 3024.0 40000062
cell 4 -0.95 3.09250527 0.1 0.09817477 2283.0 3383.0 0 3024.0 40000063
cell 4 -0.85 -3.09250527 0.1 0.09817477 2283.0 3383.0 0 3024.0 40000064
cell 4 -0.85 -2.9943305 0.1 0.09817477 2283.0 3383.0 0 3024.0 40000065
cell 4 -0.85 -2.89615573 0.1 0.09817477 2283.0 3383.0 0 3024.0 40000066
cell 4 -0.85 -2.79798096 0.1 0.09817477 2283.0 3383.0 0 3024.0 40000067
cell 4 -0.85 -2.69980619 0.1 0.09817477 2283.0 3383.0 0 3024.0 40000068
cell 4 -0.85 -2.60163142 0.1 0.09817477 2283.0 3383.0 0 3024.0 40000069
cell 4 -0.85 -2.50345665 0.1 0.09817477 2283.0 3383.0 0 3024.0 40000070
cell 4 -0.85 -2.40528188 0.1 0.09817477 2283.0 3383.0 0 3024.0 40000071
cell 4 -0.85 -2.3071071 0.1 0.09817477 2283.0 3383.0 0 3024.0 40000072
cell 4 -0.85 -2.20893233 0.1 0.09817477 2283.0 3383.0 0 3024.0 40000073
cell 4 -0.85 -2.11075756 0.1 0.09817477 2283.0 3383.0 0 3024.0 40000074
cell 4 -0.85 -2.01258279 0.1 0.09817477 2283.0 3383.0 0 3024.0 40000075
cell 4 -0.85 -1.91440802 0.1 0.09817477 2283.0 3383.0 0 3024.0 40000076
cell 4 -0.85 -1.81623325 0.1 0.09817477 2283.0 3383.0 0 3024.0 40000077
cell 4 -0.85 -1.71805848 0.1 0.09817477 2283.0 3383.0 0 3024.0 40000078
cell 4 -0.85 -1.61988371 0.1 0.09817477 2283.0 3383.0 0 3024.0 40000079
cell 4 -0.85 -1.52170894 0.1 0.09817477 2283.0 3383.0 0 3024.0 40000080
cell 4 -0.85 -1.42353417 0.1 0.09817477 2283.0 3383.0 0 3024.0 40000081
cell 4 -0.85 -1.3253594 0.1 0.09817477 2283.0 3383.0 0 3024.0 40000082
cell 4 -0.85 -1.22718463 0.1 0.09817477 2283.0 3383.0 0 3024.0 40000083
cell 4 -0.85 -1.12900986 0.1 0.09817477 2283.0 3383.0 0 3024.0 40000084
cell 4 -0.85 -1.03083509 0.1 0.09817477 2283.0 3383.0 0 3024.0 40000085
cell 4 -0.85 -0.93266032 0.1 0.09817477 2283.0 3383.0 0 3024.0 40000086
cell 4 -0.85 -0.83448555 0.1 0.09817477 2283.0 3383.0 0 3024.0 40000087
cell 4 -0.85 -0.73631078 0.1 0.09817477 2283.0 3383.0 0 3024.0 40000088
cell 4 -0.85 -0.63813601 0.1 0.09817477 2283.0 3383.0 0 3024.0 40000089
cell 4 -0.85 -0.53996124 0.1 0.09817477 2283.0 3383.0 0 3024.0 40000090
cell 4 -0.85 -0.44178647 0.1 0.09817477 2283.0 3383.0 0 3024.0 40000091
cell 4 -0.85 -0.3436117 0.1 0.09817477 2283.0 3383.0 0 3024.0 40000092
cell 4 -0.85 -0.24543693 0.1 0.09817477 2283.0 3383.0 0 3024.0 40000093
cell 4 -0.85 -0.14726216 0.1 0.09817477 2283.0 3383.0 0 3024.0 40000094
cell 4 -0.85 -0.04908739 0.1 0.09817477 2283.0 3383.0 0 3024.0 40000095
cell 4 -0.85 0.04908739 0.1 0.09817477 2283.0 3383.0 0 3024.0 40000096
cell 4 -0.85 0.14726216 0.1 0.09817477 2283.0 3383.0 0 3024.0 40000097
cell 4 -0.85 0.24543693 0.1 0.09817477 2283.0 3383.0 0 3024.0 40000098
cell 4 -0.85 0.3436117 0.1 0.09817477 2283.0 3383.0 0 3024.0 40000099
cell 4 -0.85 0.44178647 0.1 0.09817477 2283.0 3383.0 0 3024.0 40000100
cell 4 -0.85 0.53996124 0.1 0.09817477 2283.0 3383.0 0 3024.0 40000101
cell 4 -0.85 0.63813601 0.1 0.09817477 2283.0 3383.0 0 3024.0 40000102
cell 4 -0.85 0.73631078 0.1 0.09817477 2283.0 3383.0 0 3024.0 40000103
cell 4 -0.85 0.83448555 0.1 0.09817477 2283.0 3383.0 0 3024.0 40000104
cell 4 -0.85 0.93266032 0.1 0.09817477 2283.0 3383.0 0 3024.0 40000105
cell 4 -0.85 1.03083509 0.1 0.09817477 2283.0 3383.0 0 3024.0 40000106
cell 4 -0.85 1.12900986 0.1 0.09817477 2283.0 3383.0 0 3024.0 40000107
cell 4 -0.85 1.22718463 0.1 0.09817477 2283.0 3383.0 0 3024.0 40000108
cell 4 -0.85 1.3253594 0.1 0.09817477 2283.0 3383.0 0 3024.0 40000109
cell 4 -0.85 1.42353417 0.1 0.09817477 2283.0 3383.0 0 3024.0 40000110
cell 4 -0.85 1.52170894 0.1 0.09817477 2283.0 3383.0 0 3024.0 40000111
cell 4 -0.85 1.61988371 0.1 0.09817477 2283.0 3383.0 0 3024.0 40000112
cell 4 -0.85 1.71805848 0.1 0.09817477 2283.0 3383.0 0 3024.0 40000113
cell 4 -0.85 1.81623325 0.1 0.09817477 2283.0 3383.0 0 3024.0 40000114
cell 4 -0.85 1.91440802 0.1 0.09817477 2283.0 3383.0 0 3024.0 40000115
cell 4 -0.85 2.01258279 0.1 0.09817477 2283.0 3383.0 0 3024.0 40000116
cell 4 -0.85 2.11075756 0.1 0.09817477 2283.0 3383.0 0 3024.0 40000117
cell 4 -0.85 2.20893233 0.1 0.09817477 2283.0 3383.0 0 3024.0 40000118
cell 4 -0.85 2.3071071 0.1 0.09817477 2283.0 3383.0 0 3024.0 40000119
cell 4 -0.85 2.40528188 0.1 0.09817477 2283.0 3383.0 0 3024.0 40000120
cell 4 -0.85 2.50345665 0.1 0.09817477 2283.0 3383.0 0 3024.0 40000121
cell 4 -0.85 2.60163142 0.1 0.09817477 2283.0 3383.0 0 3024.0 40000122
cell 4 -0.85 2.69980619 0.1 0.09817477 2283.0 3383.0 0 3024.0 40000123
cell 4 -0.85 2.79798096 0.1 0.09817477 2283.0 3383.0 0 3024.0 40000124
cell 4 -0.85 2.89615573 0.1 0.09817477 2283.0 3383.0 0 3024.0 40000125
cell 4 -0.85 2.9943305 0.1 0.09817477 2283.0 3383.0 0 3024.0 40000126
cell 4 -0.85 3.09250527 0.1 0.09817477 2283.0 3383.0 0 3024.0 40000127
cell 4 -0.75 -3.09250527 0.1 0.09817477 2283.0 3383.0 0 3024.0 40000128
cell 4 -0.75 -2.9943305 0.1 0.09817477 2283.0 3383.0 0 3024.0 40000129
cell 4 -0.75 -2.89615573 0.1 0.09817477 2283.0 3383.0 0 3024.0 40000130
cell 4 -0.75 -2.79798096 0.1 0.09817477 2283.0 3383.0 0 3024.0 40000131
cell 4 -0.75 -2.69980619 0.1 0.09817477 2283.0 3383.0 0 3024.0 40000132
cell 4 -0.75 -2.60163142 0.1 0.09817477 2283.0 3383.0 0 3024.0 40000133
cell 4 -0.75 -2.50345665 0.1 0.09817477 2283.0 3383.0 0 3024.0 40000134
cell 4 -0.75 -2.40528188 0.1 0.09817477 2283.0 3383.0 0 3024.0 40000135
cell 4 -0.75 -2.3071071 0.1 0.09817477 2283.0 3383.0 0 3024.0 40000136
cell 4 -0.75 -2.20893233 0.1 0.09817477 2283.0 3383.0 0 3024.0 40000137
cell 4 -0.75 -2.11075756 0.1 0.09817477 2283.0 3383.0 0 3024.0 40000138
cell 4 -0.75 -2.01258279 0.1 0.09817477 2283.0 3383.0 0 3024.0 40000139
cell 4 -0.75 -1.91440802 0.1 0.09817477 2283.0 3383.0 0 3024.0 40000140
cell 4 -0.75 -1.81623325 0.1 0.09817477 2283.0 3383.0 0 3024.0 40000141
cell 4 -0.75 -1.71805848 0.1 0.09817477 2283.0 3383.0 0 3024.0 40000142
cell 4 -0.75 -1.61988371 0.1 0.09817477 2283.0 3383.0 0 3024.0 40000143
cell 4 -0.75 -1.52170894 0.1 0.09817477 2283.0 3383.0 0 3024.0 40000144
cell 4 -0.75 -1.42353417 0.1 0.09817477 2283.0 3383.0 0 3024.0 40000145
cell 4 -0.75 -1.3253594 0.1 0.09817477 2283.0 3383.0 0 3024.0 40000146
cell 4 -0.75 -1.22718463 0.1 0.09817477 2283.0 3383.0 0 3024.0 40000147
cell 4 -0.75 -1.12900986 0.1 0.09817477 2283.0 3383.0 0 3024.0 40000148
cell 4 -0.75 -1.03083509 0.1 0.09817477 2283.0 3383.0 0 3024.0 40000149
cell 4 -0.75 -0.93266032 0.1 0.09817477 2283.0 3383.0 0 3024.0 40000150
cell 4 -0.75 -0.83448555 0.1 0.09817477 2283.0 3383.0 0 3024.0 40000151
cell 4 -0.75 -0.73631078 0.1 0.09817477 2283.0 3383.0 0 3024.0 40000152
cell 4 -0.75 -0.63813601 0.1 0.09817477 2283.0 3383.0 0 3024.0 40000153
cell 4 -0.75 -0.53996124 0.1 0.09817477 2283.0 3383.0 0 3024.0 40000154
cell 4 -0.75 -0.44178647 0.1 0.09817477 2283.0 3383.0 0 3024.0 40000155
cell 4 -0.75 -0.3436117 0.1 0.09817477 2283.0 3383.0 0 3024.0 40000156
cell 4 -0.75 -0.24543693 0.1 0.09817477 2283.0 3383.0 0 3024.0 40000157
cell 4 -0.75 -0.14726216 0.1 0.09817477 2283.0 3383.0 0 3024.0 40000158
cell 4 -0.75 -0.04908739 0.1 0.09817477 2283.0 3383.0 0 3024.0 40000159
cell 4 -0.75 0.04908739 0.1 0.09817477 2283.0 3383.0 0 3024.0 40000160
cell 4 -0.75 0.14726216 0.1 0.09817477 2283.0 3383.0 0 3024.0 40000161
cell 4 -0.75 0.24543693 0.1 0.09817477 2283.0 3383.0 0 3024.0 40000162
cell 4 -0.75 0.3436117 0.1 0.09817477 2283.0 3383.0 0 3024.0 40000163
cell 4 -0.75 0.44178647 0.1 0.09817477 2283.0 3383.0 0 3024.0 40000164
cell 4 -0.75 0.53996124 0.1 0.09817477 2283.0 3383.0 0 3024.0 40000165
cell 4 -0.75 0.63813601 0.1 0.09817477 2283.0 3383.0 0 3024.0 40000166
cell 4 -0.75 0.73631078 0.1 0.09817477 2283.0 3383.0 0 3024.0 40000167
cell 4 -0.75 0.83448555 0.1 0.09817477 2283.0 3383.0 0 3024.0 40000168
cell 4 -0.75 0.93266032 0.1 0.09817477 2283.0 3383.0 0 3024.0 40000169
cell 4 -0.75 1.03083509 0.1 0.09817477 2283.0 3383.0 0 3024.0 40000170
cell 4 -0.75 1.12900986 0.1 0.09817477 2283.0 3383.0 0 3024.0 40000171
cell 4 -0.75 1.22718463 0.1 0.09817477 2283.0 3383.0 0 3024.0 40000172
cell 4 -0.75 1.3253594 0.1 0.09817477 2283.0 3383.0 0 3024.0 40000173
cell 4 -0.75 1.42353417 0.1 0.09817477 2283.0 3383.0 0 3024.0 40000174
cell 4 -0.75 1.52170894 0.1 0.09817477 2283.0 3383.0 0 3024.0 40000175
cell 4 -0.75 1.61988371 0.1 0.09817477 2283.0 3383.0 0 3024.0 40000176
cell 4 -0.75 1.71805848 0.1 0.09817477 2283.0 3383.0 0 3024.0 40000177
cell 4 -0.75 1.81623325 0.1 0.09817477 2283.0 3383.0 0 3024.0 40000178
cell 4 -0.75 1.91440802 0.1 0.09817477 2283.0 3383.0 0 3024.0 40000179
cell 4 -0.75 2.01258279 0.1 0.09817477 2283.0 3383.0 0 3024.0 40000180
cell 4 -0.75 2.11075756 0.1 0.09817477 2283.0 3383.0 0 3024.0 40000181
cell 4 -0.75 2.20893233 0.1 0.09817477 2283.0 3383.0 0 3024.0 40000182
cell 4 -0.75 2.3071071 0.1 0.09817477 2283.0 3383.0 0 3024.0 40000183
cell 4 -0.75 2.40528188 0.1 0.09817477 2283.0 3383.0 0 3024.0 40000184
cell 4 -0.75 2.50345665 0.1 0.09817477 2283.0 3383.0 0 3024.0 40000185
cell 4 -0.75 2.60163142 0.1 0.09817477 2283.0 3383.0 0 3024.0 40000186
cell 4 -0.75 2.69980619 0.1 0.09817477 2283.0 3383.0 0 3024.0 40000187
cell 4 -0.75 2.79798096 0.1 0.09817477 2283.0 3383.0 0 3024.0 40000188
cell 4 -0.75 2.89615573 0.1 0.09817477 2283.0 3383.0 0 3024.0 40000189
cell 4 -0.75 2.9943305 0.1 0.09817477 2283.0 3383.0 0 3024.0 40000190
cell 4 -0.75 3.09250527 0.1 0.09817477 2283.0 3383.0 0 3024.0 40000191
cell 4 -0.65 -3.09250527 0.1 0.09817477 2283.0 3383.0 0 3024.0 40000192
cell 4 -0.65 -2.9943305 0.1 0.09817477 2283.0 3383.0 0 3024.0 40000193
cell 4 -0.65 -2.89615573 0.1 0.09817477 2283.0 3383.0 0 3024.0 40000194
cell 4 -0.65 -2.79798096 0.1 0.09817477 2283.0 3383.0 0 3024.0 40000195
cell 4 -0.65 -2.69980619 0.1 0.09817477 2283.0 3383.0 0 3024.0 40000196
cell 4 -0.65 -2.60163142 0.1 0.09817477 2283.0 3383.0 0 3024.0 40000197
cell 4 -0.65 -2.50345665 0.1 0.09817477 2283.0 3383.0 0 3024.0 40000198
cell 4 -0.65 -2.40528188 0.1 0.09817477 2283.0 3383.0 0 3024.0 40000199
cell 4 -0.65 -2.3071071 0.1 0.09817477 2283.0 3383.0 0 3024.0 40000200
cell 4 -0.65 -2.20893233 0.1 0.09817477 2283.0 3383.0 0 3024.0 40000201
cell 4 -0.65 -2.11075756 0.1 0.09817477 2283.0 3383.0 0 3024.0 40000202
cell 4 -0.65 -2.01258279 0.1 0.09817477 2283.0 3383.0 0 3024.0 40000203
cell 4 -0.65 -1.91440802 0.1 0.09817477 2283.0 3383.0 0 3024.0 40000204
cell 4 -0.65 -1.81623325 0.1 0.09817477 2283.0 3383.0 0 3024.0 40000205
cell 4 -0.65 -1.71805848 0.1 0.09817477 2283.0 3383.0 0 3024.0 40000206
cell 4 -0.65 -1.61988371 0.1 0.09817477 2283.0 3383.0 0 3024.0 40000207
cell 4 -0.65 -1.52170894 0.1 0.09817477 2283.0 3383.0 0 3024.0 40000208
cell 4 -0.65 -1.42353417 0.1 0.09817477 2283.0 3383.0 0 3024.0 40000209
cell 4 -0.65 -1.3253594 0.1 0.09817477 2283.0 3383.0 0 3024.0 40000210
cell 4 -0.65 -1.22718463 0.1 0.09817477 2283.0 3383.0 0 3024.0 40000211
cell 4 -0.65 -1.12900986 0.1 0.09817477 2283.0 3383.0 0 3024.0 40000212
cell 4 -0.65 -1.03083509 0.1 0.09817477 2283.0 3383.0 0 3024.0 40000213
cell 4 -0.65 -0.93266032 0.1 0.09817477 2283.0 3383.0 0 3024.0 40000214
cell 4 -0.65 -0.83448555 0.1 0.09817477 2283.0 3383.0 0 3024.0 40000215
cell 4 -0.65 -0.73631078 0.1 0.09817477 2283.0 3383.0 0 3024.0 40000216
cell 4 -0.65 -0.63813601 0.1 0.09817477 2283.0 3383.0 0 3024.0 40000217
cell 4 -0.65 -0.53996124 0.1 0.09817477 2283.0 3383.0 0 3024.0 40000218
cell 4 -0.65 -0.44178647 0.1 0.09817477 2283.0 3383.0 0 3024.0 40000219
cell 4 -0.65 -0.3436117 0.1 0.09817477 2283.0 3383.0 0 3024.0 40000220
cell 4 -0.65 -0.24543693 0.1 0.09817477 2283.0 3383.0 0 3024.0 40000221
cell 4 -0.65 -0.14726216 0.1 0.09817477 2283.0 3383.0 0 3024.0 40000222
cell 4 -0.65 -0.04908739 0.1 0.09817477 2283.0 3383.0 0 3024.0 40000223
cell 4 -0.65 0.04908739 0.1 0.09817477 2283.0 3383.0 0 3024.0 40000224
cell 4 -0.65 0.14726216 0.1 0.09817477 2283.0 3383.0 0 3024.0 40000225
cell 4 -0.65 0.24543693 0.1 0.09817477 2283.0 3383.0 0 3024.0 40000226
cell 4 -0.65 0.3436117 0.1 0.09817477 2283.0 3383.0 0 3024.0 40000227
cell 4 -0.65 0.44178647 0.1 0.09817477 2283.0 3383.0 0 3024.0 40000228
cell 4 -0.65 0.53996124 0.1 0.09817477 2283.0 3383.0 0 3024.0 40000229
cell 4 -0.65 0.63813601 0.1 0.09817477 2283.0 3383.0 0 3024.0 40000230
cell 4 -0.65 0.73631078 0.1 0.09817477 2283.0 3383.0 0 3024.0 40000231
cell 4 -0.65 0.83448555 0.1 0.09817477 2283.0 3383.0 0 3024.0 40000232
cell 4 -0.65 0.93266032 0.1 0.09817477 2283.0 3383.0 0 3024.0 40000233
cell 4 -0.65 1.03083509 0.1 0.09817477 2283.0 3383.0 0 3024.0 40000234
cell 4 -0.65 1.12900986 0.1 0.09817477 2283.0 3383.0 0 3024.0 40000235
cell 4 -0.65 1.22718463 0.1 0.09817477 2283.0 3383.0 0 3024.0 40000236
cell 4 -0.65 1.3253594 0.1 0.09817477 2283.0 3383.0 0 3024.0 40000237
cell 4 -0.65 1.42353417 0.1 0.09817477 2283.0 3383.0 0 3024.0 40000238
cell 4 -0.65 1.52170894 0.1 0.09817477 2283.0 3383.0 0 3024.0 40000239
cell 4 -0.65 1.61988371 0.1 0.09817477 2283.0 3383.0 0 3024.0 40000240
cell 4 -0.65 1.71805848 0.1 0.09817477 2283.0 3383.0 0 3024.0 40000241
cell 4 -0.65 1.81623325 0.1 0.09817477 2283.0 3383.0 0 3024.0 40000242
cell 4 -0.65 1.91440802 0.1 0.09817477 2283.0 3383.0 0 3024.0 40000243
cell 4 -0.65 2.01258279 0.1 0.09817477 2283.0 3383.0 0 3024.0 40000244
cell 4 -0.65 2.11075756 0.1 0.09817477 2283.0 3383.0 0 3024.0 40000245
cell 4 -0.65 2.20893233 0.1 0.09817477 2283.0 3383.0 0 3024.0 40000246
cell 4 -0.65 2.3071071 0.1 0.09817477 2283.0 3383.0 0 3024.0 40000247
cell 4 -0.65 2.40528188 0.1 0.09817477 2283.0 3383.0 0 3024.0 40000248
cell 4 -0.65 2.50345665 0.1 0.09817477 2283.0 3383.0 0 3024.0 40000249
cell 4 -0.65 2.60163142 0.1 0.09817477 2283.0 3383.0 0 3024.0 40000250
cell 4 -0.65 2.69980619 0.1 0.09817477 2283.0 3383.0 0 3024.0 40000251
cell 4 -0.65 2.79798096 0.1 0.09817477 2283.0 3383.0 0 3024.0 40000252
cell 4 -0.65 2.89615573 0.1 0.09817477 2283.0 3383.0 0 3024.0 40000253
cell 4 -0.65 2.9943305 0.1 0.09817477 2283.0 3383.0 0 3024.0 40000254
cell 4 -0.65 3.09250527 0.1 0.09817477 2283.0 3383.0 0 3024.0 40000255
cell 4 -0.55 -3.09250527 0.1 0.09817477 2283.0 3383.0 0 3024.0 40000256
cell 4 -0.55 -2.9943305 0.1 0.09817477 2283.0 3383.0 0 3024.0 40000257
cell 4 -0.55 -2.89615573 0.1 0.09817477 2283.0 3383.0 0 3024.0 40000258
cell 4 -0.55 -2.79798096 0.1 0.09817477 2283.0 3383.0 0 3024.0 40000259
cell 4 -0.55 -2.69980619 0.1 0.09817477 2283.0 3383.0 0 3024.0 40000260
cell 4 -0.55 -2.60163142 0.1 0.09817477 2283.0 3383.0 0 3024.0 40000261
cell 4 -0.55 -2.50345665 0.1 0.09817477 2283.0 3383.0 0 3024.0 40000262
cell 4 -0.55 -2.40528188 0.1 0.09817477 2283.0 3383.0 0 3024.0 40000263
cell 4 -0.55 -2.3071071 0.1 0.09817477 2283.0 3383.0 0 3024.0 40000264
cell 4 -0.55 -2.20893233 0.1 0.09817477 2283.0 3383.0 0 3024.0 40000265
cell 4 -0.55 -2.11075756 0.1 0.09817477 2283.0 3383.0 0 3024.0 40000266
cell 4 -0.55 -2.01258279 0.1 0.09817477 2283.0 3383.0 0 3024.0 40000267
cell 4 -0.55 -1.91440802 0.1 0.09817477 2283.0 3383.0 0 3024.0 40000268
cell 4 -0.55 -1.81623325 0.1 0.09817477 2283.0 3383.0 0 3024.0 40000269
cell 4 -0.55 -1.71805848 0.1 0.09817477 2283.0 3383.0 0 3024.0 40000270
cell 4 -0.55 -1.61988371 0.1 0.09817477 2283.0 3383.0 0 3024.0 40000271
cell 4 -0.55 -1.52170894 0.1 0.09817477 2283.0 3383.0 0 3024.0 40000272
cell 4 -0.55 -1.42353417 0.1 0.09817477 2283.0 3383.0 0 3024.0 40000273
cell 4 -0.55 -1.3253594 0.1 0.09817477 2283.0 3383.0 0 3024.0 40000274
cell 4 -0.55 -1.22718463 0.1 0.09817477 2283.0 3383.0 0 3024.0 40000275
cell 4 -0.55 -1.12900986 0.1 0.09817477 2283.0 3383.0 0 3024.0 40000276
cell 4 -0.55 -1.03083509 0.1 0.09817477 2283.0 3383.0 0 3024.0 40000277
cell 4 -0.55 -0.93266032 0.1 0.09817477 2283.0 3383.0 0 3024.0 40000278
cell 4 -0.55 -0.83448555 0.1 0.09817477 2283.0 3383.0 0 3024.0 40000279
cell 4 -0.55 -0.73631078 0.1 0.09817477 2283.0 3383.0 0 3024.0 40000280
cell 4 -0.55 -0.63813601 0.1 0.09817477 2283.0 3383.0 0 3024.0 40000281
cell 4 -0.55 -0.53996124 0.1 0.09817477 2283.0 3383.0 0 3024.0 40000282
cell 4 -0.55 -0.44178647 0.1 0.09817477 2283.0 3383.0 0 3024.0 40000283
cell 4 -0.55 -0.3436117 0.1 0.09817477 2283.0 3383.0 0 3024.0 40000284
cell 4 -0.55 -0.24543693 0.1 0.09817477 2283.0 3383.0 0 3024.0 40000285
cell 4 -0.55 -0.14726216 0.1 0.09817477 2283.0 3383.0 0 3024.0 40000286
cell 4 -0.55 -0.04908739 0.1 0.09817477 2283.0 3383.0 0 3024.0 40000287
cell 4 -0.55 0.04908739 0.1 0.09817477 2283.0 3383.0 0 3024.0 40000288
cell 4 -0.55 0.14726216 0.1 0.09817477 2283.0 3383.0 0 3024.0 40000289
cell 4 -0.55 0.24543693 0.1 0.09817477 2283.0 3383.0 0 3024.0 40000290
cell 4 -0.55 0.3436117 0.1 0.09817477 2283.0 3383.0 0 3024.0 40000291
cell 4 -0.55 0.44178647 0.1 0.09817477 2283.0 3383.0 0 3024.0 40000292
cell 4 -0.55 0.53996124 0.1 0.09817477 2283.0 3383.0 0 3024.0 40000293
cell 4 -0.55 0.63813601 0.1 0.09817477 2283.0 3383.0 0 3024.0 40000294
cell 4 -0.55 0.73631078 0.1 0.09817477 2283.0 3383.0 0 3024.0 40000295
cell 4 -0.55 0.83448555 0.1 0.09817477 2283.0 3383.0 0 3024.0 40000296
cell 4 -0.55 0.93266032 0.1 0.09817477 2283.0 3383.0 0 3024.0 40000297
cell 4 -0.55 1.03083509 0.1 0.09817477 2283.0 3383.0 0 3024.0 40000298
cell 4 -0.55 1.12900986 0.1 0.09817477 2283.0 3383.0 0 3024.0 40000299
cell 4 -0.55 1.22718463 0.1 0.09817477 2283.0 3383.0 0 3024.0 40000300
cell 4 -0.55 1.3253594 0.1 0.09817477 2283.0 3383.0 0 3024.0 40000301
cell 4 -0.55 1.42353417 0.1 0.09817477 2283.0 3383.0 0 3024.0 40000302
cell 4 -0.55 1.52170894 0.1 0.09817477 2283.0 3383.0 0 3024.0 40000303
cell 4 -0.55 1.61988371 0.1 0.09817477 2283.0 3383.0 0 3024.0 40000304
cell 4 -0.55 1.71805848 0.1 0.09817477 2283.0 3383.0 0 3024.0 40000305
cell 4 -0.55 1.81623325 0.1 0.09817477 2283.0 3383.0 0 3024.0 40000306
cell 4 -0.55 1.91440802 0.1 0.09817477 2283.0 3383.0 0 3024.0 40000307
cell 4 -0.55 2.01258279 0.1 0.09817477 2283.0 3383.0 0 3024.0 40000308
cell 4 -0.55 2.11075756 0.1 0.09817477 2283.0 3383.0 0 3024.0 40000309
cell 4 -0.55 2.20893233 0.1 0.09817477 2283.0 3383.0 0 3024.0 40000310
cell 4 -0.55 2.3071071 0.1 0.09817477 2283.0 3383.0 0 3024.0 40000311
cell 4 -0.55 2.40528188 0.1 0.09817477 2283.0 3383.0 0 3024.0 40000312
cell 4 -0.55 2.50345665 0.1 0.09817477 2283.0 3383.0 0 3024.0 40000313
cell 4 -0.55 2.60163142 0.1 0.09817477 2283.0 3383.0 0 3024.0 40000314
cell 4 -0.55 2.69980619 0.1 0.09817477 2283.0 3383.0 0 3024.0 40000315
cell 4 -0.55 2.79798096 0.1 0.09817477 2283.0 3383.0 0 3024.0 40000316
cell 4 -0.55 2.89615573 0.1 0.09817477 2283.0 3383.0 0 3024.0 40000317
cell 4 -0.55 2.9943305 0.1 0.09817477 2283.0 3383.0 0 3024.0 40000318
cell 4 -0.55 3.09250527 0.1 0.09817477 2283.0 3383.0 0 3024.0 40000319
cell 4 -0.45 -3.09250527 0.1 0.09817477 2283.0 3383.0 0 3024.0 40000320
cell 4 -0.45 -2.9943305 0.1 0.09817477 2283.0 3383.0 0 3024.0 40000321
cell 4 -0.45 -2.89615573 0.1 0.09817477 2283.0 3383.0 0 3024.0 40000322
cell 4 -0.45 -2.79798096 0.1 0.09817477 2283.0 3383.0 0 3024.0 40000323
cell 4 -0.45 -2.69980619 0.1 0.09817477 2283.0 3383.0 0 3024.0 40000324
cell 4 -0.45 -2.60163142 0.1 0.09817477 2283.0 3383.0 0 3024.0 40000325
cell 4 -0.45 -2.50345665 0.1 0.09817477 2283.0 3383.0 0 3024.0 40000326
cell 4 -0.45 -2.40528188 0.1 0.09817477 2283.0 3383.0 0 3024.0 40000327
cell 4 -0.45 -2.3071071 0.1 0.09817477 2283.0 3383.0 0 3024.0 40000328
cell 4 -0.45 -2.20893233 0.1 0.09817477 2283.0 3383.0 0 3024.0 40000329
cell 4 -0.45 -2.11075756 0.1 0.09817477 2283.0 3383.0 0 3024.0 40000330
cell 4 -0.45 -2.01258279 0.1 0.09817477 2283.0 3383.0 0 3024.0 40000331
cell 4 -0.45 -1.91440802 0.1 0.09817477 2283.0 3383.0 0 3024.0 40000332
cell 4 -0.45 -1.81623325 0.1 0.09817477 2283.0 3383.0 0 3024.0 40000333
cell 4 -0.45 -1.71805848 0.1 0.09817477 2283.0 3383.0 0 3024.0 40000334
cell 4 -0.45 -1.61988371 0.1 0.09817477 2283.0 3383.0 0 3024.0 40000335
cell 4 -0.45 -1.52170894 0.1 0.09817477 2283.0 3383.0 0 3024.0 40000336
cell 4 -0.45 -1.42353417 0.1 0.09817477 2283.0 3383.0 0 3024.0 40000337
cell 4 -0.45 -1.3253594 0.1 0.09817477 2283.0 3383.0 0 3024.0 40000338
cell 4 -0.45 -1.22718463 0.1 0.09817477 2283.0 3383.0 0 3024.0 40000339
cell 4 -0.45 -1.12900986 0.1 0.09817477 2283.0 3383.0 0 3024.0 40000340
cell 4 -0.45 -1.03083509 0.1 0.09817477 2283.0 3383.0 0 3024.0 40000341
cell 4 -0.45 -0.93266032 0.1 0.09817477 2283.0 3383.0 0 3024.0 40000342
cell 4 -0.45 -0.83448555 0.1 0.09817477 2283.0 3383.0 0 3024.0 40000343
cell 4 -0.45 -0.73631078 0.1 0.09817477 2283.0 3383.0 0 3024.0 40000344
cell 4 -0.45 -0.63813601 0.1 0.09817477 2283.0 3383.0 0 3024.0 40000345
cell 4 -0.45 -0.53996124 0.1 0.09817477 2283.0 3383.0 0 3024.0 40000346
cell 4 -0.45 -0.44178647 0.1 0.09817477 2283.0 3383.0 0 3024.0 40000347
cell 4 -0.45 -0.3436117 0.1 0.09817477 2283.0 3383.0 0 3024.0 40000348
cell 4 -0.45 -0.24543693 0.1 0.09817477 2283.0 3383.0 0 3024.0 40000349
cell 4 -0.45 -0.14726216 0.1 0.09817477 2283.0 3383.0 0 3024.0 40000350
cell 4 -0.45 -0.04908739 0.1 0.09817477 2283.0 3383.0 0 3024.0 40000351
cell 4 -0.45 0.04908739 0.1 0.09817477 2283.0 3383.0 0 3024.0 40000352
cell 4 -0.45 0.14726216 0.1 0.09817477 2283.0 3383.0 0 3024.0 40000353
cell 4 -0.45 0.24543693 0.1 0.09817477 2283.0 3383.0 0 3024.0 40000354
cell 4 -0.45 0.3436117 0.1 0.09817477 2283.0 3383.0 0 3024.0 40000355
cell 4 -0.45 0.44178647 0.1 0.09817477 2283.0 3383.0 0 3024.0 40000356
cell 4 -0.45 0.53996124 0.1 0.09817477 2283.0 3383.0 0 3024.0 40000357
cell 4 -0.45 0.63813601 0.1 0.09817477 2283.0 3383.0 0 3024.0 40000358
cell 4 -0.45 0.73631078 0.1 0.09817477 2283.0 3383.0 0 3024.0 40000359
cell 4 -0.45 0.83448555 0.1 0.09817477 2283.0 3383.0 0 3024.0 40000360
cell 4 -0.45 0.93266032 0.1 0.09817477 2283.0 3383.0 0 3024.0 40000361
cell 4 -0.45 1.03083509 0.1 0.09817477 2283.0 3383.0 0 3024.0 40000362
cell 4 -0.45 1.12900986 0.1 0.09817477 2283.0 3383.0 0 3024.0 40000363
cell 4 -0.45 1.22718463 0.1 0.09817477 2283.0 3383.0 0 3024.0 40000364
cell 4 -0.45 1.3253594 0.1 0.09817477 2283.0 3383.0 0 3024.0 40000365
cell 4 -0.45 1.42353417 0.1 0.09817477 2283.0 3383.0 0 3024.0 40000366
cell 4 -0.45 1.52170894 0.1 0.09817477 2283.0 3383.0 0 3024.0 40000367
cell 4 -0.45 1.61988371 0.1 0.09817477 2283.0 3383.0 0 3024.0 40000368
cell 4 -0.45 1.71805848 0.1 0.09817477 2283.0 3383.0 0 3024.0 40000369
cell 4 -0.45 1.81623325 0.1 0.09817477 2283.0 3383.0 0 3024.0 40000370
cell 4 -0.45 1.91440802 0.1 0.09817477 2283.0 3383.0 0 3024.0 40000371
cell 4 -0.45 2.01258279 0.1 0.09817477 2283.0 3383.0 0 3024.0 40000372
cell 4 -0.45 2.11075756 0.1 0.09817477 2283.0 3383.0 0 3024.0 40000373
cell 4 -0.45 2.20893233 0.1 0.09817477 2283.0 3383.0 0 3024.0 40000374
cell 4 -0.45 2.3071071 0.1 0.09817477 2283.0 3383.0 0 3024.0 40000375
cell 4 -0.45 2.40528188 0.1 0.09817477 2283.0 3383.0 0 3024.0 40000376
cell 4 -0.45 2.50345665 0.1 0.09817477 2283.0 3383.0 0 3024.0 40000377
cell 4 -0.45 2.60163142 0.1 0.09817477 2283.0 3383.0 0 3024.0 40000378
cell 4 -0.45 2.69980619 0.1 0.09817477 2283.0 3383.0 0 3024.0 40000379
cell 4 -0.45 2.79798096 0.1 0.09817477 2283.0 3383.0 0 3024.0 40000380
cell 4 -0.45 2.89615573 0.1 0.09817477 2283.0 3383.0 0 3024.0 40000381
cell 4 -0.45 2.9943305 0.1 0.09817477 2283.0 3383.0 0 3024.0 40000382
cell 4 -0.45 3.09250527 0.1 0.09817477 2283.0 3383.0 0 3024.0 40000383
cell 4 -0.35 -3.09250527 0.1 0.09817477 2283.0 3383.0 0 3024.0 40000384
cell 4 -0.35 -2.9943305 0.1 0.09817477 2283.0 3383.0 0 3024.0 40000385
cell 4 -0.35 -2.89615573 0.1 0.09817477 2283.0 3383.0 0 3024.0 40000386
cell 4 -0.35 -2.79798096 0.1 0.09817477 2283.0 3383.0 0 3024.0 40000387
cell 4 -0.35 -2.69980619 0.1 0.09817477 2283.0 3383.0 0 3024.0 40000388
cell 4 -0.35 -2.60163142 0.1 0.09817477 2283.0 3383.0 0 3024.0 40000389
cell 4 -0.35 -2.50345665 0.1 0.09817477 2283.0 3383.0 0 3024.0 40000390
cell 4 -0.35 -2.40528188 0.1 0.09817477 2283.0 3383.0 0 3024.0 40000391
cell 4 -0.35 -2.3071071 0.1 0.09817477 2283.0 3383.0 0 3024.0 40000392
cell 4 -0.35 -2.20893233 0.1 0.09817477 2283.0 3383.0 0 3024.0 40000393
cell 4 -0.35 -2.11075756 0.1 0.09817477 2283.0 3383.0 0 3024.0 40000394
cell 4 -0.35 -2.01258279 0.1 0.09817477 2283.0 3383.0 0 3024.0 40000395
cell 4 -0.35 -1.91440802 0.1 0.09817477 2283.0 3383.0 0 3024.0 40000396
cell 4 -0.35 -1.81623325 0.1 0.09817477 2283.0 3383.0 0 3024.0 40000397
cell 4 -0.35 -1.71805848 0.1 0.09817477 2283.0 3383.0 0 3024.0 40000398
cell 4 -0.35 -1.61988371 0.1 0.09817477 2283.0 3383.0 0 3024.0 40000399
cell 4 -0.35 -1.52170894 0.1 0.09817477 2283.0 3383.0 0 3024.0 40000400
cell 4 -0.35 -1.42353417 0.1 0.09817477 2283.0 3383.0 0 3024.0 40000401
cell 4 -0.35 -1.3253594 0.1 0.09817477 2283.0 3383.0 0 3024.0 40000402
cell 4 -0.35 -1.22718463 0.1 0.09817477 2283.0 3383.0 0 3024.0 40000403
cell 4 -0.35 -1.12900986 0.1 0.09817477 2283.0 3383.0 0 3024.0 40000404
cell 4 -0.35 -1.03083509 0.1 0.09817477 2283.0 3383.0 0 3024.0 40000405
cell 4 -0.35 -0.93266032 0.1 0.09817477 2283.0 3383.0 0 3024.0 40000406
cell 4 -0.35 -0.83448555 0.1 0.09817477 2283.0 3383.0 0 3024.0 40000407
cell 4 -0.35 -0.73631078 0.1 0.09817477 2283.0 3383.0 0 3024.0 40000408
cell 4 -0.35 -0.63813601 0.1 0.09817477 2283.0 3383.0 0 3024.0 40000409
cell 4 -0.35 -0.53996124 0.1 0.09817477 2283.0 3383.0 0 3024.0 40000410
cell 4 -0.35 -0.44178647 0.1 0.09817477 2283.0 3383.0 0 3024.0 40000411
cell 4 -0.35 -0.3436117 0.1 0.09817477 2283.0 3383.0 0 3024.0 40000412
cell 4 -0.35 -0.24543693 0.1 0.09817477 2283.0 3383.0 0 3024.0 40000413
cell 4 -0.35 -0.14726216 0.1 0.09817477 2283.0 3383.0 0 3024.0 40000414
cell 4 -0.35 -0.04908739 0.1 0.09817477 2283.0 3383.0 0 3024.0 40000415
cell 4 -0.35 0.04908739 0.1 0.09817477 2283.0 3383.0 0 3024.0 40000416
cell 4 -0.35 0.14726216 0.1 0.09817477 2283.0 3383.0 0 3024.0 40000417
cell 4 -0.35 0.24543693 0.1 0.09817477 2283.0 3383.0 0 3024.0 40000418
cell 4 -0.35 0.3436117 0.1 0.09817477 2283.0 3383.0 0 3024.0 40000419
cell 4 -0.35 0.44178647 0.1 0.09817477 2283.0 3383.0 0 3024.0 40000420
cell 4 -0.35 0.53996124 0.1 0.09817477 2283.0 3383.0 0 3024.0 40000421
cell 4 -0.35 0.63813601 0.1 0.09817477 2283.0 3383.0 0 3024.0 40000422
cell 4 -0.35 0.73631078 0.1 0.09817477 2283.0 3383.0 0 3024.0 40000423
cell 4 -0.35 0.83448555 0.1 0.09817477 2283.0 3383.0 0 3024.0 40000424
cell 4 -0.35 0.93266032 0.1 0.09817477 2283.0 3383.0 0 3024.0 40000425
cell 4 -0.35 1.03083509 0.1 0.09817477 2283.0 3383.0 0 3024.0 40000426
cell 4 -0.35 1.12900986 0.1 0.09817477 2283.0 3383.0 0 3024.0 40000427
cell 4 -0.35 1.22718463 0.1 0.09817477 2283.0 3383.0 0 3024.0 40000428
cell 4 -0.35 1.3253594 0.1 0.09817477 2283.0 3383.0 0 3024.0 40000429
cell 4 -0.35 1.42353417 0.1 0.09817477 2283.0 3383.0 0 3024.0 40000430
cell 4 -0.35 1.52170894 0.1 0.09817477 2283.0 3383.0 0 3024.0 40000431
cell 4 -0.35 1.61988371 0.1 0.09817477 2283.0 3383.0 0 3024.0 40000432
cell 4 -0.35 1.71805848 0.1 0.09817477 2283.0 3383.0 0 3024.0 40000433
cell 4 -0.35 1.81623325 0.1 0.09817477 2283.0 3383.0 0 3024.0 40000434
cell 4 -0.35 1.91440802 0.1 0.09817477 2283.0 3383.0 0 3024.0 40000435
cell 4 -0.35 2.01258279 0.1 0.09817477 2283.0 3383.0 0 3024.0 40000436
cell 4 -0.35 2.11075756 0.1 0.09817477 2283.0 3383.0 0 3024.0 40000437
cell 4 -0.35 2.20893233 0.1 0.09817477 2283.0 3383.0 0 3024.0 40000438
cell 4 -0.35 2.3071071 0.1 0.09817477 2283.0 3383.0 0 3024.0 40000439
cell 4 -0.35 2.40528188 0.1 0.09817477 2283.0 3383.0 0 3024.0 40000440
cell 4 -0.35 2.50345665 0.1 0.09817477 2283.0 3383.0 0 3024.0 40000441
cell 4 -0.35 2.60163142 0.1 0.09817477 2283.0 3383.0 0 3024.0 40000442
cell 4 -0.35 2.69980619 0.1 0.09817477 2283.0 3383.0 0 3024.0 40000443
cell 4 -0.35 2.79798096 0.1 0.09817477 2283.0 3383.0 0 3024.0 40000444
cell 4 -0.35 2.89615573 0.1 0.09817477 2283.0 3383.0 0 3024.0 40000445
cell 4 -0.35 2.9943305 0.1 0.09817477 2283.0 3383.0 0 3024.0 40000446
cell 4 -0.35 3.09250527 0.1 0.09817477 2283.0 3383.0 0 3024.0 40000447
cell 4 -0.25 -3.09250527 0.1 0.09817477 2283.0 3383.0 0 3024.0 40000448
cell 4 -0.25 -2.9943305 0.1 0.09817477 2283.0 3383.0 0 3024.0 40000449
cell 4 -0.25 -2.89615573 0.1 0.09817477 2283.0 3383.0 0 3024.0 40000450
cell 4 -0.25 -2.79798096 0.1 0.09817477 2283.0 3383.0 0 3024.0 40000451
cell 4 -0.25 -2.69980619 0.1 0.09817477 2283.0 3383.0 0 3024.0 40000452
cell 4 -0.25 -2.60163142 0.1 0.09817477 2283.0 3383.0 0 3024.0 40000453
cell 4 -0.25 -2.50345665 0.1 0.09817477 2283.0 3383.0 0 3024.0 40000454
cell 4 -0.25 -2.40528188 0.1 0.09817477 2283.0 3383.0 0 3024.0 40000455
cell 4 -0.25 -2.3071071 0.1 0.09817477 2283.0 3383.0 0 3024.0 40000456
cell 4 -0.25 -2.20893233 0.1 0.09817477 2283.0 3383.0 0 3024.0 40000457
cell 4 -0.25 -2.11075756 0.1 0.09817477 2283.0 3383.0 0 3024.0 40000458
cell 4 -0.25 -2.01258279 0.1 0.09817477 2283.0 3383.0 0 3024.0 40000459
cell 4 -0.25 -1.91440802 0.1 0.09817477 2283.0 3383.0 0 3024.0 40000460
cell 4 -0.25 -1.81623325 0.1 0.09817477 2283.0 3383.0 0 3024.0 40000461
cell 4 -0.25 -1.71805848 0.1 0.09817477 2283.0 3383.0 0 3024.0 40000462
cell 4 -0.25 -1.61988371 0.1 0.09817477 2283.0 3383.0 0 3024.0 40000463
cell 4 -0.25 -1.52170894 0.1 0.09817477 2283.0 3383.0 0 3024.0 40000464
cell 4 -0.25 -1.42353417 0.1 0.09817477 2283.0 3383.0 0 3024.0 40000465
cell 4 -0.25 -1.3253594 0.1 0.09817477 2283.0 3383.0 0 3024.0 40000466
cell 4 -0.25 -1.22718463 0.1 0.09817477 2283.0 3383.0 0 3024.0 40000467
cell 4 -0.25 -1.12900986 0.1 0.09817477 2283.0 3383.0 0 3024.0 40000468
cell 4 -0.25 -1.03083509 0.1 0.09817477 2283.0 3383.0 0 3024.0 40000469
cell 4 -0.25 -0.93266032 0.1 0.09817477 2283.0 3383.0 0 3024.0 40000470
cell 4 -0.25 -0.83448555 0.1 0.09817477 2283.0 3383.0 0 3024.0 40000471
cell 4 -0.25 -0.73631078 0.1 0.09817477 2283.0 3383.0 0 3024.0 40000472
cell 4 -0.25 -0.63813601 0.1 0.09817477 2283.0 3383.0 0 3024.0 40000473
cell 4 -0.25 -0.53996124 0.1 0.09817477 2283.0 3383.0 0 3024.0 40000474
cell 4 -0.25 -0.44178647 0.1 0.09817477 2283.0 3383.0 0 3024.0 40000475
cell 4 -0.25 -0.3436117 0.1 0.09817477 2283.0 3383.0 0 3024.0 40000476
cell 4 -0.25 -0.24543693 0.1 0.09817477 2283.0 3383.0 0 3024.0 40000477
cell 4 -0.25 -0.14726216 0.1 0.09817477 2283.0 3383.0 0 3024.0 40000478
cell 4 -0.25 -0.04908739 0.1 0.09817477 2283.0 3383.0 0 3024.0 40000479
cell 4 -0.25 0.04908739 0.1 0.09817477 2283.0 3383.0 0 3024.0 40000480
cell 4 -0.25 0.14726216 0.1 0.09817477 2283.0 3383.0 0 3024.0 40000481
cell 4 -0.25 0.24543693 0.1 0.09817477 2283.0 3383.0 0 3024.0 40000482
cell 4 -0.25 0.3436117 0.1 0.09817477 2283.0 3383.0 0 3024.0 40000483
cell 4 -0.25 0.44178647 0.1 0.09817477 2283.0 3383.0 0 3024.0 40000484
cell 4 -0.25 0.53996124 0.1 0.09817477 2283.0 3383.0 0 3024.0 40000485
cell 4 -0.25 0.63813601 0.1 0.09817477 2283.0 3383.0 0 3024.0 40000486
cell 4 -0.25 0.73631078 0.1 0.09817477 2283.0 3383.0 0 3024.0 40000487
cell 4 -0.25 0.83448555 0.1 0.09817477 2283.0 3383.0 0 3024.0 40000488
cell 4 -0.25 0.93266032 0.1 0.09817477 2283.0 3383.0 0 3024.0 40000489
cell 4 -0.25 1.03083509 0.1 0.09817477 2283.0 3383.0 0 3024.0 40000490
cell 4 -0.25 1.12900986 0.1 0.09817477 2283.0 3383.0 0 3024.0 40000491
cell 4 -0.25 1.22718463 0.1 0.09817477 2283.0 3383.0 0 3024.0 40000492
cell 4 -0.25 1.3253594 0.1 0.09817477 2283.0 3383.0 0 3024.0 40000493
cell 4 -0.25 1.42353417 0.1 0.09817477 2283.0 3383.0 0 3024.0 40000494
cell 4 -0.25 1.52170894 0.1 0.09817477 2283.0 3383.0 0 3024.0 40000495
cell 4 -0.25 1.61988371 0.1 0.09817477 2283.0 3383.0 0 3024.0 40000496
cell 4 -0.25 1.71805848 0.1 0.09817477 2283.0 3383.0 0 3024.0 40000497
cell 4 -0.25 1.81623325 0.1 0.09817477 2283.0 3383.0 0 3024.0 40000498
cell 4 -0.25 1.91440802 0.1 0.09817477 2283.0 3383.0 0 3024.0 40000499
cell 4 -0.25 2.01258279 0.1 0.09817477 2283.0 3383.0 0 3024.0 40000500
cell 4 -0.25 2.11075756 0.1 0.09817477 2283.0 3383.0 0 3024.0 40000501
cell 4 -0.25 2.20893233 0.1 0.09817477 2283.0 3383.0 0 3024.0 40000502
cell 4 -0.25 2.3071071 0.1 0.09817477 2283.0 3383.0 0 3024.0 40000503
cell 4 -0.25 2.40528188 0.1 0.09817477 2283.0 3383.0 0 3024.0 40000504
cell 4 -0.25 2.50345665 0.1 0.09817477 2283.0 3383.0 0 3024.0 40000505
cell 4 -0.25 2.60163142 0.1 0.09817477 2283.0 3383.0 0 3024.0 40000506
cell 4 -0.25 2.69980619 0.1 0.09817477 2283.0 3383.0 0 3024.0 40000507
cell 4 -0.25 2.79798096 0.1 0.09817477 2283.0 3383.0 0 3024.0 40000508
cell 4 -0.25 2.89615573 0.1 0.09817477 2283.0 3383.0 0 3024.0 40000509
cell 4 -0.25 2.9943305 0.1 0.09817477 2283.0 3383.0 0 3024.0 40000510
cell 4 -0.25 3.09250527 0.1 0.09817477 2283.0 3383.0 0 3024.0 40000511
cell 4 -0.15 -3.09250527 0.1 0.09817477 2283.0 3383.0 0 3024.0 40000512
cell 4 -0.15 -2.9943305 0.1 0.09817477 2283.0 3383.0 0 3024.0 40000513
cell 4 -0.15 -2.89615573 0.1 0.09817477 2283.0 3383.0 0 3024.0 40000514
cell 4 -0.15 -2.79798096 0.1 0.09817477 2283.0 3383.0 0 3024.0 40000515
cell 4 -0.15 -2.69980619 0.1 0.09817477 2283.0 3383.0 0 3024.0 40000516
cell 4 -0.15 -2.60163142 0.1 0.09817477 2283.0 3383.0 0 3024.0 40000517
cell 4 -0.15 -2.50345665 0.1 0.09817477 2283.0 3383.0 0 3024.0 40000518
cell 4 -0.15 -2.40528188 0.1 0.09817477 2283.0 3383.0 0 3024.0 40000519
cell 4 -0.15 -2.3071071 0.1 0.09817477 2283.0 3383.0 0 3024.0 40000520
cell 4 -0.15 -2.20893233 0.1 0.09817477 2283.0 3383.0 0 3024.0 40000521
cell 4 -0.15 -2.11075756 0.1 0.09817477 2283.0 3383.0 0 3024.0 40000522
cell 4 -0.15 -2.01258279 0.1 0.09817477 2283.0 3383.0 0 3024.0 40000523
cell 4 -0.15 -1.91440802 0.1 0.09817477 2283.0 3383.0 0 3024.0 40000524
cell 4 -0.15 -1.81623325 0.1 0.09817477 2283.0 3383.0 0 3024.0 40000525
cell 4 -0.15 -1.71805848 0.1 0.09817477 2283.0 3383.0 0 3024.0 40000526
cell 4 -0.15 -1.61988371 0.1 0.09817477 2283.0 3383.0 0 3024.0 40000527
cell 4 -0.15 -1.52170894 0.1 0.09817477 2283.0 3383.0 0 3024.0 40000528
cell 4 -0.15 -1.42353417 0.1 0.09817477 2283.0 3383.0 0 3024.0 40000529
cell 4 -0.15 -1.3253594 0.1 0.09817477 2283.0 3383.0 0 3024.0 40000530
cell 4 -0.15 -1.22718463 0.1 0.09817477 2283.0 3383.0 0 3024.0 40000531
cell 4 -0.15 -1.12900986 0.1 0.09817477 2283.0 3383.0 0 3024.0 40000532
cell 4 -0.15 -1.03083509 0.1 0.09817477 2283.0 3383.0 0 3024.0 40000533
cell 4 -0.15 -0.93266032 0.1 0.09817477 2283.0 3383.0 0 3024.0 40000534
cell 4 -0.15 -0.83448555 0.1 0.09817477 2283.0 3383.0 0 3024.0 40000535
cell 4 -0.15 -0.73631078 0.1 0.09817477 2283.0 3383.0 0 3024.0 40000536
cell 4 -0.15 -0.63813601 0.1 0.09817477 2283.0 3383.0 0 3024.0 40000537
cell 4 -0.15 -0.53996124 0.1 0.09817477 2283.0 3383.0 0 3024.0 40000538
cell 4 -0.15 -0.44178647 0.1 0.09817477 2283.0 3383.0 0 3024.0 40000539
cell 4 -0.15 -0.3436117 0.1 0.09817477 2283.0 3383.0 0 3024.0 40000540
cell 4 -0.15 -0.24543693 0.1 0.09817477 2283.0 3383.0 0 3024.0 40000541
cell 4 -0.15 -0.14726216 0.1 0.09817477 2283.0 3383.0 0 3024.0 40000542
cell 4 -0.15 -0.04908739 0.1 0.09817477 2283.0 3383.0 0 3024.0 40000543
cell 4 -0.15 0.04908739 0.1 0.09817477 2283.0 3383.0 0 3024.0 40000544
cell 4 -0.15 0.14726216 0.1 0.09817477 2283.0 3383.0 0 3024.0 40000545
cell 4 -0.15 0.24543693 0.1 0.09817477 2283.0 3383.0 0 3024.0 40000546
cell 4 -0.15 0.3436117 0.1 0.09817477 2283.0 3383.0 0 3024.0 40000547
cell 4 -0.15 0.44178647 0.1 0.09817477 2283.0 3383.0 0 3024.0 40000548
cell 4 -0.15 0.53996124 0.1 0.09817477 2283.0 3383.0 0 3024.0 40000549
cell 4 -0.15 0.63813601 0.1 0.09817477 2283.0 3383.0 0 3024.0 40000550
cell 4 -0.15 0.73631078 0.1 0.09817477 2283.0 3383.0 0 3024.0 40000551
cell 4 -0.15 0.83448555 0.1 0.09817477 2283.0 3383.0 0 3024.0 40000552
cell 4 -0.15 0.93266032 0.1 0.09817477 2283.0 3383.0 0 3024.0 40000553
cell 4 -0.15 1.03083509 0.1 0.09817477 2283.0 3383.0 0 3024.0 40000554
cell 4 -0.15 1.12900986 0.1 0.09817477 2283.0 3383.0 0 3024.0 40000555
cell 4 -0.15 1.22718463 0.1 0.09817477 2283.0 3383.0 0 3024.0 40000556
cell 4 -0.15 1.3253594 0.1 0.09817477 2283.0 3383.0 0 3024.0 40000557
cell 4 -0.15 1.42353417 0.1 0.09817477 2283.0 3383.0 0 3024.0 40000558
cell 4 -0.15 1.52170894 0.1 0.09817477 2283.0 3383.0 0 3024.0 40000559
cell 4 -0.15 1.61988371 0.1 0.09817477 2283.0 3383.0 0 3024.0 40000560
cell 4 -0.15 1.71805848 0.1 0.09817477 2283.0 3383.0 0 3024.0 40000561
cell 4 -0.15 1.81623325 0.1 0.09817477 2283.0 3383.0 0 3024.0 40000562
cell 4 -0.15 1.91440802 0.1 0.09817477 2283.0 3383.0 0 3024.0 40000563
cell 4 -0.15 2.01258279 0.1 0.09817477 2283.0 3383.0 0 3024.0 40000564
cell 4 -0.15 2.11075756 0.1 0.09817477 2283.0 3383.0 0 3024.0 40000565
cell 4 -0.15 2.20893233 0.1 0.09817477 2283.0 3383.0 0 3024.0 40000566
cell 4 -0.15 2.3071071 0.1 0.09817477 2283.0 3383.0 0 3024.0 40000567
cell 4 -0.15 2.40528188 0.1 0.09817477 2283.0 3383.0 0 3024.0 40000568
cell 4 -0.15 2.50345665 0.1 0.09817477 2283.0 3383.0 0 3024.0 40000569
cell 4 -0.15 2.60163142 0.1 0.09817477 2283.0 3383.0 0 3024.0 40000570
cell 4 -0.15 2.69980619 0.1 0.09817477 2283.0 3383.0 0 3024.0 40000571
cell 4 -0.15 2.79798096 0.1 0.09817477 2283.0 3383.0 0 3024.0 40000572
cell 4 -0.15 2.89615573 0.1 0.09817477 2283.0 3383.0 0 3024.0 40000573
cell 4 -0.15 2.9943305 0.1 0.09817477 2283.0 3383.0 0 3024.0 40000574
cell 4 -0.15 3.09250527 0.1 0.09817477 2283.0 3383.0 0 3024.0 40000575
cell 4 -0.05 -3.09250527 0.1 0.09817477 2283.0 3383.0 0 3024.0 40000576
cell 4 -0.05 -2.9943305 0.1 0.09817477 2283.0 3383.0 0 3024.0 40000577
cell 4 -0.05 -2.89615573 0.1 0.09817477 2283.0 3383.0 0 3024.0 40000578
cell 4 -0.05 -2.79798096 0.1 0.09817477 2283.0 3383.0 0 3024.0 40000579
cell 4 -0.05 -2.69980619 0.1 0.09817477 2283.0 3383.0 0 3024.0 40000580
cell 4 -0.05 -2.60163142 0.1 0.09817477 2283.0 3383.0 0 3024.0 40000581
cell 4 -0.05 -2.50345665 0.1 0.09817477 2283.0 3383.0 0 3024.0 40000582
cell 4 -0.05 -2.40528188 0.1 0.09817477 2283.0 3383.0 0 3024.0 40000583
cell 4 -0.05 -2.3071071 0.1 0.09817477 2283.0 3383.0 0 3024.0 40000584
cell 4 -0.05 -2.20893233 0.1 0.09817477 2283.0 3383.0 0 3024.0 40000585
cell 4 -0.05 -2.11075756 0.1 0.09817477 2283.0 3383.0 0 3024.0 40000586
cell 4 -0.05 -2.01258279 0.1 0.09817477 2283.0 3383.0 0 3024.0 40000587
cell 4 -0.05 -1.91440802 0.1 0.09817477 2283.0 3383.0 0 3024.0 40000588
cell 4 -0.05 -1.81623325 0.1 0.09817477 2283.0 3383.0 0 3024.0 40000589
cell 4 -0.05 -1.71805848 0.1 0.09817477 2283.0 3383.0 0 3024.0 40000590
cell 4 -0.05 -1.61988371 0.1 0.09817477 2283.0 3383.0 0 3024.0 40000591
cell 4 -0.05 -1.52170894 0.1 0.09817477 2283.0 3383.0 0 3024.0 40000592
cell 4 -0.05 -1.42353417 0.1 0.09817477 2283.0 3383.0 0 3024.0 40000593
cell 4 -0.05 -1.3253594 0.1 0.09817477 2283.0 3383.0 0 3024.0 40000594
cell 4 -0.05 -1.22718463 0.1 0.09817477 2283.0 3383.0 0 3024.0 40000595
cell 4 -0.05 -1.12900986 0.1 0.09817477 2283.0 3383.0 0 3024.0 40000596
cell 4 -0.05 -1.03083509 0.1 0.09817477 2283.0 3383.0 0 3024.0 40000597
cell 4 -0.05 -0.93266032 0.1 0.09817477 2283.0 3383.0 0 3024.0 40000598
cell 4 -0.05 -0.83448555 0.1 0.09817477 2283.0 3383.0 0 3024.0 40000599
cell 4 -0.05 -0.73631078 0.1 0.09817477 2283.0 3383.0 0 3024.0 40000600
cell 4 -0.05 -0.63813601 0.1 0.09817477 2283.0 3383.0 0 3024.0 40000601
cell 4 -0.05 -0.53996124 0.1 0.09817477 2283.0 3383.0 0 3024.0 40000602
cell 4 -0.05 -0.44178647 0.1 0.09817477 2283.0 3383.0 0 3024.0 40000603
cell 4 -0.05 -0.3436117 0.1 0.09817477 2283.0 3383.0 0 3024.0 40000604
cell 4 -0.05 -0.24543693 0.1 0.09817477 2283.0 3383.0 0 3024.0 40000605
cell 4 -0.05 -0.14726216 0.1 0.09817477 2283.0 3383.0 0 3024.0 40000606
cell 4 -0.05 -0.04908739 0.1 0.09817477 2283.0 3383.0 0 3024.0 40000607
cell 4 -0.05 0.04908739 0.1 0.09817477 2283.0 3383.0 0 3024.0 40000608
cell 4 -0.05 0.14726216 0.1 0.09817477 2283.0 3383.0 0 3024.0 40000609
cell 4 -0.05 0.24543693 0.1 0.09817477 2283.0 3383.0 0 3024.0 40000610
cell 4 -0.05 0.3436117 0.1 0.09817477 2283.0 3383.0 0 3024.0 40000611
cell 4 -0.05 0.44178647 0.1 0.09817477 2283.0 3383.0 0 3024.0 40000612
cell 4 -0.05 0.53996124 0.1 0.09817477 2283.0 3383.0 0 3024.0 40000613
cell 4 -0.05 0.63813601 0.1 0.09817477 2283.0 3383.0 0 3024.0 40000614
cell 4 -0.05 0.73631078 0.1 0.09817477 2283.0 3383.0 0 3024.0 40000615
cell 4 -0.05 0.83448555 0.1 0.09817477 2283.0 3383.0 0 3024.0 40000616
cell 4 -0.05 0.93266032 0.1 0.09817477 2283.0 3383.0 0 3024.0 40000617
cell 4 -0.05 1.03083509 0.1 0.09817477 2283.0 3383.0 0 3024.0 40000618
cell 4 -0.05 1.12900986 0.1 0.09817477 2283.0 3383.0 0 3024.0 40000619
cell 4 -0.05 1.22718463 0.1 0.09817477 2283.0 3383.0 0 3024.0 40000620
cell 4 -0.05 1.3253594 0.1 0.09817477 2283.0 3383.0 0 3024.0 40000621
cell 4 -0.05 1.42353417 0.1 0.09817477 2283.0 3383.0 0 3024.0 40000622
cell 4 -0.05 1.52170894 0.1 0.09817477 2283.0 3383.0 0 3024.0 40000623
cell 4 -0.05 1.61988371 0.1 0.09817477 2283.0 3383.0 0 3024.0 40000624
cell 4 -0.05 1.71805848 0.1 0.09817477 2283.0 3383.0 0 3024.0 40000625
cell 4 -0.05 1.81623325 0.1 0.09817477 2283.0 3383.0 0 3024.0 40000626
cell 4 -0.05 1.91440802 0.1 0.09817477 2283.0 3383.0 0 3024.0 40000627
cell 4 -0.05 2.01258279 0.1 0.09817477 2283.0 3383.0 0 3024.0 40000628
cell 4 -0.05 2.11075756 0.1 0.09817477 2283.0 3383.0 0 3024.0 40000629
cell 4 -0.05 2.20893233 0.1 0.09817477 2283.0 3383.0 0 3024.0 40000630
cell 4 -0.05 2.3071071 0.1 0.09817477 2283.0 3383.0 0 3024.0 40000631
cell 4 -0.05 2.40528188 0.1 0.09817477 2283.0 3383.0 0 3024.0 40000632
cell 4 -0.05 2.50345665 0.1 0.09817477 2283.0 3383.0 0 3024.0 40000633
cell 4 -0.05 2.60163142 0.1 0.09817477 2283.0 3383.0 0 3024.0 40000634
cell 4 -0.05 2.69980619 0.1 0.09817477 2283.0 3383.0 0 3024.0 40000635
cell 4 -0.05 2.79798096 0.1 0.09817477 2283.0 3383.0 0 3024.0 40000636
cell 4 -0.05 2.89615573 0.1 0.09817477 2283.0 3383.0 0 3024.0 40000637
cell 4 -0.05 2.9943305 0.1 0.09817477 2283.0 3383.0 0 3024.0 40000638
cell 4 -0.05 3.09250527 0.1 0.09817477 2283.0 3383.0 0 3024.0 40000639
cell 4 0.05 -3.09250527 0.1 0.09817477 2283.0 3383.0 0 3024.0 40000640
cell 4 0.05 -2.9943305 0.1 0.09817477 2283.0 3383.0 0 3024.0 40000641
cell 4 0.05 -2.89615573 0.1 0.09817477 2283.0 3383.0 0 3024.0 40000642
cell 4 0.05 -2.79798096 0.1 0.09817477 2283.0 3383.0 0 3024.0 40000643
cell 4 0.05 -2.69980619 0.1 0.09817477 2283.0 3383.0 0 3024.0 40000644
cell 4 0.05 -2.60163142 0.1 0.09817477 2283.0 3383.0 0 3024.0 40000645
cell 4 0.05 -2.50345665 0.1 0.09817477 2283.0 3383.0 0 3024.0 40000646
cell 4 0.05 -2.40528188 0.1 0.09817477 2283.0 3383.0 0 3024.0 40000647
cell 4 0.05 -2.3071071 0.1 0.09817477 2283.0 3383.0 0 3024.0 40000648
cell 4 0.05 -2.20893233 0.1 0.09817477 2283.0 3383.0 0 3024.0 40000649
cell 4 0.05 -2.11075756 0.1 0.09817477 2283.0 3383.0 0 3024.0 40000650
cell 4 0.05 -2.01258279 0.1 0.09817477 2283.0 3383.0 0 3024.0 40000651
cell 4 0.05 -1.91440802 0.1 0.09817477 2283.0 3383.0 0 3024.0 40000652
cell 4 0.05 -1.81623325 0.1 0.09817477 2283.0 3383.0 0 3024.0 40000653
cell 4 0.05 -1.71805848 0.1 0.09817477 2283.0 3383.0 0 3024.0 40000654
cell 4 0.05 -1.61988371 0.1 0.09817477 2283.0 3383.0 0 3024.0 40000655
cell 4 0.05 -1.52170894 0.1 0.09817477 2283.0 3383.0 0 3024.0 40000656
cell 4 0.05 -1.42353417 0.1 0.09817477 2283.0 3383.0 0 3024.0 40000657
cell 4 0.05 -1.3253594 0.1 0.09817477 2283.0 3383.0 0 3024.0 40000658
cell 4 0.05 -1.22718463 0.1 0.09817477 2283.0 3383.0 0 3024.0 40000659
cell 4 0.05 -1.12900986 0.1 0.09817477 2283.0 3383.0 0 3024.0 40000660
cell 4 0.05 -1.03083509 0.1 0.09817477 2283.0 3383.0 0 3024.0 40000661
cell 4 0.05 -0.93266032 0.1 0.09817477 2283.0 3383.0 0 3024.0 40000662
cell 4 0.05 -0.83448555 0.1 0.09817477 2283.0 3383.0 0 3024.0 40000663
cell 4 0.05 -0.73631078 0.1 0.09817477 2283.0 3383.0 0 3024.0 40000664
cell 4 0.05 -0.63813601 0.1 0.09817477 2283.0 3383.0 0 3024.0 40000665
cell 4 0.05 -0.53996124 0.1 0.09817477 2283.0 3383.0 0 3024.0 40000666
cell 4 0.05 -0.44178647 0.1 0.09817477 2283.0 3383.0 0 3024.0 40000667
cell 4 0.05 -0.3436117 0.1 0.09817477 2283.0 3383.0 0 3024.0 40000668
cell 4 0.05 -0.24543693 0.1 0.09817477 2283.0 3383.0 0 3024.0 40000669
cell 4 0.05 -0.14726216 0.1 0.09817477 2283.0 3383.0 0 3024.0 40000670
cell 4 0.05 -0.04908739 0.1 0.09817477 2283.0 3383.0 0 3024.0 40000671
cell 4 0.05 0.04908739 0.1 0.09817477 2283.0 3383.0 0 3024.0 40000672
cell 4 0.05 0.14726216 0.1 0.09817477 2283.0 3383.0 0 3024.0 40000673
cell 4 0.05 0.24543693 0.1 0.09817477 2283.0 3383.0 0 3024.0 40000674
cell 4 0.05 0.3436117 0.1 0.09817477 2283.0 3383.0 0 3024.0 40000675
cell 4 0.05 0.44178647 0.1 0.09817477 2283.0 3383.0 0 3024.0 40000676
cell 4 0.05 0.53996124 0.1 0.09817477 2283.0 3383.0 0 3024.0 40000677
cell 4 0.05 0.63813601 0.1 0.09817477 2283.0 3383.0 0 3024.0 40000678
cell 4 0.05 0.73631078 0.1 0.09817477 2283.0 3383.0 0 3024.0 40000679
cell 4 0.05 0.83448555 0.1 0.09817477 2283.0 3383.0 0 3024.0 40000680
cell 4 0.05 0.93266032 0.1 0.09817477 2283.0 3383.0 0 3024.0 40000681
cell 4 0.05 1.03083509 0.1 0.09817477 2283.0 3383.0 0 3024.0 40000682
cell 4 0.05 1.12900986 0.1 0.09817477 2283.0 3383.0 0 3024.0 40000683
cell 4 0.05 1.22718463 0.1 0.09817477 2283.0 3383.0 0 3024.0 40000684
cell 4 0.05 1.3253594 0.1 0.09817477 2283.0 3383.0 0 3024.0 40000685
cell 4 0.05 1.42353417 0.1 0.09817477 2283.0 3383.0 0 3024.0 40000686
cell 4 0.05 1.52170894 0.1 0.09817477 2283.0 3383.0 0 3024.0 40000687
cell 4 0.05 1.61988371 0.1 0.09817477 2283.0 3383.0 0 3024.0 40000688
cell 4 0.05 1.71805848 0.1 0.09817477 2283.0 3383.0 0 3024.0 40000689
cell 4 0.05 1.81623325 0.1 0.09817477 2283.0 3383.0 0 3024.0 40000690
cell 4 0.05 1.91440802 0.1 0.09817477 2283.0 3383.0 0 3024.0 40000691
cell 4 0.05 2.01258279 0.1 0.09817477 2283.0 3383.0 0 3024.0 40000692
cell 4 0.05 2.11075756 0.1 0.09817477 2283.0 3383.0 0 3024.0 40000693
cell 4 0.05 2.20893233 0.1 0.09817477 2283.0 3383.0 0 3024.0 40000694
cell 4 0.05 2.3071071 0.1 0.09817477 2283.0 3383.0 0 3024.0 40000695
cell 4 0.05 2.40528188 0.1 0.09817477 2283.0 3383.0 0 3024.0 40000696
cell 4 0.05 2.50345665 0.1 0.09817477 2283.0 3383.0 0 3024.0 40000697
cell 4 0.05 2.60163142 0.1 0.09817477 2283.0 3383.0 0 3024.0 40000698
cell 4 0.05 2.69980619 0.1 0.09817477 2283.0 3383.0 0 3024.0 40000699
cell 4 0.05 2.79798096 0.1 0.09817477 2283.0 3383.0 0 3024.0 40000700
cell 4 0.05 2.89615573 0.1 0.09817477 2283.0 3383.0 0 3024.0 40000701
cell 4 0.05 2.9943305 0.1 0.09817477 2283.0 3383.0 0 3024.0 40000702
cell 4 0.05 3.09250527 0.1 0.09817477 2283.0 3383.0 0 3024.0 40000703
cell 4 0.15 -3.09250527 0.1 0.09817477 2283.0 3383.0 0 3024.0 40000704
cell 4 0.15 -2.9943305 0.1 0.09817477 2283.0 3383.0 0 3024.0 40000705
cell 4 0.15 -2.89615573 0.1 0.09817477 2283.0 3383.0 0 3024.0 40000706
cell 4 0.15 -2.79798096 0.1 0.09817477 2283.0 3383.0 0 3024.0 40000707
cell 4 0.15 -2.69980619 0.1 0.09817477 2283.0 3383.0 0 3024.0 40000708
cell 4 0.15 -2.60163142 0.1 0.09817477 2283.0 3383.0 0 3024.0 40000709
cell 4 0.15 -2.50345665 0.1 0.09817477 2283.0 3383.0 0 3024.0 40000710
cell 4 0.15 -2.40528188 0.1 0.09817477 2283.0 3383.0 0 3024.0 40000711
cell 4 0.15 -2.3071071 0.1 0.09817477 2283.0 3383.0 0 3024.0 40000712
cell 4 0.15 -2.20893233 0.1 0.09817477 2283.0 3383.0 0 3024.0 40000713
cell 4 0.15 -2.11075756 0.1 0.09817477 2283.0 3383.0 0 3024.0 40000714
cell 4 0.15 -2.01258279 0.1 0.09817477 2283.0 3383.0 0 3024.0 40000715
cell 4 0.15 -1.91440802 0.1 0.09817477 2283.0 3383.0 0 3024.0 40000716
cell 4 0.15 -1.81623325 0.1 0.09817477 2283.0 3383.0 0 3024.0 40000717
cell 4 0.15 -1.71805848 0.1 0.09817477 2283.0 3383.0 0 3024.0 40000718
cell 4 0.15 -1.61988371 0.1 0.09817477 2283.0 3383.0 0 3024.0 40000719
cell 4 0.15 -1.52170894 0.1 0.09817477 2283.0 3383.0 0 3024.0 40000720
cell 4 0.15 -1.42353417 0.1 0.09817477 2283.0 3383.0 0 3024.0 40000721
cell 4 0.15 -1.3253594 0.1 0.09817477 2283.0 3383.0 0 3024.0 40000722
cell 4 0.15 -1.22718463 0.1 0.09817477 2283.0 3383.0 0 3024.0 40000723
cell 4 0.15 -1.12900986 0.1 0.09817477 2283.0 3383.0 0 3024.0 40000724
cell 4 0.15 -1.03083509 0.1 0.09817477 2283.0 3383.0 0 3024.0 40000725
cell 4 0.15 -0.93266032 0.1 0.09817477 2283.0 3383.0 0 3024.0 40000726
cell 4 0.15 -0.83448555 0.1 0.09817477 2283.0 3383.0 0 3024.0 40000727
cell 4 0.15 -0.73631078 0.1 0.09817477 2283.0 3383.0 0 3024.0 40000728
cell 4 0.15 -0.63813601 0.1 0.09817477 2283.0 3383.0 0 3024.0 40000729
cell 4 0.15 -0.53996124 0.1 0.09817477 2283.0 3383.0 0 3024.0 40000730
cell 4 0.15 -0.44178647 0.1 0.09817477 2283.0 3383.0 0 3024.0 40000731
cell 4 0.15 -0.3436117 0.1 0.09817477 2283.0 3383.0 0 3024.0 40000732
cell 4 0.15 -0.24543693 0.1 0.09817477 2283.0 3383.0 0 3024.0 40000733
cell 4 0.15 -0.14726216 0.1 0.09817477 2283.0 3383.0 0 3024.0 40000734
cell 4 0.15 -0.04908739 0.1 0.09817477 2283.0 3383.0 0 3024.0 40000735
cell 4 0.15 0.04908739 0.1 0.09817477 2283.0 3383.0 0 3024.0 40000736
cell 4 0.15 0.14726216 0.1 0.09817477 2283.0 3383.0 0 3024.0 40000737
cell 4 0.15 0.24543693 0.1 0.09817477 2283.0 3383.0 0 3024.0 40000738
cell 4 0.15 0.3436117 0.1 0.09817477 2283.0 3383.0 0 3024.0 40000739
cell 4 0.15 0.44178647 0.1 0.09817477 2283.0 3383.0 0 3024.0 40000740
cell 4 0.15 0.53996124 0.1 0.09817477 2283.0 3383.0 0 3024.0 40000741
cell 4 0.15 0.63813601 0.1 0.09817477 2283.0 3383.0 0 3024.0 40000742
cell 4 0.15 0.73631078 0.1 0.09817477 2283.0 3383.0 0 3024.0 40000743
cell 4 0.15 0.83448555 0.1 0.09817477 2283.0 3383.0 0 3024.0 40000744
cell 4 0.15 0.93266032 0.1 0.09817477 2283.0 3383.0 0 3024.0 40000745
cell 4 0.15 1.03083509 0.1 0.09817477 2283.0 3383.0 0 3024.0 40000746
cell 4 0.15 1.12900986 0.1 0.09817477 2283.0 3383.0 0 3024.0 40000747
cell 4 0.15 1.22718463 0.1 0.09817477 2283.0 3383.0 0 3024.0 40000748
cell 4 0.15 1.3253594 0.1 0.09817477 2283.0 3383.0 0 3024.0 40000749
cell 4 0.15 1.42353417 0.1 0.09817477 2283.0 3383.0 0 3024.0 40000750
cell 4 0.15 1.52170894 0.1 0.09817477 2283.0 3383.0 0 3024.0 40000751
cell 4 0.15 1.61988371 0.1 0.09817477 2283.0 3383.0 0 3024.0 40000752
cell 4 0.15 1.71805848 0.1 0.09817477 2283.0 3383.0 0 3024.0 40000753
cell 4 0.15 1.81623325 0.1 0.09817477 2283.0 3383.0 0 3024.0 40000754
cell 4 0.15 1.91440802 0.1 0.09817477 2283.0 3383.0 0 3024.0 40000755
cell 4 0.15 2.01258279 0.1 0.09817477 2283.0 3383.0 0 3024.0 40000756
cell 4 0.15 2.11075756 0.1 0.09817477 2283.0 3383.0 0 3024.0 40000757
cell 4 0.15 2.20893233 0.1 0.09817477 2283.0 3383.0 0 3024.0 40000758
cell 4 0.15 2.3071071 0.1 0.09817477 2283.0 3383.0 0 3024.0 40000759
cell 4 0.15 2.40528188 0.1 0.09817477 2283.0 3383.0 0 3024.0 40000760
cell 4 0.15 2.50345665 0.1 0.09817477 2283.0 3383.0 0 3024.0 40000761
cell 4 0.15 2.60163142 0.1 0.09817477 2283.0 3383.0 0 3024.0 40000762
cell 4 0.15 2.69980619 0.1 0.09817477 2283.0 3383.0 0 3024.0 40000763
cell 4 0.15 2.79798096 0.1 0.09817477 2283.0 3383.0 0 3024.0 40000764
cell 4 0.15 2.89615573 0.1 0.09817477 2283.0 3383.0 0 3024.0 40000765
cell 4 0.15 2.9943305 0.1 0.09817477 2283.0 3383.0 0 3024.0 40000766
cell 4 0.15 3.09250527 0.1 0.09817477 2283.0 3383.0 0 3024.0 40000767
cell 4 0.25 -3.09250527 0.1 0.09817477 2283.0 3383.0 0 3024.0 40000768
cell 4 0.25 -2.9943305 0.1 0.09817477 2283.0 3383.0 0 3024.0 40000769
cell 4 0.25 -2.89615573 0.1 0.09817477 2283.0 3383.0 0 3024.0 40000770
cell 4 0.25 -2.79798096 0.1 0.09817477 2283.0 3383.0 0 3024.0 40000771
cell 4 0.25 -2.69980619 0.1 0.09817477 2283.0 3383.0 0 3024.0 40000772
cell 4 0.25 -2.60163142 0.1 0.09817477 2283.0 3383.0 0 3024.0 40000773
cell 4 0.25 -2.50345665 0.1 0.09817477 2283.0 3383.0 0 3024.0 40000774
cell 4 0.25 -2.40528188 0.1 0.09817477 2283.0 3383.0 0 3024.0 40000775
cell 4 0.25 -2.3071071 0.1 0.09817477 2283.0 3383.0 0 3024.0 40000776
cell 4 0.25 -2.20893233 0.1 0.09817477 2283.0 3383.0 0 3024.0 40000777
cell 4 0.25 -2.11075756 0.1 0.09817477 2283.0 3383.0 0 3024.0 40000778
cell 4 0.25 -2.01258279 0.1 0.09817477 2283.0 3383.0 0 3024.0 40000779
cell 4 0.25 -1.91440802 0.1 0.09817477 2283.0 3383.0 0 3024.0 40000780
cell 4 0.25 -1.81623325 0.1 0.09817477 2283.0 3383.0 0 3024.0 40000781
cell 4 0.25 -1.71805848 0.1 0.09817477 2283.0 3383.0 0 3024.0 40000782
cell 4 0.25 -1.61988371 0.1 0.09817477 2283.0 3383.0 0 3024.0 40000783
cell 4 0.25 -1.52170894 0.1 0.09817477 2283.0 3383.0 0 3024.0 40000784
cell 4 0.25 -1.42353417 0.1 0.09817477 2283.0 3383.0 0 3024.0 40000785
cell 4 0.25 -1.3253594 0.1 0.09817477 2283.0 3383.0 0 3024.0 40000786
cell 4 0.25 -1.22718463 0.1 0.09817477 2283.0 3383.0 0 3024.0 40000787
cell 4 0.25 -1.12900986 0.1 0.09817477 2283.0 3383.0 0 3024.0 40000788
cell 4 0.25 -1.03083509 0.1 0.09817477 2283.0 3383.0 0 3024.0 40000789
cell 4 0.25 -0.93266032 0.1 0.09817477 2283.0 3383.0 0 3024.0 40000790
cell 4 0.25 -0.83448555 0.1 0.09817477 2283.0 3383.0 0 3024.0 40000791
cell 4 0.25 -0.73631078 0.1 0.09817477 2283.0 3383.0 0 3024.0 40000792
cell 4 0.25 -0.63813601 0.1 0.09817477 2283.0 3383.0 0 3024.0 40000793
cell 4 0.25 -0.53996124 0.1 0.09817477 2283.0 3383.0 0 3024.0 40000794
cell 4 0.25 -0.44178647 0.1 0.09817477 2283.0 3383.0 0 3024.0 40000795
cell 4 0.25 -0.3436117 0.1 0.09817477 2283.0 3383.0 0 3024.0 40000796
cell 4 0.25 -0.24543693 0.1 0.09817477 2283.0 3383.0 0 3024.0 40000797
cell 4 0.25 -0.14726216 0.1 0.09817477 2283.0 3383.0 0 3024.0 40000798
cell 4 0.25 -0.04908739 0.1 0.09817477 2283.0 3383.0 0 3024.0 40000799
cell 4 0.25 0.04908739 0.1 0.09817477 2283.0 3383.0 0 3024.0 40000800
cell 4 0.25 0.14726216 0.1 0.09817477 2283.0 3383.0 0 3024.0 40000801
cell 4 0.25 0.24543693 0.1 0.09817477 2283.0 3383.0 0 3024.0 40000802
cell 4 0.25 0.3436117 0.1 0.09817477 2283.0 3383.0 0 3024.0 40000803
cell 4 0.25 0.44178647 0.1 0.09817477 2283.0 3383.0 0 3024.0 40000804
cell 4 0.25 0.53996124 0.1 0.09817477 2283.0 3383.0 0 3024.0 40000805
cell 4 0.25 0.63813601 0.1 0.09817477 2283.0 3383.0 0 3024.0 40000806
cell 4 0.25 0.73631078 0.1 0.09817477 2283.0 3383.0 0 3024.0 40000807
cell 4 0.25 0.83448555 0.1 0.09817477 2283.0 3383.0 0 3024.0 40000808
cell 4 0.25 0.93266032 0.1 0.09817477 2283.0 3383.0 0 3024.0 40000809
cell 4 0.25 1.03083509 0.1 0.09817477 2283.0 3383.0 0 3024.0 40000810
cell 4 0.25 1.12900986 0.1 0.09817477 2283.0 3383.0 0 3024.0 40000811
cell 4 0.25 1.22718463 0.1 0.09817477 2283.0 3383.0 0 3024.0 40000812
cell 4 0.25 1.3253594 0.1 0.09817477 2283.0 3383.0 0 3024.0 40000813
cell 4 0.25 1.42353417 0.1 0.09817477 2283.0 3383.0 0 3024.0 40000814
cell 4 0.25 1.52170894 0.1 0.09817477 2283.0 3383.0 0 3024.0 40000815
cell 4 0.25 1.61988371 0.1 0.09817477 2283.0 3383.0 0 3024.0 40000816
cell 4 0.25 1.71805848 0.1 0.09817477 2283.0 3383.0 0 3024.0 40000817
cell 4 0.25 1.81623325 0.1 0.09817477 2283.0 3383.0 0 3024.0 40000818
cell 4 0.25 1.91440802 0.1 0.09817477 2283.0 3383.0 0 3024.0 40000819
cell 4 0.25 2.01258279 0.1 0.09817477 2283.0 3383.0 0 3024.0 40000820
cell 4 0.25 2.11075756 0.1 0.09817477 2283.0 3383.0 0 3024.0 40000821
cell 4 0.25 2.20893233 0.1 0.09817477 2283.0 3383.0 0 3024.0 40000822
cell 4 0.25 2.3071071 0.1 0.09817477 2283.0 3383.0 0 3024.0 40000823
cell 4 0.25 2.40528188 0.1 0.09817477 2283.0 3383.0 0 3024.0 40000824
cell 4 0.25 2.50345665 0.1 0.09817477 2283.0 3383.0 0 3024.0 40000825
cell 4 0.25 2.60163142 0.1 0.09817477 2283.0 3383.0 0 3024.0 40000826
cell 4 0.25 2.69980619 0.1 0.09817477 2283.0 3383.0 0 3024.0 40000827
cell 4 0.25 2.79798096 0.1 0.09817477 2283.0 3383.0 0 3024.0 40000828
cell 4 0.25 2.89615573 0.1 0.09817477 2283.0 3383.0 0 3024.0 40000829
cell 4 0.25 2.9943305 0.1 0.09817477 2283.0 3383.0 0 3024.0 40000830
cell 4 0.25 3.09250527 0.1 0.09817477 2283.0 3383.0 0 3024.0 40000831
cell 4 0.35 -3.09250527 0.1 0.09817477 2283.0 3383.0 0 3024.0 40000832
cell 4 0.35 -2.9943305 0.1 0.09817477 2283.0 3383.0 0 3024.0 40000833
cell 4 0.35 -2.89615573 0.1 0.09817477 2283.0 3383.0 0 3024.0 40000834
cell 4 0.35 -2.79798096 0.1 0.09817477 2283.0 3383.0 0 3024.0 40000835
cell 4 0.35 -2.69980619 0.1 0.09817477 2283.0 3383.0 0 3024.0 40000836
cell 4 0.35 -2.60163142 0.1 0.09817477 2283.0 3383.0 0 3024.0 40000837
cell 4 0.35 -2.50345665 0.1 0.09817477 2283.0 3383.0 0 3024.0 40000838
cell 4 0.35 -2.40528188 0.1 0.09817477 2283.0 3383.0 0 3024.0 40000839
cell 4 0.35 -2.3071071 0.1 0.09817477 2283.0 3383.0 0 3024.0 40000840
cell 4 0.35 -2.20893233 0.1 0.09817477 2283.0 3383.0 0 3024.0 40000841
cell 4 0.35 -2.11075756 0.1 0.09817477 2283.0 3383.0 0 3024.0 40000842
cell 4 0.35 -2.01258279 0.1 0.09817477 2283.0 3383.0 0 3024.0 40000843
cell 4 0.35 -1.91440802 0.1 0.09817477 2283.0 3383.0 0 3024.0 40000844
cell 4 0.35 -1.81623325 0.1 0.09817477 2283.0 3383.0 0 3024.0 40000845
cell 4 0.35 -1.71805848 0.1 0.09817477 2283.0 3383.0 0 3024.0 40000846
cell 4 0.35 -1.61988371 0.1 0.09817477 2283.0 3383.0 0 3024.0 40000847
cell 4 0.35 -1.52170894 0.1 0.09817477 2283.0 3383.0 0 3024.0 40000848
cell 4 0.35 -1.42353417 0.1 0.09817477 2283.0 3383.0 0 3024.0 40000849
cell 4 0.35 -1.3253594 0.1 0.09817477 2283.0 3383.0 0 3024.0 40000850
cell 4 0.35 -1.22718463 0.1 0.09817477 2283.0 3383.0 0 3024.0 40000851
cell 4 0.35 -1.12900986 0.1 0.09817477 2283.0 3383.0 0 3024.0 40000852
cell 4 0.35 -1.03083509 0.1 0.09817477 2283.0 3383.0 0 3024.0 40000853
cell 4 0.35 -0.93266032 0.1 0.09817477 2283.0 3383.0 0 3024.0 40000854
cell 4 0.35 -0.83448555 0.1 0.09817477 2283.0 3383.0 0 3024.0 40000855
cell 4 0.35 -0.73631078 0.1 0.09817477 2283.0 3383.0 0 3024.0 40000856
cell 4 0.35 -0.63813601 0.1 0.09817477 2283.0 3383.0 0 3024.0 40000857
cell 4 0.35 -0.53996124 0.1 0.09817477 2283.0 3383.0 0 3024.0 40000858
cell 4 0.35 -0.44178647 0.1 0.09817477 2283.0 3383.0 0 3024.0 40000859
cell 4 0.35 -0.3436117 0.1 0.09817477 2283.0 3383.0 0 3024.0 40000860
cell 4 0.35 -0.24543693 0.1 0.09817477 2283.0 3383.0 0 3024.0 40000861
cell 4 0.35 -0.14726216 0.1 0.09817477 2283.0 3383.0 0 3024.0 40000862
cell 4 0.35 -0.04908739 0.1 0.09817477 2283.0 3383.0 0 3024.0 40000863
cell 4 0.35 0.04908739 0.1 0.09817477 2283.0 3383.0 0 3024.0 40000864
cell 4 0.35 0.14726216 0.1 0.09817477 2283.0 3383.0 0 3024.0 40000865
cell 4 0.35 0.24543693 0.1 0.09817477 2283.0 3383.0 0 3024.0 40000866
cell 4 0.35 0.3436117 0.1 0.09817477 2283.0 3383.0 0 3024.0 40000867
cell 4 0.35 0.44178647 0.1 0.09817477 2283.0 3383.0 0 3024.0 40000868
cell 4 0.35 0.53996124 0.1 0.09817477 2283.0 3383.0 0 3024.0 40000869
cell 4 0.35 0.63813601 0.1 0.09817477 2283.0 3383.0 0 3024.0 40000870
cell 4 0.35 0.73631078 0.1 0.09817477 2283.0 3383.0 0 3024.0 40000871
cell 4 0.35 0.83448555 0.1 0.09817477 2283.0 3383.0 0 3024.0 40000872
cell 4 0.35 0.93266032 0.1 0.09817477 2283.0 3383.0 0 3024.0 40000873
cell 4 0.35 1.03083509 0.1 0.09817477 2283.0 3383.0 0 3024.0 40000874
cell 4 0.35 1.12900986 0.1 0.09817477 2283.0 3383.0 0 3024.0 40000875
cell 4 0.35 1.22718463 0.1 0.09817477 2283.0 3383.0 0 3024.0 40000876
cell 4 0.35 1.3253594 0.1 0.09817477 2283.0 3383.0 0 3024.0 40000877
cell 4 0.35 1.42353417 0.1 0.09817477 2283.0 3383.0 0 3024.0 40000878
cell 4 0.35 1.52170894 0.1 0.09817477 2283.0 3383.0 0 3024.0 40000879
cell 4 0.35 1.61988371 0.1 0.09817477 2283.0 3383.0 0 3024.0 40000880
cell 4 0.35 1.71805848 0.1 0.09817477 2283.0 3383.0 0 3024.0 40000881
cell 4 0.35 1.81623325 0.1 0.09817477 2283.0 3383.0 0 3024.0 40000882
cell 4 0.35 1.91440802 0.1 0.09817477 2283.0 3383.0 0 3024.0 40000883
cell 4 0.35 2.01258279 0.1 0.09817477 2283.0 3383.0 0 3024.0 40000884
cell 4 0.35 2.11075756 0.1 0.09817477 2283.0 3383.0 0 3024.0 40000885
cell 4 0.35 2.20893233 0.1 0.09817477 2283.0 3383.0 0 3024.0 40000886
cell 4 0.35 2.3071071 0.1 0.09817477 2283.0 3383.0 0 3024.0 40000887
cell 4 0.35 2.40528188 0.1 0.09817477 2283.0 3383.0 0 3024.0 40000888
cell 4 0.35 2.50345665 0.1 0.09817477 2283.0 3383.0 0 3024.0 40000889
cell 4 0.35 2.60163142 0.1 0.09817477 2283.0 3383.0 0 3024.0 40000890
cell 4 0.35 2.69980619 0.1 0.09817477 2283.0 3383.0 0 3024.0 40000891
cell 4 0.35 2.79798096 0.1 0.09817477 2283.0 3383.0 0 3024.0 40000892
cell 4 0.35 2.89615573 0.1 0.09817477 2283.0 3383.0 0 3024.0 40000893
cell 4 0.35 2.9943305 0.1 0.09817477 2283.0 3383.0 0 3024.0 40000894
cell 4 0.35 3.09250527 0.1 0.09817477 2283.0 3383.0 0 3024.0 40000895
cell 4 0.45 -3.09250527 0.1 0.09817477 2283.0 3383.0 0 3024.0 40000896
cell 4 0.45 -2.9943305 0.1 0.09817477 2283.0 3383.0 0 3024.0 40000897
cell 4 0.45 -2.89615573 0.1 0.09817477 2283.0 3383.0 0 3024.0 40000898
cell 4 0.45 -2.79798096 0.1 0.09817477 2283.0 3383.0 0 3024.0 40000899
cell 4 0.45 -2.69980619 0.1 0.09817477 2283.0 3383.0 0 3024.0 40000900
cell 4 0.45 -2.60163142 0.1 0.09817477 2283.0 3383.0 0 3024.0 40000901
cell 4 0.45 -2.50345665 0.1 0.09817477 2283.0 3383.0 0 3024.0 40000902
cell 4 0.45 -2.40528188 0.1 0.09817477 2283.0 3383.0 0 3024.0 40000903
cell 4 0.45 -2.3071071 0.1 0.09817477 2283.0 3383.0 0 3024.0 40000904
cell 4 0.45 -2.20893233 0.1 0.09817477 2283.0 3383.0 0 3024.0 40000905
cell 4 0.45 -2.11075756 0.1 0.09817477 2283.0 3383.0 0 3024.0 40000906
cell 4 0.45 -2.01258279 0.1 0.09817477 2283.0 3383.0 0 3024.0 40000907
cell 4 0.45 -1.91440802 0.1 0.09817477 2283.0 3383.0 0 3024.0 40000908
cell 4 0.45 -1.81623325 0.1 0.09817477 2283.0 3383.0 0 3024.0 40000909
cell 4 0.45 -1.71805848 0.1 0.09817477 2283.0 3383.0 0 3024.0 40000910
cell 4 0.45 -1.61988371 0.1 0.09817477 2283.0 3383.0 0 3024.0 40000911
cell 4 0.45 -1.52170894 0.1 0.09817477 2283.0 3383.0 0 3024.0 40000912
cell 4 0.45 -1.42353417 0.1 0.09817477 2283.0 3383.0 0 3024.0 40000913
cell 4 0.45 -1.3253594 0.1 0.09817477 2283.0 3383.0 0 3024.0 40000914
cell 4 0.45 -1.22718463 0.1 0.09817477 2283.0 3383.0 0 3024.0 40000915
cell 4 0.45 -1.12900986 0.1 0.09817477 2283.0 3383.0 0 3024.0 40000916
cell 4 0.45 -1.03083509 0.1 0.09817477 2283.0 3383.0 0 3024.0 40000917
cell 4 0.45 -0.93266032 0.1 0.09817477 2283.0 3383.0 0 3024.0 40000918
cell 4 0.45 -0.83448555 0.1 0.09817477 2283.0 3383.0 0 3024.0 40000919
cell 4 0.45 -0.73631078 0.1 0.09817477 2283.0 3383.0 0 3024.0 40000920
cell 4 0.45 -0.63813601 0.1 0.09817477 2283.0 3383.0 0 3024.0 40000921
cell 4 0.45 -0.53996124 0.1 0.09817477 2283.0 3383.0 0 3024.0 40000922
cell 4 0.45 -0.44178647 0.1 0.09817477 2283.0 3383.0 0 3024.0 40000923
cell 4 0.45 -0.3436117 0.1 0.09817477 2283.0 3383.0 0 3024.0 40000924
cell 4 0.45 -0.24543693 0.1 0.09817477 2283.0 3383.0 0 3024.0 40000925
cell 4 0.45 -0.14726216 0.1 0.09817477 2283.0 3383.0 0 3024.0 40000926
cell 4 0.45 -0.04908739 0.1 0.09817477 2283.0 3383.0 0 3024.0 40000927
cell 4 0.45 0.04908739 0.1 0.09817477 2283.0 3383.0 0 3024.0 40000928
cell 4 0.45 0.14726216 0.1 0.09817477 2283.0 3383.0 0 3024.0 40000929
cell 4 0.45 0.24543693 0.1 0.09817477 2283.0 3383.0 0 3024.0 40000930
cell 4 0.45 0.3436117 0.1 0.09817477 2283.0 3383.0 0 3024.0 40000931
cell 4 0.45 0.44178647 0.1 0.09817477 2283.0 3383.0 0 3024.0 40000932
cell 4 0.45 0.53996124 0.1 0.09817477 2283.0 3383.0 0 3024.0 40000933
cell 4 0.45 0.63813601 0.1 0.09817477 2283.0 3383.0 0 3024.0 40000934
cell 4 0.45 0.73631078 0.1 0.09817477 2283.0 3383.0 0 3024.0 40000935
cell 4 0.45 0.83448555 0.1 0.09817477 2283.0 3383.0 0 3024.0 40000936
cell 4 0.45 0.93266032 0.1 0.09817477 2283.0 3383.0 0 3024.0 40000937
cell 4 0.45 1.03083509 0.1 0.09817477 2283.0 3383.0 0 3024.0 40000938
cell 4 0.45 1.12900986 0.1 0.09817477 2283.0 3383.0 0 3024.0 40000939
cell 4 0.45 1.22718463 0.1 0.09817477 2283.0 3383.0 0 3024.0 40000940
cell 4 0.45 1.3253594 0.1 0.09817477 2283.0 3383.0 0 3024.0 40000941
cell 4 0.45 1.42353417 0.1 0.09817477 2283.0 3383.0 0 3024.0 40000942
cell 4 0.45 1.52170894 0.1 0.09817477 2283.0 3383.0 0 3024.0 40000943
cell 4 0.45 1.61988371 0.1 0.09817477 2283.0 3383.0 0 3024.0 40000944
cell 4 0.45 1.71805848 0.1 0.09817477 2283.0 3383.0 0 3024.0 40000945
cell 4 0.45 1.81623325 0.1 0.09817477 2283.0 3383.0 0 3024.0 40000946
cell 4 0.45 1.91440802 0.1 0.09817477 2283.0 3383.0 0 3024.0 40000947
cell 4 0.45 2.01258279 0.1 0.09817477 2283.0 3383.0 0 3024.0 40000948
cell 4 0.45 2.11075756 0.1 0.09817477 2283.0 3383.0 0 3024.0 40000949
cell 4 0.45 2.20893233 0.1 0.09817477 2283.0 3383.0 0 3024.0 40000950
cell 4 0.45 2.3071071 0.1 0.09817477 2283.0 3383.0 0 3024.0 40000951
cell 4 0.45 2.40528188 0.1 0.09817477 2283.0 3383.0 0 3024.0 40000952
cell 4 0.45 2.50345665 0.1 0.09817477 2283.0 3383.0 0 3024.0 40000953
cell 4 0.45 2.60163142 0.1 0.09817477 2283.0 3383.0 0 3024.0 40000954
cell 4 0.45 2.69980619 0.1 0.09817477 2283.0 3383.0 0 3024.0 40000955
cell 4 0.45 2.79798096 0.1 0.09817477 2283.0 3383.0 0 3024.0 40000956
cell 4 0.45 2.89615573 0.1 0.09817477 2283.0 3383.0 0 3024.0 40000957
cell 4 0.45 2.9943305 0.1 0.09817477 2283.0 3383.0 0 3024.0 40000958
cell 4 0.45 3.09250527 0.1 0.09817477 2283.0 3383.0 0 3024.0 40000959
cell 4 0.55 -3.09250527 0.1 0.09817477 2283.0 3383.0 0 3024.0 40000960
cell 4 0.55 -2.9943305 0.1 0.09817477 2283.0 3383.0 0 3024.0 40000961
cell 4 0.55 -2.89615573 0.1 0.09817477 2283.0 3383.0 0 3024.0 40000962
cell 4 0.55 -2.79798096 0.1 0.09817477 2283.0 3383.0 0 3024.0 40000963
cell 4 0.55 -2.69980619 0.1 0.09817477 2283.0 3383.0 0 3024.0 40000964
cell 4 0.55 -2.60163142 0.1 0.09817477 2283.0 3383.0 0 3024.0 40000965
cell 4 0.55 -2.50345665 0.1 0.09817477 2283.0 3383.0 0 3024.0 40000966
cell 4 0.55 -2.40528188 0.1 0.09817477 2283.0 3383.0 0 3024.0 40000967
cell 4 0.55 -2.3071071 0.1 0.09817477 2283.0 3383.0 0 3024.0 40000968
cell 4 0.55 -2.20893233 0.1 0.09817477 2283.0 3383.0 0 3024.0 40000969
cell 4 0.55 -2.11075756 0.1 0.09817477 2283.0 3383.0 0 3024.0 40000970
cell 4 0.55 -2.01258279 0.1 0.09817477 2283.0 3383.0 0 3024.0 40000971
cell 4 0.55 -1.91440802 0.1 0.09817477 2283.0 3383.0 0 3024.0 40000972
cell 4 0.55 -1.81623325 0.1 0.09817477 2283.0 3383.0 0 3024.0 40000973
cell 4 0.55 -1.71805848 0.1 0.09817477 2283.0 3383.0 0 3024.0 40000974
cell 4 0.55 -1.61988371 0.1 0.09817477 2283.0 3383.0 0 3024.0 40000975
cell 4 0.55 -1.52170894 0.1 0.09817477 2283.0 3383.0 0 3024.0 40000976
cell 4 0.55 -1.42353417 0.1 0.09817477 2283.0 3383.0 0 3024.0 40000977
cell 4 0.55 -1.3253594 0.1 0.09817477 2283.0 3383.0 0 3024.0 40000978
cell 4 0.55 -1.22718463 0.1 0.09817477 2283.0 3383.0 0 3024.0 40000979
cell 4 0.55 -1.12900986 0.1 0.09817477 2283.0 3383.0 0 3024.0 40000980
cell 4 0.55 -1.03083509 0.1 0.09817477 2283.0 3383.0 0 3024.0 40000981
cell 4 0.55 -0.93266032 0.1 0.09817477 2283.0 3383.0 0 3024.0 40000982
cell 4 0.55 -0.83448555 0.1 0.09817477 2283.0 3383.0 0 3024.0 40000983
cell 4 0.55 -0.73631078 0.1 0.09817477 2283.0 3383.0 0 3024.0 40000984
cell 4 0.55 -0.63813601 0.1 0.09817477 2283.0 3383.0 0 3024.0 40000985
cell 4 0.55 -0.53996124 0.1 0.09817477 2283.0 3383.0 0 3024.0 40000986
cell 4 0.55 -0.44178647 0.1 0.09817477 2283.0 3383.0 0 3024.0 40000987
cell 4 0.55 -0.3436117 0.1 0.09817477 2283.0 3383.0 0 3024.0 40000988
cell 4 0.55 -0.24543693 0.1 0.09817477 2283.0 3383.0 0 3024.0 40000989
cell 4 0.55 -0.14726216 0.1 0.09817477 2283.0 3383.0 0 3024.0 40000990
cell 4 0.55 -0.04908739 0.1 0.09817477 2283.0 3383.0 0 3024.0 40000991
cell 4 0.55 0.04908739 0.1 0.09817477 2283.0 3383.0 0 3024.0 40000992
cell 4 0.55 0.14726216 0.1 0.09817477 2283.0 3383.0 0 3024.0 40000993
cell 4 0.55 0.24543693 0.1 0.09817477 2283.0 3383.0 0 3024.0 40000994
cell 4 0.55 0.3436117 0.1 0.09817477 2283.0 3383.0 0 3024.0 40000995
cell 4 0.55 0.44178647 0.1 0.09817477 2283.0 3383.0 0 3024.0 40000996
cell 4 0.55 0.53996124 0.1 0.09817477 2283.0 3383.0 0 3024.0 40000997
cell 4 0.55 0.63813601 0.1 0.09817477 2283.0 3383.0 0 3024.0 40000998
cell 4 0.55 0.73631078 0.1 0.09817477 2283.0 3383.0 0 3024.0 40000999
cell 4 0.55 0.83448555 0.1 0.09817477 2283.0 3383.0 0 3024.0 40001000
cell 4 0.55 0.93266032 0.1 0.09817477 2283.0 3383.0 0 3024.0 40001001
cell 4 0.55 1.03083509 0.1 0.09817477 2283.0 3383.0 0 3024.0 40001002
cell 4 0.55 1.12900986 0.1 0.09817477 2283.0 3383.0 0 3024.0 40001003
cell 4 0.55 1.22718463 0.1 0.09817477 2283.0 3383.0 0 3024.0 40001004
cell 4 0.55 1.3253594 0.1 0.09817477 2283.0 3383.0 0 3024.0 40001005
cell 4 0.55 1.42353417 0.1 0.09817477 2283.0 3383.0 0 3024.0 40001006
cell 4 0.55 1.52170894 0.1 0.09817477 2283.0 3383.0 0 3024.0 40001007
cell 4 0.55 1.61988371 0.1 0.09817477 2283.0 3383.0 0 3024.0 40001008
cell 4 0.55 1.71805848 0.1 0.09817477 2283.0 3383.0 0 3024.0 40001009
cell 4 0.55 1.81623325 0.1 0.09817477 2283.0 3383.0 0 3024.0 40001010
cell 4 0.55 1.91440802 0.1 0.09817477 2283.0 3383.0 0 3024.0 40001011
cell 4 0.55 2.01258279 0.1 0.09817477 2283.0 3383.0 0 3024.0 40001012
cell 4 0.55 2.11075756 0.1 0.09817477 2283.0 3383.0 0 3024.0 40001013
cell 4 0.55 2.20893233 0.1 0.09817477 2283.0 3383.0 0 3024.0 40001014
cell 4 0.55 2.3071071 0.1 0.09817477 2283.0 3383.0 0 3024.0 40001015
cell 4 0.55 2.40528188 0.1 0.09817477 2283.0 3383.0 0 3024.0 40001016
cell 4 0.55 2.50345665 0.1 0.09817477 2283.0 3383.0 0 3024.0 40001017
cell 4 0.55 2.60163142 0.1 0.09817477 2283.0 3383.0 0 3024.0 40001018
cell 4 0.55 2.69980619 0.1 0.09817477 2283.0 3383.0 0 3024.0 40001019
cell 4 0.55 2.79798096 0.1 0.09817477 2283.0 3383.0 0 3024.0 40001020
cell 4 0.55 2.89615573 0.1 0.09817477 2283.0 3383.0 0 3024.0 40001021
cell 4 0.55 2.9943305 0.1 0.09817477 2283.0 3383.0 0 3024.0 40001022
cell 4 0.55 3.09250527 0.1 0.09817477 2283.0 3383.0 0 3024.0 40001023
cell 4 0.65 -3.09250527 0.1 0.09817477 2283.0 3383.0 0 3024.0 40001024
cell 4 0.65 -2.9943305 0.1 0.09817477 2283.0 3383.0 0 3024.0 40001025
cell 4 0.65 -2.89615573 0.1 0.09817477 2283.0 3383.0 0 3024.0 40001026
cell 4 0.65 -2.79798096 0.1 0.09817477 2283.0 3383.0 0 3024.0 40001027
cell 4 0.65 -2.69980619 0.1 0.09817477 2283.0 3383.0 0 3024.0 40001028
cell 4 0.65 -2.60163142 0.1 0.09817477 2283.0 3383.0 0 3024.0 40001029
cell 4 0.65 -2.50345665 0.1 0.09817477 2283.0 3383.0 0 3024.0 40001030
cell 4 0.65 -2.40528188 0.1 0.09817477 2283.0 3383.0 0 3024.0 40001031
cell 4 0.65 -2.3071071 0.1 0.09817477 2283.0 3383.0 0 3024.0 40001032
cell 4 0.65 -2.20893233 0.1 0.09817477 2283.0 3383.0 0 3024.0 40001033
cell 4 0.65 -2.11075756 0.1 0.09817477 2283.0 3383.0 0 3024.0 40001034
cell 4 0.65 -2.01258279 0.1 0.09817477 2283.0 3383.0 0 3024.0 40001035
cell 4 0.65 -1.91440802 0.1 0.09817477 2283.0 3383.0 0 3024.0 40001036
cell 4 0.65 -1.81623325 0.1 0.09817477 2283.0 3383.0 0 3024.0 40001037
cell 4 0.65 -1.71805848 0.1 0.09817477 2283.0 3383.0 0 3024.0 40001038
cell 4 0.65 -1.61988371 0.1 0.09817477 2283.0 3383.0 0 3024.0 40001039
cell 4 0.65 -1.52170894 0.1 0.09817477 2283.0 3383.0 0 3024.0 40001040
cell 4 0.65 -1.42353417 0.1 0.09817477 2283.0 3383.0 0 3024.0 40001041
cell 4 0.65 -1.3253594 0.1 0.09817477 2283.0 3383.0 0 3024.0 40001042
cell 4 0.65 -1.22718463 0.1 0.09817477 2283.0 3383.0 0 3024.0 40001043
cell 4 0.65 -1.12900986 0.1 0.09817477 2283.0 3383.0 0 3024.0 40001044
cell 4 0.65 -1.03083509 0.1 0.09817477 2283.0 3383.0 0 3024.0 40001045
cell 4 0.65 -0.93266032 0.1 0.09817477 2283.0 3383.0 0 3024.0 40001046
cell 4 0.65 -0.83448555 0.1 0.09817477 2283.0 3383.0 0 3024.0 40001047
cell 4 0.65 -0.73631078 0.1 0.09817477 2283.0 3383.0 0 3024.0 40001048
cell 4 0.65 -0.63813601 0.1 0.09817477 2283.0 3383.0 0 3024.0 40001049
cell 4 0.65 -0.53996124 0.1 0.09817477 2283.0 3383.0 0 3024.0 40001050
cell 4 0.65 -0.44178647 0.1 0.09817477 2283.0 3383.0 0 3024.0 40001051
cell 4 0.65 -0.3436117 0.1 0.09817477 2283.0 3383.0 0 3024.0 40001052
cell 4 0.65 -0.24543693 0.1 0.09817477 2283.0 3383.0 0 3024.0 40001053
cell 4 0.65 -0.14726216 0.1 0.09817477 2283.0 3383.0 0 3024.0 40001054
cell 4 0.65 -0.04908739 0.1 0.09817477 2283.0 3383.0 0 3024.0 40001055
cell 4 0.65 0.04908739 0.1 0.09817477 2283.0 3383.0 0 3024.0 40001056
cell 4 0.65 0.14726216 0.1 0.09817477 2283.0 3383.0 0 3024.0 40001057
cell 4 0.65 0.24543693 0.1 0.09817477 2283.0 3383.0 0 3024.0 40001058
cell 4 0.65 0.3436117 0.1 0.09817477 2283.0 3383.0 0 3024.0 40001059
cell 4 0.65 0.44178647 0.1 0.09817477 2283.0 3383.0 0 3024.0 40001060
cell 4 0.65 0.53996124 0.1 0.09817477 2283.0 3383.0 0 3024.0 40001061
cell 4 0.65 0.63813601 0.1 0.09817477 2283.0 3383.0 0 3024.0 40001062
cell 4 0.65 0.73631078 0.1 0.09817477 2283.0 3383.0 0 3024.0 40001063
cell 4 0.65 0.83448555 0.1 0.09817477 2283.0 3383.0 0 3024.0 40001064
cell 4 0.65 0.93266032 0.1 0.09817477 2283.0 3383.0 0 3024.0 40001065
cell 4 0.65 1.03083509 0.1 0.09817477 2283.0 3383.0 0 3024.0 40001066
cell 4 0.65 1.12900986 0.1 0.09817477 2283.0 3383.0 0 3024.0 40001067
cell 4 0.65 1.22718463 0.1 0.09817477 2283.0 3383.0 0 3024.0 40001068
cell 4 0.65 1.3253594 0.1 0.09817477 2283.0 3383.0 0 3024.0 40001069
cell 4 0.65 1.42353417 0.1 0.09817477 2283.0 3383.0 0 3024.0 40001070
cell 4 0.65 1.52170894 0.1 0.09817477 2283.0 3383.0 0 3024.0 40001071
cell 4 0.65 1.61988371 0.1 0.09817477 2283.0 3383.0 0 3024.0 40001072
cell 4 0.65 1.71805848 0.1 0.09817477 2283.0 3383.0 0 3024.0 40001073
cell 4 0.65 1.81623325 0.1 0.09817477 2283.0 3383.0 0 3024.0 40001074
cell 4 0.65 1.91440802 0.1 0.09817477 2283.0 3383.0 0 3024.0 40001075
cell 4 0.65 2.01258279 0.1 0.09817477 2283.0 3383.0 0 3024.0 40001076
cell 4 0.65 2.11075756 0.1 0.09817477 2283.0 3383.0 0 3024.0 40001077
cell 4 0.65 2.20893233 0.1 0.09817477 2283.0 3383.0 0 3024.0 40001078
cell 4 0.65 2.3071071 0.1 0.09817477 2283.0 3383.0 0 3024.0 40001079
cell 4 0.65 2.40528188 0.1 0.09817477 2283.0 3383.0 0 3024.0 40001080
cell 4 0.65 2.50345665 0.1 0.09817477 2283.0 3383.0 0 3024.0 40001081
cell 4 0.65 2.60163142 0.1 0.09817477 2283.0 3383.0 0 3024.0 40001082
cell 4 0.65 2.69980619 0.1 0.09817477 2283.0 3383.0 0 3024.0 40001083
cell 4 0.65 2.79798096 0.1 0.09817477 2283.0 3383.0 0 3024.0 40001084
cell 4 0.65 2.89615573 0.1 0.09817477 2283.0 3383.0 0 3024.0 40001085
cell 4 0.65 2.9943305 0.1 0.09817477 2283.0 3383.0 0 3024.0 40001086
cell 4 0.65 3.09250527 0.1 0.09817477 2283.0 3383.0 0 3024.0 40001087
cell 4 0.75 -3.09250527 0.1 0.09817477 2283.0 3383.0 0 3024.0 40001088
cell 4 0.75 -2.9943305 0.1 0.09817477 2283.0 3383.0 0 3024.0 40001089
cell 4 0.75 -2.89615573 0.1 0.09817477 2283.0 3383.0 0 3024.0 40001090
cell 4 0.75 -2.79798096 0.1 0.09817477 2283.0 3383.0 0 3024.0 40001091
cell 4 0.75 -2.69980619 0.1 0.09817477 2283.0 3383.0 0 3024.0 40001092
cell 4 0.75 -2.60163142 0.1 0.09817477 2283.0 3383.0 0 3024.0 40001093
cell 4 0.75 -2.50345665 0.1 0.09817477 2283.0 3383.0 0 3024.0 40001094
cell 4 0.75 -2.40528188 0.1 0.09817477 2283.0 3383.0 0 3024.0 40001095
cell 4 0.75 -2.3071071 0.1 0.09817477 2283.0 3383.0 0 3024.0 40001096
cell 4 0.75 -2.20893233 0.1 0.09817477 2283.0 3383.0 0 3024.0 40001097
cell 4 0.75 -2.11075756 0.1 0.09817477 2283.0 3383.0 0 3024.0 40001098
cell 4 0.75 -2.01258279 0.1 0.09817477 2283.0 3383.0 0 3024.0 40001099
cell 4 0.75 -1.91440802 0.1 0.09817477 2283.0 3383.0 0 3024.0 40001100
cell 4 0.75 -1.81623325 0.1 0.09817477 2283.0 3383.0 0 3024.0 40001101
cell 4 0.75 -1.71805848 0.1 0.09817477 2283.0 3383.0 0 3024.0 40001102
cell 4 0.75 -1.61988371 0.1 0.09817477 2283.0 3383.0 0 3024.0 40001103
cell 4 0.75 -1.52170894 0.1 0.09817477 2283.0 3383.0 0 3024.0 40001104
cell 4 0.75 -1.42353417 0.1 0.09817477 2283.0 3383.0 0 3024.0 40001105
cell 4 0.75 -1.3253594 0.1 0.09817477 2283.0 3383.0 0 3024.0 40001106
cell 4 0.75 -1.22718463 0.1 0.09817477 2283.0 3383.0 0 3024.0 40001107
cell 4 0.75 -1.12900986 0.1 0.09817477 2283.0 3383.0 0 3024.0 40001108
cell 4 0.75 -1.03083509 0.1 0.09817477 2283.0 3383.0 0 3024.0 40001109
cell 4 0.75 -0.93266032 0.1 0.09817477 2283.0 3383.0 0 3024.0 40001110
cell 4 0.75 -0.83448555 0.1 0.09817477 2283.0 3383.0 0 3024.0 40001111
cell 4 0.75 -0.73631078 0.1 0.09817477 2283.0 3383.0 0 3024.0 40001112
cell 4 0.75 -0.63813601 0.1 0.09817477 2283.0 3383.0 0 3024.0 40001113
cell 4 0.75 -0.53996124 0.1 0.09817477 2283.0 3383.0 0 3024.0 40001114
cell 4 0.75 -0.44178647 0.1 0.09817477 2283.0 3383.0 0 3024.0 40001115
cell 4 0.75 -0.3436117 0.1 0.09817477 2283.0 3383.0 0 3024.0 40001116
cell 4 0.75 -0.24543693 0.1 0.09817477 2283.0 3383.0 0 3024.0 40001117
cell 4 0.75 -0.14726216 0.1 0.09817477 2283.0 3383.0 0 3024.0 40001118
cell 4 0.75 -0.04908739 0.1 0.09817477 2283.0 3383.0 0 3024.0 40001119
cell 4 0.75 0.04908739 0.1 0.09817477 2283.0 3383.0 0 3024.0 40001120
cell 4 0.75 0.14726216 0.1 0.09817477 2283.0 3383.0 0 3024.0 40001121
cell 4 0.75 0.24543693 0.1 0.09817477 2283.0 3383.0 0 3024.0 40001122
cell 4 0.75 0.3436117 0.1 0.09817477 2283.0 3383.0 0 3024.0 40001123
cell 4 0.75 0.44178647 0.1 0.09817477 2283.0 3383.0 0 3024.0 40001124
cell 4 0.75 0.53996124 0.1 0.09817477 2283.0 3383.0 0 3024.0 40001125
cell 4 0.75 0.63813601 0.1 0.09817477 2283.0 3383.0 0 3024.0 40001126
cell 4 0.75 0.73631078 0.1 0.09817477 2283.0 3383.0 0 3024.0 40001127
cell 4 0.75 0.83448555 0.1 0.09817477 2283.0 3383.0 0 3024.0 40001128
cell 4 0.75 0.93266032 0.1 0.09817477 2283.0 3383.0 0 3024.0 40001129
cell 4 0.75 1.03083509 0.1 0.09817477 2283.0 3383.0 0 3024.0 40001130
cell 4 0.75 1.12900986 0.1 0.09817477 2283.0 3383.0 0 3024.0 40001131
cell 4 0.75 1.22718463 0.1 0.09817477 2283.0 3383.0 0 3024.0 40001132
cell 4 0.75 1.3253594 0.1 0.09817477 2283.0 3383.0 0 3024.0 40001133
cell 4 0.75 1.42353417 0.1 0.09817477 2283.0 3383.0 0 3024.0 40001134
cell 4 0.75 1.52170894 0.1 0.09817477 2283.0 3383.0 0 3024.0 40001135
cell 4 0.75 1.61988371 0.1 0.09817477 2283.0 3383.0 0 3024.0 40001136
cell 4 0.75 1.71805848 0.1 0.09817477 2283.0 3383.0 0 3024.0 40001137
cell 4 0.75 1.81623325 0.1 0.09817477 2283.0 3383.0 0 3024.0 40001138
cell 4 0.75 1.91440802 0.1 0.09817477 2283.0 3383.0 0 3024.0 40001139
cell 4 0.75 2.01258279 0.1 0.09817477 2283.0 3383.0 0 3024.0 40001140
cell 4 0.75 2.11075756 0.1 0.09817477 2283.0 3383.0 0 3024.0 40001141
cell 4 0.75 2.20893233 0.1 0.09817477 2283.0 3383.0 0 3024.0 40001142
cell 4 0.75 2.3071071 0.1 0.09817477 2283.0 3383.0 0 3024.0 40001143
cell 4 0.75 2.40528188 0.1 0.09817477 2283.0 3383.0 0 3024.0 40001144
cell 4 0.75 2.50345665 0.1 0.09817477 2283.0 3383.0 0 3024.0 40001145
cell 4 0.75 2.60163142 0.1 0.09817477 2283.0 3383.0 0 3024.0 40001146
cell 4 0.75 2.69980619 0.1 0.09817477 2283.0 3383.0 0 3024.0 40001147
cell 4 0.75 2.79798096 0.1 0.09817477 2283.0 3383.0 0 3024.0 40001148
cell 4 0.75 2.89615573 0.1 0.09817477 2283.0 3383.0 0 3024.0 40001149
cell 4 0.75 2.9943305 0.1 0.09817477 2283.0 3383.0 0 3024.0 40001150
cell 4 0.75 3.09250527 0.1 0.09817477 2283.0 3383.0 0 3024.0 40001151
cell 4 0.85 -3.09250527 0.1 0.09817477 2283.0 3383.0 0 3024.0 40001152
cell 4 0.85 -2.9943305 0.1 0.09817477 2283.0 3383.0 0 3024.0 40001153
cell 4 0.85 -2.89615573 0.1 0.09817477 2283.0 3383.0 0 3024.0 40001154
cell 4 0.85 -2.79798096 0.1 0.09817477 2283.0 3383.0 0 3024.0 40001155
cell 4 0.85 -2.69980619 0.1 0.09817477 2283.0 3383.0 0 3024.0 40001156
cell 4 0.85 -2.60163142 0.1 0.09817477 2283.0 3383.0 0 3024.0 40001157
cell 4 0.85 -2.50345665 0.1 0.09817477 2283.0 3383.0 0 3024.0 40001158
cell 4 0.85 -2.40528188 0.1 0.09817477 2283.0 3383.0 0 3024.0 40001159
cell 4 0.85 -2.3071071 0.1 0.09817477 2283.0 3383.0 0 3024.0 40001160
cell 4 0.85 -2.20893233 0.1 0.09817477 2283.0 3383.0 0 3024.0 40001161
cell 4 0.85 -2.11075756 0.1 0.09817477 2283.0 3383.0 0 3024.0 40001162
cell 4 0.85 -2.01258279 0.1 0.09817477 2283.0 3383.0 0 3024.0 40001163
cell 4 0.85 -1.91440802 0.1 0.09817477 2283.0 3383.0 0 3024.0 40001164
cell 4 0.85 -1.81623325 0.1 0.09817477 2283.0 3383.0 0 3024.0 40001165
cell 4 0.85 -1.71805848 0.1 0.09817477 2283.0 3383.0 0 3024.0 40001166
cell 4 0.85 -1.61988371 0.1 0.09817477 2283.0 3383.0 0 3024.0 40001167
cell 4 0.85 -1.52170894 0.1 0.09817477 2283.0 3383.0 0 3024.0 40001168
cell 4 0.85 -1.42353417 0.1 0.09817477 2283.0 3383.0 0 3024.0 40001169
cell 4 0.85 -1.3253594 0.1 0.09817477 2283.0 3383.0 0 3024.0 40001170
cell 4 0.85 -1.22718463 0.1 0.09817477 2283.0 3383.0 0 3024.0 40001171
cell 4 0.85 -1.12900986 0.1 0.09817477 2283.0 3383.0 0 3024.0 40001172
cell 4 0.85 -1.03083509 0.1 0.09817477 2283.0 3383.0 0 3024.0 40001173
cell 4 0.85 -0.93266032 0.1 0.09817477 2283.0 3383.0 0 3024.0 40001174
cell 4 0.85 -0.83448555 0.1 0.09817477 2283.0 3383.0 0 3024.0 40001175
cell 4 0.85 -0.73631078 0.1 0.09817477 2283.0 3383.0 0 3024.0 40001176
cell 4 0.85 -0.63813601 0.1 0.09817477 2283.0 3383.0 0 3024.0 40001177
cell 4 0.85 -0.53996124 0.1 0.09817477 2283.0 3383.0 0 3024.0 40001178
cell 4 0.85 -0.44178647 0.1 0.09817477 2283.0 3383.0 0 3024.0 40001179
cell 4 0.85 -0.3436117 0.1 0.09817477 2283.0 3383.0 0 3024.0 40001180
cell 4 0.85 -0.24543693 0.1 0.09817477 2283.0 3383.0 0 3024.0 40001181
cell 4 0.85 -0.14726216 0.1 0.09817477 2283.0 3383.0 0 3024.0 40001182
cell 4 0.85 -0.04908739 0.1 0.09817477 2283.0 3383.0 0 3024.0 40001183
cell 4 0.85 0.04908739 0.1 0.09817477 2283.0 3383.0 0 3024.0 40001184
cell 4 0.85 0.14726216 0.1 0.09817477 2283.0 3383.0 0 3024.0 40001185
cell 4 0.85 0.24543693 0.1 0.09817477 2283.0 3383.0 0 3024.0 40001186
cell 4 0.85 0.3436117 0.1 0.09817477 2283.0 3383.0 0 3024.0 40001187
cell 4 0.85 0.44178647 0.1 0.09817477 2283.0 3383.0 0 3024.0 40001188
cell 4 0.85 0.53996124 0.1 0.09817477 2283.0 3383.0 0 3024.0 40001189
cell 4 0.85 0.63813601 0.1 0.09817477 2283.0 3383.0 0 3024.0 40001190
cell 4 0.85 0.73631078 0.1 0.09817477 2283.0 3383.0 0 3024.0 40001191
cell 4 0.85 0.83448555 0.1 0.09817477 2283.0 3383.0 0 3024.0 40001192
cell 4 0.85 0.93266032 0.1 0.09817477 2283.0 3383.0 0 3024.0 40001193
cell 4 0.85 1.03083509 0.1 0.09817477 2283.0 3383.0 0 3024.0 40001194
cell 4 0.85 1.12900986 0.1 0.09817477 2283.0 3383.0 0 3024.0 40001195
cell 4 0.85 1.22718463 0.1 0.09817477 2283.0 3383.0 0 3024.0 40001196
cell 4 0.85 1.3253594 0.1 0.09817477 2283.0 3383.0 0 3024.0 40001197
cell 4 0.85 1.42353417 0.1 0.09817477 2283.0 3383.0 0 3024.0 40001198
cell 4 0.85 1.52170894 0.1 0.09817477 2283.0 3383.0 0 3024.0 40001199
cell 4 0.85 1.61988371 0.1 0.09817477 2283.0 3383.0 0 3024.0 40001200
cell 4 0.85 1.71805848 0.1 0.09817477 2283.0 3383.0 0 3024.0 40001201
cell 4 0.85 1.81623325 0.1 0.09817477 2283.0 3383.0 0 3024.0 40001202
cell 4 0.85 1.91440802 0.1 0.09817477 2283.0 3383.0 0 3024.0 40001203
cell 4 0.85 2.01258279 0.1 0.09817477 2283.0 3383.0 0 3024.0 40001204
cell 4 0.85 2.11075756 0.1 0.09817477 2283.0 3383.0 0 3024.0 40001205
cell 4 0.85 2.20893233 0.1 0.09817477 2283.0 3383.0 0 3024.0 40001206
cell 4 0.85 2.3071071 0.1 0.09817477 2283.0 3383.0 0 3024.0 40001207
cell 4 0.85 2.40528188 0.1 0.09817477 2283.0 3383.0 0 3024.0 40001208
cell 4 0.85 2.50345665 0.1 0.09817477 2283.0 3383.0 0 3024.0 40001209
cell 4 0.85 2.60163142 0.1 0.09817477 2283.0 3383.0 0 3024.0 40001210
cell 4 0.85 2.69980619 0.1 0.09817477 2283.0 3383.0 0 3024.0 40001211
cell 4 0.85 2.79798096 0.1 0.09817477 2283.0 3383.0 0 3024.0 40001212
cell 4 0.85 2.89615573 0.1 0.09817477 2283.0 3383.0 0 3024.0 40001213
cell 4 0.85 2.9943305 0.1 0.09817477 2283.0 3383.0 0 3024.0 40001214
cell 4 0.85 3.09250527 0.1 0.09817477 2283.0 3383.0 0 3024.0 40001215
cell 4 0.95 -3.09250527 0.1 0.09817477 2283.0 3383.0 0 3024.0 40001216
cell 4 0.95 -2.9943305 0.1 0.09817477 2283.0 3383.0 0 3024.0 40001217
cell 4 0.95 -2.89615573 0.1 0.09817477 2283.0 3383.0 0 3024.0 40001218
cell 4 0.95 -2.79798096 0.1 0.09817477 2283.0 3383.0 0 3024.0 40001219
cell 4 0.95 -2.69980619 0.1 0.09817477 2283.0 3383.0 0 3024.0 40001220
cell 4 0.95 -2.60163142 0.1 0.09817477 2283.0 3383.0 0 3024.0 40001221
cell 4 0.95 -2.50345665 0.1 0.09817477 2283.0 3383.0 0 3024.0 40001222
cell 4 0.95 -2.40528188 0.1 0.09817477 2283.0 3383.0 0 3024.0 40001223
cell 4 0.95 -2.3071071 0.1 0.09817477 2283.0 3383.0 0 3024.0 40001224
cell 4 0.95 -2.20893233 0.1 0.09817477 2283.0 3383.0 0 3024.0 40001225
cell 4 0.95 -2.11075756 0.1 0.09817477 2283.0 3383.0 0 3024.0 40001226
cell 4 0.95 -2.01258279 0.1 0.09817477 2283.0 3383.0 0 3024.0 40001227
cell 4 0.95 -1.91440802 0.1 0.09817477 2283.0 3383.0 0 3024.0 40001228
cell 4 0.95 -1.81623325 0.1 0.09817477 2283.0 3383.0 0 3024.0 40001229
cell 4 0.95 -1.71805848 0.1 0.09817477 2283.0 3383.0 0 3024.0 40001230
cell 4 0.95 -1.61988371 0.1 0.09817477 2283.0 3383.0 0 3024.0 40001231
cell 4 0.95 -1.52170894 0.1 0.09817477 2283.0 3383.0 0 3024.0 40001232
cell 4 0.95 -1.42353417 0.1 0.09817477 2283.0 3383.0 0 3024.0 40001233
cell 4 0.95 -1.3253594 0.1 0.09817477 2283.0 3383.0 0 3024.0 40001234
cell 4 0.95 -1.22718463 0.1 0.09817477 2283.0 3383.0 0 3024.0 40001235
cell 4 0.95 -1.12900986 0.1 0.09817477 2283.0 3383.0 0 3024.0 40001236
cell 4 0.95 -1.03083509 0.1 0.09817477 2283.0 3383.0 0 3024.0 40001237
cell 4 0.95 -0.93266032 0.1 0.09817477 2283.0 3383.0 0 3024.0 40001238
cell 4 0.95 -0.83448555 0.1 0.09817477 2283.0 3383.0 0 3024.0 40001239
cell 4 0.95 -0.73631078 0.1 0.09817477 2283.0 3383.0 0 3024.0 40001240
cell 4 0.95 -0.63813601 0.1 0.09817477 2283.0 3383.0 0 3024.0 40001241
cell 4 0.95 -0.53996124 0.1 0.09817477 2283.0 3383.0 0 3024.0 40001242
cell 4 0.95 -0.44178647 0.1 0.09817477 2283.0 3383.0 0 3024.0 40001243
cell 4 0.95 -0.3436117 0.1 0.09817477 2283.0 3383.0 0 3024.0 40001244
cell 4 0.95 -0.24543693 0.1 0.09817477 2283.0 3383.0 0 3024.0 40001245
cell 4 0.95 -0.14726216 0.1 0.09817477 2283.0 3383.0 0 3024.0 40001246
cell 4 0.95 -0.04908739 0.1 0.09817477 2283.0 3383.0 0 3024.0 40001247
cell 4 0.95 0.04908739 0.1 0.09817477 2283.0 3383.0 0 3024.0 40001248
cell 4 0.95 0.14726216 0.1 0.09817477 2283.0 3383.0 0 3024.0 40001249
cell 4 0.95 0.24543693 0.1 0.09817477 2283.0 3383.0 0 3024.0 40001250
cell 4 0.95 0.3436117 0.1 0.09817477 2283.0 3383.0 0 3024.0 40001251
cell 4 0.95 0.44178647 0.1 0.09817477 2283.0 3383.0 0 3024.0 40001252
cell 4 0.95 0.53996124 0.1 0.09817477 2283.0 3383.0 0 3024.0 40001253
cell 4 0.95 0.63813601 0.1 0.09817477 2283.0 3383.0 0 3024.0 40001254
cell 4 0.95 0.73631078 0.1 0.09817477 2283.0 3383.0 0 3024.0 40001255
cell 4 0.95 0.83448555 0.1 0.09817477 2283.0 3383.0 0 3024.0 40001256
cell 4 0.95 0.93266032 0.1 0.09817477 2283.0 3383.0 0 3024.0 40001257
cell 4 0.95 1.03083509 0.1 0.09817477 2283.0 3383.0 0 3024.0 40001258
cell 4 0.95 1.12900986 0.1 0.09817477 2283.0 3383.0 0 3024.0 40001259
cell 4 0.95 1.22718463 0.1 0.09817477 2283.0 3383.0 0 3024.0 40001260
cell 4 0.95 1.3253594 0.1 0.09817477 2283.0 3383.0 0 3024.0 40001261
cell 4 0.95 1.42353417 0.1 0.09817477 2283.0 3383.0 0 3024.0 40001262
cell 4 0.95 1.52170894 0.1 0.09817477 2283.0 3383.0 0 3024.0 40001263
cell 4 0.95 1.61988371 0.1 0.09817477 2283.0 3383.0 0 3024.0 40001264
cell 4 0.95 1.71805848 0.1 0.09817477 2283.0 3383.0 0 3024.0 40001265
cell 4 0.95 1.81623325 0.1 0.09817477 2283.0 3383.0 0 3024.0 40001266
cell 4 0.95 1.91440802 0.1 0.09817477 2283.0 3383.0 0 3024.0 40001267
cell 4 0.95 2.01258279 0.1 0.09817477 2283.0 3383.0 0 3024.0 40001268
cell 4 0.95 2.11075756 0.1 0.09817477 2283.0 3383.0 0 3024.0 40001269
cell 4 0.95 2.20893233 0.1 0.09817477 2283.0 3383.0 0 3024.0 40001270
cell 4 0.95 2.3071071 0.1 0.09817477 2283.0 3383.0 0 3024.0 40001271
cell 4 0.95 2.40528188 0.1 0.09817477 2283.0 3383.0 0 3024.0 40001272
cell 4 0.95 2.50345665 0.1 0.09817477 2283.0 3383.0 0 3024.0 40001273
cell 4 0.95 2.60163142 0.1 0.09817477 2283.0 3383.0 0 3024.0 40001274
cell 4 0.95 2.69980619 0.1 0.09817477 2283.0 3383.0 0 3024.0 40001275
cell 4 0.95 2.79798096 0.1 0.09817477 2283.0 3383.0 0 3024.0 40001276
cell 4 0.95 2.89615573 0.1 0.09817477 2283.0 3383.0 0 3024.0 40001277
cell 4 0.95 2.9943305 0.1 0.09817477 2283.0 3383.0 0 3024.0 40001278
cell 4 0.95 3.09250527 0.1 0.09817477 2283.0 3383.0 0 3024.0 40001279
