# layer_id eta phi delta_eta delta_phi rmin rmax
L 5 -0.5 0.5 10 -3.14159265 3.14159265 64 2683.0 3783.0
C 5 -0.45 -3.09250527 0.05 0.04908739 2683.0 3783.0 50000000
C 5 -0.45 -2.9943305 0.05 0.04908739 2683.0 3783.0 50000001
C 5 -0.45 -2.89615573 0.05 0.04908739 2683.0 3783.0 50000002
C 5 -0.45 -2.79798096 0.05 0.04908739 2683.0 3783.0 50000003
C 5 -0.45 -2.69980619 0.05 0.04908739 2683.0 3783.0 50000004
C 5 -0.45 -2.60163142 0.05 0.04908739 2683.0 3783.0 50000005
C 5 -0.45 -2.50345665 0.05 0.04908739 2683.0 3783.0 50000006
C 5 -0.45 -2.40528188 0.05 0.04908739 2683.0 3783.0 50000007
C 5 -0.45 -2.3071071 0.05 0.04908739 2683.0 3783.0 50000008
C 5 -0.45 -2.20893233 0.05 0.04908739 2683.0 3783.0 50000009
C 5 -0.45 -2.11075756 0.05 0.04908739 2683.0 3783.0 50000010
C 5 -0.45 -2.01258279 0.05 0.04908739 2683.0 3783.0 50000011
C 5 -0.45 -1.91440802 0.05 0.04908739 2683.0 3783.0 50000012
C 5 -0.45 -1.81623325 0.05 0.04908739 2683.0 3783.0 50000013
C 5 -0.45 -1.71805848 0.05 0.04908739 2683.0 3783.0 50000014
C 5 -0.45 -1.61988371 0.05 0.04908739 2683.0 3783.0 50000015
C 5 -0.45 -1.52170894 0.05 0.04908739 2683.0 3783.0 50000016
C 5 -0.45 -1.42353417 0.05 0.04908739 2683.0 3783.0 50000017
C 5 -0.45 -1.3253594 0.05 0.04908739 2683.0 3783.0 50000018
C 5 -0.45 -1.22718463 0.05 0.04908739 2683.0 3783.0 50000019
C 5 -0.45 -1.12900986 0.05 0.04908739 2683.0 3783.0 50000020
C 5 -0.45 -1.03083509 0.05 0.04908739 2683.0 3783.0 50000021
C 5 -0.45 -0.93266032 0.05 0.04908739 2683.0 3783.0 50000022
C 5 -0.45 -0.83448555 0.05 0.04908739 2683.0 3783.0 50000023
C 5 -0.45 -0.73631078 0.05 0.04908739 2683.0 3783.0 50000024
C 5 -0.45 -0.63813601 0.05 0.04908739 2683.0 3783.0 50000025
C 5 -0.45 -0.53996124 0.05 0.04908739 2683.0 3783.0 50000026
C 5 -0.45 -0.44178647 0.05 0.04908739 2683.0 3783.0 50000027
C 5 -0.45 -0.3436117 0.05 0.04908739 2683.0 3783.0 50000028
C 5 -0.45 -0.24543693 0.05 0.04908739 2683.0 3783.0 50000029
C 5 -0.45 -0.14726216 0.05 0.04908739 2683.0 3783.0 50000030
C 5 -0.45 -0.04908739 0.05 0.04908739 2683.0 3783.0 50000031
C 5 -0.45 0.04908739 0.05 0.04908739 2683.0 3783.0 50000032
C 5 -0.45 0.14726216 0.05 0.04908739 2683.0 3783.0 50000033
C 5 -0.45 0.24543693 0.05 0.04908739 2683.0 3783.0 50000034
C 5 -0.45 0.3436117 0.05 0.04908739 2683.0 3783.0 50000035
C 5 -0.45 0.44178647 0.05 0.04908739 2683.0 3783.0 50000036
C 5 -0.45 0.53996124 0.05 0.04908739 2683.0 3783.0 50000037
C 5 -0.45 0.63813601 0.05 0.04908739 2683.0 3783.0 50000038
C 5 -0.45 0.73631078 0.05 0.04908739 2683.0 3783.0 50000039
C 5 -0.45 0.83448555 0.05 0.04908739 2683.0 3783.0 50000040
C 5 -0.45 0.93266032 0.05 0.04908739 2683.0 3783.0 50000041
C 5 -0.45 1.03083509 0.05 0.04908739 2683.0 3783.0 50000042
C 5 -0.45 1.12900986 0.05 0.04908739 2683.0 3783.0 50000043
C 5 -0.45 1.22718463 0.05 0.04908739 2683.0 3783.0 50000044
C 5 -0.45 1.3253594 0.05 0.04908739 2683.0 3783.0 50000045
C 5 -0.45 1.42353417 0.05 0.04908739 2683.0 3783.0 50000046
C 5 -0.45 1.52170894 0.05 0.04908739 2683.0 3783.0 50000047
C 5 -0.45 1.61988371 0.05 0.04908739 2683.0 3783.0 50000048
C 5 -0.45 1.71805848 0.05 0.04908739 2683.0 3783.0 50000049
C 5 -0.45 1.81623325 0.05 0.04908739 2683.0 3783.0 50000050
C 5 -0.45 1.91440802 0.05 0.04908739 2683.0 3783.0 50000051
C 5 -0.45 2.01258279 0.05 0.04908739 2683.0 3783.0 50000052
C 5 -0.45 2.11075756 0.05 0.04908739 2683.0 3783.0 50000053
C 5 -0.45 2.20893233 0.05 0.04908739 2683.0 3783.0 50000054
C 5 -0.45 2.3071071 0.05 0.04908739 2683.0 3783.0 50000055
C 5 -0.45 2.40528188 0.05 0.04908739 2683.0 3783.0 50000056
C 5 -0.45 2.50345665 0.05 0.04908739 2683.0 3783.0 50000057
C 5 -0.45 2.60163142 0.05 0.04908739 2683.0 3783.0 50000058
C 5 -0.45 2.69980619 0.05 0.04908739 2683.0 3783.0 50000059
C 5 -0.45 2.79798096 0.05 0.04908739 2683.0 3783.0 50000060
C 5 -0.45 2.89615573 0.05 0.04908739 2683.0 3783.0 50000061
C 5 -0.45 2.9943305 0.05 0.04908739 2683.0 3783.0 50000062
C 5 -0.45 3.09250527 0.05 0.04908739 2683.0 3783.0 50000063
C 5 -0.35 -3.09250527 0.05 0.04908739 2683.0 3783.0 50000064
C 5 -0.35 -2.9943305 0.05 0.04908739 2683.0 3783.0 50000065
C 5 -0.35 -2.89615573 0.05 0.04908739 2683.0 3783.0 50000066
C 5 -0.35 -2.79798096 0.05 0.04908739 2683.0 3783.0 50000067
C 5 -0.35 -2.69980619 0.05 0.04908739 2683.0 3783.0 50000068
C 5 -0.35 -2.60163142 0.05 0.04908739 2683.0 3783.0 50000069
C 5 -0.35 -2.50345665 0.05 0.04908739 2683.0 3783.0 50000070
C 5 -0.35 -2.40528188 0.05 0.04908739 2683.0 3783.0 50000071
C 5 -0.35 -2.3071071 0.05 0.04908739 2683.0 3783.0 50000072
C 5 -0.35 -2.20893233 0.05 0.04908739 2683.0 3783.0 50000073
C 5 -0.35 -2.11075756 0.05 0.04908739 2683.0 3783.0 50000074
C 5 -0.35 -2.01258279 0.05 0.04908739 2683.0 3783.0 50000075
C 5 -0.35 -1.91440802 0.05 0.04908739 2683.0 3783.0 50000076
C 5 -0.35 -1.81623325 0.05 0.04908739 2683.0 3783.0 50000077
C 5 -0.35 -1.71805848 0.05 0.04908739 2683.0 3783.0 50000078
C 5 -0.35 -1.61988371 0.05 0.04908739 2683.0 3783.0 50000079
C 5 -0.35 -1.52170894 0.05 0.04908739 2683.0 3783.0 50000080
C 5 -0.35 -1.42353417 0.05 0.04908739 2683.0 3783.0 50000081
C 5 -0.35 -1.3253594 0.05 0.04908739 2683.0 3783.0 50000082
C 5 -0.35 -1.22718463 0.05 0.04908739 2683.0 3783.0 50000083
C 5 -0.35 -1.12900986 0.05 0.04908739 2683.0 3783.0 50000084
C 5 -0.35 -1.03083509 0.05 0.04908739 2683.0 3783.0 50000085
C 5 -0.35 -0.93266032 0.05 0.04908739 2683.0 3783.0 50000086
C 5 -0.35 -0.83448555 0.05 0.04908739 2683.0 3783.0 50000087
C 5 -0.35 -0.73631078 0.05 0.04908739 2683.0 3783.0 50000088
C 5 -0.35 -0.63813601 0.05 0.04908739 2683.0 3783.0 50000089
C 5 -0.35 -0.53996124 0.05 0.04908739 2683.0 3783.0 50000090
C 5 -0.35 -0.44178647 0.05 0.04908739 2683.0 3783.0 50000091
C 5 -0.35 -0.3436117 0.05 0.04908739 2683.0 3783.0 50000092
C 5 -0.35 -0.24543693 0.05 0.04908739 2683.0 3783.0 50000093
C 5 -0.35 -0.14726216 0.05 0.04908739 2683.0 3783.0 50000094
C 5 -0.35 -0.04908739 0.05 0.04908739 2683.0 3783.0 50000095
C 5 -0.35 0.04908739 0.05 0.04908739 2683.0 3783.0 50000096
C 5 -0.35 0.14726216 0.05 0.04908739 2683.0 3783.0 50000097
C 5 -0.35 0.24543693 0.05 0.04908739 2683.0 3783.0 50000098
C 5 -0.35 0.3436117 0.05 0.04908739 2683.0 3783.0 50000099
C 5 -0.35 0.44178647 0.05 0.04908739 2683.0 3783.0 50000100
C 5 -0.35 0.53996124 0.05 0.04908739 2683.0 3783.0 50000101
C 5 -0.35 0.63813601 0.05 0.04908739 2683.0 3783.0 50000102
C 5 -0.35 0.73631078 0.05 0.04908739 2683.0 3783.0 50000103
C 5 -0.35 0.83448555 0.05 0.04908739 2683.0 3783.0 50000104
C 5 -0.35 0.93266032 0.05 0.04908739 2683.0 3783.0 50000105
C 5 -0.35 1.03083509 0.05 0.04908739 2683.0 3783.0 50000106
C 5 -0.35 1.12900986 0.05 0.04908739 2683.0 3783.0 50000107
C 5 -0.35 1.22718463 0.05 0.04908739 2683.0 3783.0 50000108
C 5 -0.35 1.3253594 0.05 0.04908739 2683.0 3783.0 50000109
C 5 -0.35 1.42353417 0.05 0.04908739 2683.0 3783.0 50000110
C 5 -0.35 1.52170894 0.05 0.04908739 2683.0 3783.0 50000111
C 5 -0.35 1.61988371 0.05 0.04908739 2683.0 3783.0 50000112
C 5 -0.35 1.71805848 0.05 0.04908739 2683.0 3783.0 50000113
C 5 -0.35 1.81623325 0.05 0.04908739 2683.0 3783.0 50000114
C 5 -0.35 1.91440802 0.05 0.04908739 2683.0 3783.0 50000115
C 5 -0.35 2.01258279 0.05 0.04908739 2683.0 3783.0 50000116
C 5 -0.35 2.11075756 0.05 0.04908739 2683.0 3783.0 50000117
C 5 -0.35 2.20893233 0.05 0.04908739 2683.0 3783.0 50000118
C 5 -0.35 2.3071071 0.05 0.04908739 2683.0 3783.0 50000119
C 5 -0.35 2.40528188 0.05 0.04908739 2683.0 3783.0 50000120
C 5 -0.35 2.50345665 0.05 0.04908739 2683.0 3783.0 50000121
C 5 -0.35 2.60163142 0.05 0.04908739 2683.0 3783.0 50000122
C 5 -0.35 2.69980619 0.05 0.04908739 2683.0 3783.0 50000123
C 5 -0.35 2.79798096 0.05 0.04908739 2683.0 3783.0 50000124
C 5 -0.35 2.89615573 0.05 0.04908739 2683.0 3783.0 50000125
C 5 -0.35 2.9943305 0.05 0.04908739 2683.0 3783.0 50000126
C 5 -0.35 3.09250527 0.05 0.04908739 2683.0 3783.0 50000127
C 5 -0.25 -3.09250527 0.05 0.04908739 2683.0 3783.0 50000128
C 5 -0.25 -2.9943305 0.05 0.04908739 2683.0 3783.0 50000129
C 5 -0.25 -2.89615573 0.05 0.04908739 2683.0 3783.0 50000130
C 5 -0.25 -2.79798096 0.05 0.04908739 2683.0 3783.0 50000131
C 5 -0.25 -2.69980619 0.05 0.04908739 2683.0 3783.0 50000132
C 5 -0.25 -2.60163142 0.05 0.04908739 2683.0 3783.0 50000133
C 5 -0.25 -2.50345665 0.05 0.04908739 2683.0 3783.0 50000134
C 5 -0.25 -2.40528188 0.05 0.04908739 2683.0 3783.0 50000135
C 5 -0.25 -2.3071071 0.05 0.04908739 2683.0 3783.0 50000136
C 5 -0.25 -2.20893233 0.05 0.04908739 2683.0 3783.0 50000137
C 5 -0.25 -2.11075756 0.05 0.04908739 2683.0 3783.0 50000138
C 5 -0.25 -2.01258279 0.05 0.04908739 2683.0 3783.0 50000139
C 5 -0.25 -1.91440802 0.05 0.04908739 2683.0 3783.0 50000140
C 5 -0.25 -1.81623325 0.05 0.04908739 2683.0 3783.0 50000141
C 5 -0.25 -1.71805848 0.05 0.04908739 2683.0 3783.0 50000142
C 5 -0.25 -1.61988371 0.05 0.04908739 2683.0 3783.0 50000143
C 5 -0.25 -1.52170894 0.05 0.04908739 2683.0 3783.0 50000144
C 5 -0.25 -1.42353417 0.05 0.04908739 2683.0 3783.0 50000145
C 5 -0.25 -1.3253594 0.05 0.04908739 2683.0 3783.0 50000146
C 5 -0.25 -1.22718463 0.05 0.04908739 2683.0 3783.0 50000147
C 5 -0.25 -1.12900986 0.05 0.04908739 2683.0 3783.0 50000148
C 5 -0.25 -1.03083509 0.05 0.04908739 2683.0 3783.0 50000149
C 5 -0.25 -0.93266032 0.05 0.04908739 2683.0 3783.0 50000150
C 5 -0.25 -0.83448555 0.05 0.04908739 2683.0 3783.0 50000151
C 5 -0.25 -0.73631078 0.05 0.04908739 2683.0 3783.0 50000152
C 5 -0.25 -0.63813601 0.05 0.04908739 2683.0 3783.0 50000153
C 5 -0.25 -0.53996124 0.05 0.04908739 2683.0 3783.0 50000154
C 5 -0.25 -0.44178647 0.05 0.04908739 2683.0 3783.0 50000155
C 5 -0.25 -0.3436117 0.05 0.04908739 2683.0 3783.0 50000156
C 5 -0.25 -0.24543693 0.05 0.04908739 2683.0 3783.0 50000157
C 5 -0.25 -0.14726216 0.05 0.04908739 2683.0 3783.0 50000158
C 5 -0.25 -0.04908739 0.05 0.04908739 2683.0 3783.0 50000159
C 5 -0.25 0.04908739 0.05 0.04908739 2683.0 3783.0 50000160
C 5 -0.25 0.14726216 0.05 0.04908739 2683.0 3783.0 50000161
C 5 -0.25 0.24543693 0.05 0.04908739 2683.0 3783.0 50000162
C 5 -0.25 0.3436117 0.05 0.04908739 2683.0 3783.0 50000163
C 5 -0.25 0.44178647 0.05 0.04908739 2683.0 3783.0 50000164
C 5 -0.25 0.53996124 0.05 0.04908739 2683.0 3783.0 50000165
C 5 -0.25 0.63813601 0.05 0.04908739 2683.0 3783.0 50000166
C 5 -0.25 0.73631078 0.05 0.04908739 2683.0 3783.0 50000167
C 5 -0.25 0.83448555 0.05 0.04908739 2683.0 3783.0 50000168
C 5 -0.25 0.93266032 0.05 0.04908739 2683.0 3783.0 50000169
C 5 -0.25 1.03083509 0.05 0.04908739 2683.0 3783.0 50000170
C 5 -0.25 1.12900986 0.05 0.04908739 2683.0 3783.0 50000171
C 5 -0.25 1.22718463 0.05 0.04908739 2683.0 3783.0 50000172
C 5 -0.25 1.3253594 0.05 0.04908739 2683.0 3783.0 50000173
C 5 -0.25 1.42353417 0.05 0.04908739 2683.0 3783.0 50000174
C 5 -0.25 1.52170894 0.05 0.04908739 2683.0 3783.0 50000175
C 5 -0.25 1.61988371 0.05 0.04908739 2683.0 3783.0 50000176
C 5 -0.25 1.71805848 0.05 0.04908739 2683.0 3783.0 50000177
C 5 -0.25 1.81623325 0.05 0.04908739 2683.0 3783.0 50000178
C 5 -0.25 1.91440802 0.05 0.04908739 2683.0 3783.0 50000179
C 5 -0.25 2.01258279 0.05 0.04908739 2683.0 3783.0 50000180
C 5 -0.25 2.11075756 0.05 0.04908739 2683.0 3783.0 50000181
C 5 -0.25 2.20893233 0.05 0.04908739 2683.0 3783.0 50000182
C 5 -0.25 2.3071071 0.05 0.04908739 2683.0 3783.0 50000183
C 5 -0.25 2.40528188 0.05 0.04908739 2683.0 3783.0 50000184
C 5 -0.25 2.50345665 0.05 0.04908739 2683.0 3783.0 50000185
C 5 -0.25 2.60163142 0.05 0.04908739 2683.0 3783.0 50000186
C 5 -0.25 2.69980619 0.05 0.04908739 2683.0 3783.0 50000187
C 5 -0.25 2.79798096 0.05 0.04908739 2683.0 3783.0 50000188
C 5 -0.25 2.89615573 0.05 0.04908739 2683.0 3783.0 50000189
C 5 -0.25 2.9943305 0.05 0.04908739 2683.0 3783.0 50000190
C 5 -0.25 3.09250527 0.05 0.04908739 2683.0 3783.0 50000191
C 5 -0.15 -3.09250527 0.05 0.04908739 2683.0 3783.0 50000192
C 5 -0.15 -2.9943305 0.05 0.04908739 2683.0 3783.0 50000193
C 5 -0.15 -2.89615573 0.05 0.04908739 2683.0 3783.0 50000194
C 5 -0.15 -2.79798096 0.05 0.04908739 2683.0 3783.0 50000195
C 5 -0.15 -2.69980619 0.05 0.04908739 2683.0 3783.0 50000196
C 5 -0.15 -2.60163142 0.05 0.04908739 2683.0 3783.0 50000197
C 5 -0.15 -2.50345665 0.05 0.04908739 2683.0 3783.0 50000198
C 5 -0.15 -2.40528188 0.05 0.04908739 2683.0 3783.0 50000199
C 5 -0.15 -2.3071071 0.05 0.04908739 2683.0 3783.0 50000200
C 5 -0.15 -2.20893233 0.05 0.04908739 2683.0 3783.0 50000201
C 5 -0.15 -2.11075756 0.05 0.04908739 2683.0 3783.0 50000202
C 5 -0.15 -2.01258279 0.05 0.04908739 2683.0 3783.0 50000203
C 5 -0.15 -1.91440802 0.05 0.04908739 2683.0 3783.0 50000204
C 5 -0.15 -1.81623325 0.05 0.04908739 2683.0 3783.0 50000205
C 5 -0.15 -1.71805848 0.05 0.04908739 2683.0 3783.0 50000206
C 5 -0.15 -1.61988371 0.05 0.04908739 2683.0 3783.0 50000207
C 5 -0.15 -1.52170894 0.05 0.04908739 2683.0 3783.0 50000208
C 5 -0.15 -1.42353417 0.05 0.04908739 2683.0 3783.0 50000209
C 5 -0.15 -1.3253594 0.05 0.04908739 2683.0 3783.0 50000210
C 5 -0.15 -1.22718463 0.05 0.04908739 2683.0 3783.0 50000211
C 5 -0.15 -1.12900986 0.05 0.04908739 2683.0 3783.0 50000212
C 5 -0.15 -1.03083509 0.05 0.04908739 2683.0 3783.0 50000213
C 5 -0.15 -0.93266032 0.05 0.04908739 2683.0 3783.0 50000214
C 5 -0.15 -0.83448555 0.05 0.04908739 2683.0 3783.0 50000215
C 5 -0.15 -0.73631078 0.05 0.04908739 2683.0 3783.0 50000216
C 5 -0.15 -0.63813601 0.05 0.04908739 2683.0 3783.0 50000217
C 5 -0.15 -0.53996124 0.05 0.04908739 2683.0 3783.0 50000218
C 5 -0.15 -0.44178647 0.05 0.04908739 2683.0 3783.0 50000219
C 5 -0.15 -0.3436117 0.05 0.04908739 2683.0 3783.0 50000220
C 5 -0.15 -0.24543693 0.05 0.04908739 2683.0 3783.0 50000221
C 5 -0.15 -0.14726216 0.05 0.04908739 2683.0 3783.0 50000222
C 5 -0.15 -0.04908739 0.05 0.04908739 2683.0 3783.0 50000223
C 5 -0.15 0.04908739 0.05 0.04908739 2683.0 3783.0 50000224
C 5 -0.15 0.14726216 0.05 0.04908739 2683.0 3783.0 50000225
C 5 -0.15 0.24543693 0.05 0.04908739 2683.0 3783.0 50000226
C 5 -0.15 0.3436117 0.05 0.04908739 2683.0 3783.0 50000227
C 5 -0.15 0.44178647 0.05 0.04908739 2683.0 3783.0 50000228
C 5 -0.15 0.53996124 0.05 0.04908739 2683.0 3783.0 50000229
C 5 -0.15 0.63813601 0.05 0.04908739 2683.0 3783.0 50000230
C 5 -0.15 0.73631078 0.05 0.04908739 2683.0 3783.0 50000231
C 5 -0.15 0.83448555 0.05 0.04908739 2683.0 3783.0 50000232
C 5 -0.15 0.93266032 0.05 0.04908739 2683.0 3783.0 50000233
C 5 -0.15 1.03083509 0.05 0.04908739 2683.0 3783.0 50000234
C 5 -0.15 1.12900986 0.05 0.04908739 2683.0 3783.0 50000235
C 5 -0.15 1.22718463 0.05 0.04908739 2683.0 3783.0 50000236
C 5 -0.15 1.3253594 0.05 0.04908739 2683.0 3783.0 50000237
C 5 -0.15 1.42353417 0.05 0.04908739 2683.0 3783.0 50000238
C 5 -0.15 1.52170894 0.05 0.04908739 2683.0 3783.0 50000239
C 5 -0.15 1.61988371 0.05 0.04908739 2683.0 3783.0 50000240
C 5 -0.15 1.71805848 0.05 0.04908739 2683.0 3783.0 50000241
C 5 -0.15 1.81623325 0.05 0.04908739 2683.0 3783.0 50000242
C 5 -0.15 1.91440802 0.05 0.04908739 2683.0 3783.0 50000243
C 5 -0.15 2.01258279 0.05 0.04908739 2683.0 3783.0 50000244
C 5 -0.15 2.11075756 0.05 0.04908739 2683.0 3783.0 50000245
C 5 -0.15 2.20893233 0.05 0.04908739 2683.0 3783.0 50000246
C 5 -0.15 2.3071071 0.05 0.04908739 2683.0 3783.0 50000247
C 5 -0.15 2.40528188 0.05 0.04908739 2683.0 3783.0 50000248
C 5 -0.15 2.50345665 0.05 0.04908739 2683.0 3783.0 50000249
C 5 -0.15 2.60163142 0.05 0.04908739 2683.0 3783.0 50000250
C 5 -0.15 2.69980619 0.05 0.04908739 2683.0 3783.0 50000251
C 5 -0.15 2.79798096 0.05 0.04908739 2683.0 3783.0 50000252
C 5 -0.15 2.89615573 0.05 0.04908739 2683.0 3783.0 50000253
C 5 -0.15 2.9943305 0.05 0.04908739 2683.0 3783.0 50000254
C 5 -0.15 3.09250527 0.05 0.04908739 2683.0 3783.0 50000255
C 5 -0.05 -3.09250527 0.05 0.04908739 2683.0 3783.0 50000256
C 5 -0.05 -2.9943305 0.05 0.04908739 2683.0 3783.0 50000257
C 5 -0.05 -2.89615573 0.05 0.04908739 2683.0 3783.0 50000258
C 5 -0.05 -2.79798096 0.05 0.04908739 2683.0 3783.0 50000259
C 5 -0.05 -2.69980619 0.05 0.04908739 2683.0 3783.0 50000260
C 5 -0.05 -2.60163142 0.05 0.04908739 2683.0 3783.0 50000261
C 5 -0.05 -2.50345665 0.05 0.04908739 2683.0 3783.0 50000262
C 5 -0.05 -2.40528188 0.05 0.04908739 2683.0 3783.0 50000263
C 5 -0.05 -2.3071071 0.05 0.04908739 2683.0 3783.0 50000264
C 5 -0.05 -2.20893233 0.05 0.04908739 2683.0 3783.0 50000265
C 5 -0.05 -2.11075756 0.05 0.04908739 2683.0 3783.0 50000266
C 5 -0.05 -2.01258279 0.05 0.04908739 2683.0 3783.0 50000267
C 5 -0.05 -1.91440802 0.05 0.04908739 2683.0 3783.0 50000268
C 5 -0.05 -1.81623325 0.05 0.04908739 2683.0 3783.0 50000269
C 5 -0.05 -1.71805848 0.05 0.04908739 2683.0 3783.0 50000270
C 5 -0.05 -1.61988371 0.05 0.04908739 2683.0 3783.0 50000271
C 5 -0.05 -1.52170894 0.05 0.04908739 2683.0 3783.0 50000272
C 5 -0.05 -1.42353417 0.05 0.04908739 2683.0 3783.0 50000273
C 5 -0.05 -1.3253594 0.05 0.04908739 2683.0 3783.0 50000274
C 5 -0.05 -1.22718463 0.05 0.04908739 2683.0 3783.0 50000275
C 5 -0.05 -1.12900986 0.05 0.04908739 2683.0 3783.0 50000276
C 5 -0.05 -1.03083509 0.05 0.04908739 2683.0 3783.0 50000277
C 5 -0.05 -0.93266032 0.05 0.04908739 2683.0 3783.0 50000278
C 5 -0.05 -0.83448555 0.05 0.04908739 2683.0 3783.0 50000279
C 5 -0.05 -0.73631078 0.05 0.04908739 2683.0 3783.0 50000280
C 5 -0.05 -0.63813601 0.05 0.04908739 2683.0 3783.0 50000281
C 5 -0.05 -0.53996124 0.05 0.04908739 2683.0 3783.0 50000282
C 5 -0.05 -0.44178647 0.05 0.04908739 2683.0 3783.0 50000283
C 5 -0.05 -0.3436117 0.05 0.04908739 2683.0 3783.0 50000284
C 5 -0.05 -0.24543693 0.05 0.04908739 2683.0 3783.0 50000285
C 5 -0.05 -0.14726216 0.05 0.04908739 2683.0 3783.0 50000286
C 5 -0.05 -0.04908739 0.05 0.04908739 2683.0 3783.0 50000287
C 5 -0.05 0.04908739 0.05 0.04908739 2683.0 3783.0 50000288
C 5 -0.05 0.14726216 0.05 0.04908739 2683.0 3783.0 50000289
C 5 -0.05 0.24543693 0.05 0.04908739 2683.0 3783.0 50000290
C 5 -0.05 0.3436117 0.05 0.04908739 2683.0 3783.0 50000291
C 5 -0.05 0.44178647 0.05 0.04908739 2683.0 3783.0 50000292
C 5 -0.05 0.53996124 0.05 0.04908739 2683.0 3783.0 50000293
C 5 -0.05 0.63813601 0.05 0.04908739 2683.0 3783.0 50000294
C 5 -0.05 0.73631078 0.05 0.04908739 2683.0 3783.0 50000295
C 5 -0.05 0.83448555 0.05 0.04908739 2683.0 3783.0 50000296
C 5 -0.05 0.93266032 0.05 0.04908739 2683.0 3783.0 50000297
C 5 -0.05 1.03083509 0.05 0.04908739 2683.0 3783.0 50000298
C 5 -0.05 1.12900986 0.05 0.04908739 2683.0 3783.0 50000299
C 5 -0.05 1.22718463 0.05 0.04908739 2683.0 3783.0 50000300
C 5 -0.05 1.3253594 0.05 0.04908739 2683.0 3783.0 50000301
C 5 -0.05 1.42353417 0.05 0.04908739 2683.0 3783.0 50000302
C 5 -0.05 1.52170894 0.05 0.04908739 2683.0 3783.0 50000303
C 5 -0.05 1.61988371 0.05 0.04908739 2683.0 3783.0 50000304
C 5 -0.05 1.71805848 0.05 0.04908739 2683.0 3783.0 50000305
C 5 -0.05 1.81623325 0.05 0.04908739 2683.0 3783.0 50000306
C 5 -0.05 1.91440802 0.05 0.04908739 2683.0 3783.0 50000307
C 5 -0.05 2.01258279 0.05 0.04908739 2683.0 3783.0 50000308
C 5 -0.05 2.11075756 0.05 0.04908739 2683.0 3783.0 50000309
C 5 -0.05 2.20893233 0.05 0.04908739 2683.0 3783.0 50000310
C 5 -0.05 2.3071071 0.05 0.04908739 2683.0 3783.0 50000311
C 5 -0.05 2.40528188 0.05 0.04908739 2683.0 3783.0 50000312
C 5 -0.05 2.50345665 0.05 0.04908739 2683.0 3783.0 50000313
C 5 -0.05 2.60163142 0.05 0.04908739 2683.0 3783.0 50000314
C 5 -0.05 2.69980619 0.05 0.04908739 2683.0 3783.0 50000315
C 5 -0.05 2.79798096 0.05 0.04908739 2683.0 3783.0 50000316
C 5 -0.05 2.89615573 0.05 0.04908739 2683.0 3783.0 50000317
C 5 -0.05 2.9943305 0.05 0.04908739 2683.0 3783.0 50000318
C 5 -0.05 3.09250527 0.05 0.04908739 2683.0 3783.0 50000319
C 5 0.05 -3.09250527 0.05 0.04908739 2683.0 3783.0 50000320
C 5 0.05 -2.9943305 0.05 0.04908739 2683.0 3783.0 50000321
C 5 0.05 -2.89615573 0.05 0.04908739 2683.0 3783.0 50000322
C 5 0.05 -2.79798096 0.05 0.04908739 2683.0 3783.0 50000323
C 5 0.05 -2.69980619 0.05 0.04908739 2683.0 3783.0 50000324
C 5 0.05 -2.60163142 0.05 0.04908739 2683.0 3783.0 50000325
C 5 0.05 -2.50345665 0.05 0.04908739 2683.0 3783.0 50000326
C 5 0.05 -2.40528188 0.05 0.04908739 2683.0 3783.0 50000327
C 5 0.05 -2.3071071 0.05 0.04908739 2683.0 3783.0 50000328
C 5 0.05 -2.20893233 0.05 0.04908739 2683.0 3783.0 50000329
C 5 0.05 -2.11075756 0.05 0.04908739 2683.0 3783.0 50000330
C 5 0.05 -2.01258279 0.05 0.04908739 2683.0 3783.0 50000331
C 5 0.05 -1.91440802 0.05 0.04908739 2683.0 3783.0 50000332
C 5 0.05 -1.81623325 0.05 0.04908739 2683.0 3783.0 50000333
C 5 0.05 -1.71805848 0.05 0.04908739 2683.0 3783.0 50000334
C 5 0.05 -1.61988371 0.05 0.04908739 2683.0 3783.0 50000335
C 5 0.05 -1.52170894 0.05 0.04908739 2683.0 3783.0 50000336
C 5 0.05 -1.42353417 0.05 0.04908739 2683.0 3783.0 50000337
C 5 0.05 -1.3253594 0.05 0.04908739 2683.0 3783.0 50000338
C 5 0.05 -1.22718463 0.05 0.04908739 2683.0 3783.0 50000339
C 5 0.05 -1.12900986 0.05 0.04908739 2683.0 3783.0 50000340
C 5 0.05 -1.03083509 0.05 0.04908739 2683.0 3783.0 50000341
C 5 0.05 -0.93266032 0.05 0.04908739 2683.0 3783.0 50000342
C 5 0.05 -0.83448555 0.05 0.04908739 2683.0 3783.0 50000343
C 5 0.05 -0.73631078 0.05 0.04908739 2683.0 3783.0 50000344
C 5 0.05 -0.63813601 0.05 0.04908739 2683.0 3783.0 50000345
C 5 0.05 -0.53996124 0.05 0.04908739 2683.0 3783.0 50000346
C 5 0.05 -0.44178647 0.05 0.04908739 2683.0 3783.0 50000347
C 5 0.05 -0.3436117 0.05 0.04908739 2683.0 3783.0 50000348
C 5 0.05 -0.24543693 0.05 0.04908739 2683.0 3783.0 50000349
C 5 0.05 -0.14726216 0.05 0.04908739 2683.0 3783.0 50000350
C 5 0.05 -0.04908739 0.05 0.04908739 2683.0 3783.0 50000351
C 5 0.05 0.04908739 0.05 0.04908739 2683.0 3783.0 50000352
C 5 0.05 0.14726216 0.05 0.04908739 2683.0 3783.0 50000353
C 5 0.05 0.24543693 0.05 0.04908739 2683.0 3783.0 50000354
C 5 0.05 0.3436117 0.05 0.04908739 2683.0 3783.0 50000355
C 5 0.05 0.44178647 0.05 0.04908739 2683.0 3783.0 50000356
C 5 0.05 0.53996124 0.05 0.04908739 2683.0 3783.0 50000357
C 5 0.05 0.63813601 0.05 0.04908739 2683.0 3783.0 50000358
C 5 0.05 0.73631078 0.05 0.04908739 2683.0 3783.0 50000359
C 5 0.05 0.83448555 0.05 0.04908739 2683.0 3783.0 50000360
C 5 0.05 0.93266032 0.05 0.04908739 2683.0 3783.0 50000361
C 5 0.05 1.03083509 0.05 0.04908739 2683.0 3783.0 50000362
C 5 0.05 1.12900986 0.05 0.04908739 2683.0 3783.0 50000363
C 5 0.05 1.22718463 0.05 0.04908739 2683.0 3783.0 50000364
C 5 0.05 1.3253594 0.05 0.04908739 2683.0 3783.0 50000365
C 5 0.05 1.42353417 0.05 0.04908739 2683.0 3783.0 50000366
C 5 0.05 1.52170894 0.05 0.04908739 2683.0 3783.0 50000367
C 5 0.05 1.61988371 0.05 0.04908739 2683.0 3783.0 50000368
C 5 0.05 1.71805848 0.05 0.04908739 2683.0 3783.0 50000369
C 5 0.05 1.81623325 0.05 0.04908739 2683.0 3783.0 50000370
C 5 0.05 1.91440802 0.05 0.04908739 2683.0 3783.0 50000371
C 5 0.05 2.01258279 0.05 0.04908739 2683.0 3783.0 50000372
C 5 0.05 2.11075756 0.05 0.04908739 2683.0 3783.0 50000373
C 5 0.05 2.20893233 0.05 0.04908739 2683.0 3783.0 50000374
C 5 0.05 2.3071071 0.05 0.04908739 2683.0 3783.0 50000375
C 5 0.05 2.40528188 0.05 0.04908739 2683.0 3783.0 50000376
C 5 0.05 2.50345665 0.05 0.04908739 2683.0 3783.0 50000377
C 5 0.05 2.60163142 0.05 0.04908739 2683.0 3783.0 50000378
C 5 0.05 2.69980619 0.05 0.04908739 2683.0 3783.0 50000379
C 5 0.05 2.79798096 0.05 0.04908739 2683.0 3783.0 50000380
C 5 0.05 2.89615573 0.05 0.04908739 2683.0 3783.0 50000381
C 5 0.05 2.9943305 0.05 0.04908739 2683.0 3783.0 50000382
C 5 0.05 3.09250527 0.05 0.04908739 2683.0 3783.0 50000383
C 5 0.15 -3.09250527 0.05 0.04908739 2683.0 3783.0 50000384
C 5 0.15 -2.9943305 0.05 0.04908739 2683.0 3783.0 50000385
C 5 0.15 -2.89615573 0.05 0.04908739 2683.0 3783.0 50000386
C 5 0.15 -2.79798096 0.05 0.04908739 2683.0 3783.0 50000387
C 5 0.15 -2.69980619 0.05 0.04908739 2683.0 3783.0 50000388
C 5 0.15 -2.60163142 0.05 0.04908739 2683.0 3783.0 50000389
C 5 0.15 -2.50345665 0.05 0.04908739 2683.0 3783.0 50000390
C 5 0.15 -2.40528188 0.05 0.04908739 2683.0 3783.0 50000391
C 5 0.15 -2.3071071 0.05 0.04908739 2683.0 3783.0 50000392
C 5 0.15 -2.20893233 0.05 0.04908739 2683.0 3783.0 50000393
C 5 0.15 -2.11075756 0.05 0.04908739 2683.0 3783.0 50000394
C 5 0.15 -2.01258279 0.05 0.04908739 2683.0 3783.0 50000395
C 5 0.15 -1.91440802 0.05 0.04908739 2683.0 3783.0 50000396
C 5 0.15 -1.81623325 0.05 0.04908739 2683.0 3783.0 50000397
C 5 0.15 -1.71805848 0.05 0.04908739 2683.0 3783.0 50000398
C 5 0.15 -1.61988371 0.05 0.04908739 2683.0 3783.0 50000399
C 5 0.15 -1.52170894 0.05 0.04908739 2683.0 3783.0 50000400
C 5 0.15 -1.42353417 0.05 0.04908739 2683.0 3783.0 50000401
C 5 0.15 -1.3253594 0.05 0.04908739 2683.0 3783.0 50000402
C 5 0.15 -1.22718463 0.05 0.04908739 2683.0 3783.0 50000403
C 5 0.15 -1.12900986 0.05 0.04908739 2683.0 3783.0 50000404
C 5 0.15 -1.03083509 0.05 0.04908739 2683.0 3783.0 50000405
C 5 0.15 -0.93266032 0.05 0.04908739 2683.0 3783.0 50000406
C 5 0.15 -0.83448555 0.05 0.04908739 2683.0 3783.0 50000407
C 5 0.15 -0.73631078 0.05 0.04908739 2683.0 3783.0 50000408
C 5 0.15 -0.63813601 0.05 0.04908739 2683.0 3783.0 50000409
C 5 0.15 -0.53996124 0.05 0.04908739 2683.0 3783.0 50000410
C 5 0.15 -0.44178647 0.05 0.04908739 2683.0 3783.0 50000411
C 5 0.15 -0.3436117 0.05 0.04908739 2683.0 3783.0 50000412
C 5 0.15 -0.24543693 0.05 0.04908739 2683.0 3783.0 50000413
C 5 0.15 -0.14726216 0.05 0.04908739 2683.0 3783.0 50000414
C 5 0.15 -0.04908739 0.05 0.04908739 2683.0 3783.0 50000415
C 5 0.15 0.04908739 0.05 0.04908739 2683.0 3783.0 50000416
C 5 0.15 0.14726216 0.05 0.04908739 2683.0 3783.0 50000417
C 5 0.15 0.24543693 0.05 0.04908739 2683.0 3783.0 50000418
C 5 0.15 0.3436117 0.05 0.04908739 2683.0 3783.0 50000419
C 5 0.15 0.44178647 0.05 0.04908739 2683.0 3783.0 50000420
C 5 0.15 0.53996124 0.05 0.04908739 2683.0 3783.0 50000421
C 5 0.15 0.63813601 0.05 0.04908739 2683.0 3783.0 50000422
C 5 0.15 0.73631078 0.05 0.04908739 2683.0 3783.0 50000423
C 5 0.15 0.83448555 0.05 0.04908739 2683.0 3783.0 50000424
C 5 0.15 0.93266032 0.05 0.04908739 2683.0 3783.0 50000425
C 5 0.15 1.03083509 0.05 0.04908739 2683.0 3783.0 50000426
C 5 0.15 1.12900986 0.05 0.04908739 2683.0 3783.0 50000427
C 5 0.15 1.22718463 0.05 0.04908739 2683.0 3783.0 50000428
C 5 0.15 1.3253594 0.05 0.04908739 2683.0 3783.0 50000429
C 5 0.15 1.42353417 0.05 0.04908739 2683.0 3783.0 50000430
C 5 0.15 1.52170894 0.05 0.04908739 2683.0 3783.0 50000431
C 5 0.15 1.61988371 0.05 0.04908739 2683.0 3783.0 50000432
C 5 0.15 1.71805848 0.05 0.04908739 2683.0 3783.0 50000433
C 5 0.15 1.81623325 0.05 0.04908739 2683.0 3783.0 50000434
C 5 0.15 1.91440802 0.05 0.04908739 2683.0 3783.0 50000435
C 5 0.15 2.01258279 0.05 0.04908739 2683.0 3783.0 50000436
C 5 0.15 2.11075756 0.05 0.04908739 2683.0 3783.0 50000437
C 5 0.15 2.20893233 0.05 0.04908739 2683.0 3783.0 50000438
C 5 0.15 2.3071071 0.05 0.04908739 2683.0 3783.0 50000439
C 5 0.15 2.40528188 0.05 0.04908739 2683.0 3783.0 50000440
C 5 0.15 2.50345665 0.05 0.04908739 2683.0 3783.0 50000441
C 5 0.15 2.60163142 0.05 0.04908739 2683.0 3783.0 50000442
C 5 0.15 2.69980619 0.05 0.04908739 2683.0 3783.0 50000443
C 5 0.15 2.79798096 0.05 0.04908739 2683.0 3783.0 50000444
C 5 0.15 2.89615573 0.05 0.04908739 2683.0 3783.0 50000445
C 5 0.15 2.9943305 0.05 0.04908739 2683.0 3783.0 50000446
C 5 0.15 3.09250527 0.05 0.04908739 2683.0 3783.0 50000447
C 5 0.25 -3.09250527 0.05 0.04908739 2683.0 3783.0 50000448
C 5 0.25 -2.9943305 0.05 0.04908739 2683.0 3783.0 50000449
C 5 0.25 -2.89615573 0.05 0.04908739 2683.0 3783.0 50000450
C 5 0.25 -2.79798096 0.05 0.04908739 2683.0 3783.0 50000451
C 5 0.25 -2.69980619 0.05 0.04908739 2683.0 3783.0 50000452
C 5 0.25 -2.60163142 0.05 0.04908739 2683.0 3783.0 50000453
C 5 0.25 -2.50345665 0.05 0.04908739 2683.0 3783.0 50000454
C 5 0.25 -2.40528188 0.05 0.04908739 2683.0 3783.0 50000455
C 5 0.25 -2.3071071 0.05 0.04908739 2683.0 3783.0 50000456
C 5 0.25 -2.20893233 0.05 0.04908739 2683.0 3783.0 50000457
C 5 0.25 -2.11075756 0.05 0.04908739 2683.0 3783.0 50000458
C 5 0.25 -2.01258279 0.05 0.04908739 2683.0 3783.0 50000459
C 5 0.25 -1.91440802 0.05 0.04908739 2683.0 3783.0 50000460
C 5 0.25 -1.81623325 0.05 0.04908739 2683.0 3783.0 50000461
C 5 0.25 -1.71805848 0.05 0.04908739 2683.0 3783.0 50000462
C 5 0.25 -1.61988371 0.05 0.04908739 2683.0 3783.0 50000463
C 5 0.25 -1.52170894 0.05 0.04908739 2683.0 3783.0 50000464
C 5 0.25 -1.42353417 0.05 0.04908739 2683.0 3783.0 50000465
C 5 0.25 -1.3253594 0.05 0.04908739 2683.0 3783.0 50000466
C 5 0.25 -1.22718463 0.05 0.04908739 2683.0 3783.0 50000467
C 5 0.25 -1.12900986 0.05 0.04908739 2683.0 3783.0 50000468
C 5 0.25 -1.03083509 0.05 0.04908739 2683.0 3783.0 50000469
C 5 0.25 -0.93266032 0.05 0.04908739 2683.0 3783.0 50000470
C 5 0.25 -0.83448555 0.05 0.04908739 2683.0 3783.0 50000471
C 5 0.25 -0.73631078 0.05 0.04908739 2683.0 3783.0 50000472
C 5 0.25 -0.63813601 0.05 0.04908739 2683.0 3783.0 50000473
C 5 0.25 -0.53996124 0.05 0.04908739 2683.0 3783.0 50000474
C 5 0.25 -0.44178647 0.05 0.04908739 2683.0 3783.0 50000475
C 5 0.25 -0.3436117 0.05 0.04908739 2683.0 3783.0 50000476
C 5 0.25 -0.24543693 0.05 0.04908739 2683.0 3783.0 50000477
C 5 0.25 -0.14726216 0.05 0.04908739 2683.0 3783.0 50000478
C 5 0.25 -0.04908739 0.05 0.04908739 2683.0 3783.0 50000479
C 5 0.25 0.04908739 0.05 0.04908739 2683.0 3783.0 50000480
C 5 0.25 0.14726216 0.05 0.04908739 2683.0 3783.0 50000481
C 5 0.25 0.24543693 0.05 0.04908739 2683.0 3783.0 50000482
C 5 0.25 0.3436117 0.05 0.04908739 2683.0 3783.0 50000483
C 5 0.25 0.44178647 0.05 0.04908739 2683.0 3783.0 50000484
C 5 0.25 0.53996124 0.05 0.04908739 2683.0 3783.0 50000485
C 5 0.25 0.63813601 0.05 0.04908739 2683.0 3783.0 50000486
C 5 0.25 0.73631078 0.05 0.04908739 2683.0 3783.0 50000487
C 5 0.25 0.83448555 0.05 0.04908739 2683.0 3783.0 50000488
C 5 0.25 0.93266032 0.05 0.04908739 2683.0 3783.0 50000489
C 5 0.25 1.03083509 0.05 0.04908739 2683.0 3783.0 50000490
C 5 0.25 1.12900986 0.05 0.04908739 2683.0 3783.0 50000491
C 5 0.25 1.22718463 0.05 0.04908739 2683.0 3783.0 50000492
C 5 0.25 1.3253594 0.05 0.04908739 2683.0 3783.0 50000493
C 5 0.25 1.42353417 0.05 0.04908739 2683.0 3783.0 50000494
C 5 0.25 1.52170894 0.05 0.04908739 2683.0 3783.0 50000495
C 5 0.25 1.61988371 0.05 0.04908739 2683.0 3783.0 50000496
C 5 0.25 1.71805848 0.05 0.04908739 2683.0 3783.0 50000497
C 5 0.25 1.81623325 0.05 0.04908739 2683.0 3783.0 50000498
C 5 0.25 1.91440802 0.05 0.04908739 2683.0 3783.0 50000499
C 5 0.25 2.01258279 0.05 0.04908739 2683.0 3783.0 50000500
C 5 0.25 2.11075756 0.05 0.04908739 2683.0 3783.0 50000501
C 5 0.25 2.20893233 0.05 0.04908739 2683.0 3783.0 50000502
C 5 0.25 2.3071071 0.05 0.04908739 2683.0 3783.0 50000503
C 5 0.25 2.40528188 0.05 0.04908739 2683.0 3783.0 50000504
C 5 0.25 2.50345665 0.05 0.04908739 2683.0 3783.0 50000505
C 5 0.25 2.60163142 0.05 0.04908739 2683.0 3783.0 50000506
C 5 0.25 2.69980619 0.05 0.04908739 2683.0 3783.0 50000507
C 5 0.25 2.79798096 0.05 0.04908739 2683.0 3783.0 50000508
C 5 0.25 2.89615573 0.05 0.04908739 2683.0 3783.0 50000509
C 5 0.25 2.9943305 0.05 0.04908739 2683.0 3783.0 50000510
C 5 0.25 3.09250527 0.05 0.04908739 2683.0 3783.0 50000511
C 5 0.35 -3.09250527 0.05 0.04908739 2683.0 3783.0 50000512
C 5 0.35 -2.9943305 0.05 0.04908739 2683.0 3783.0 50000513
C 5 0.35 -2.89615573 0.05 0.04908739 2683.0 3783.0 50000514
C 5 0.35 -2.79798096 0.05 0.04908739 2683.0 3783.0 50000515
C 5 0.35 -2.69980619 0.05 0.04908739 2683.0 3783.0 50000516
C 5 0.35 -2.60163142 0.05 0.04908739 2683.0 3783.0 50000517
C 5 0.35 -2.50345665 0.05 0.04908739 2683.0 3783.0 50000518
C 5 0.35 -2.40528188 0.05 0.04908739 2683.0 3783.0 50000519
C 5 0.35 -2.3071071 0.05 0.04908739 2683.0 3783.0 50000520
C 5 0.35 -2.20893233 0.05 0.04908739 2683.0 3783.0 50000521
C 5 0.35 -2.11075756 0.05 0.04908739 2683.0 3783.0 50000522
C 5 0.35 -2.01258279 0.05 0.04908739 2683.0 3783.0 50000523
C 5 0.35 -1.91440802 0.05 0.04908739 2683.0 3783.0 50000524
C 5 0.35 -1.81623325 0.05 0.04908739 2683.0 3783.0 50000525
C 5 0.35 -1.71805848 0.05 0.04908739 2683.0 3783.0 50000526
C 5 0.35 -1.61988371 0.05 0.04908739 2683.0 3783.0 50000527
C 5 0.35 -1.52170894 0.05 0.04908739 2683.0 3783.0 50000528
C 5 0.35 -1.42353417 0.05 0.04908739 2683.0 3783.0 50000529
C 5 0.35 -1.3253594 0.05 0.04908739 2683.0 3783.0 50000530
C 5 0.35 -1.22718463 0.05 0.04908739 2683.0 3783.0 50000531
C 5 0.35 -1.12900986 0.05 0.04908739 2683.0 3783.0 50000532
C 5 0.35 -1.03083509 0.05 0.04908739 2683.0 3783.0 50000533
C 5 0.35 -0.93266032 0.05 0.04908739 2683.0 3783.0 50000534
C 5 0.35 -0.83448555 0.05 0.04908739 2683.0 3783.0 50000535
C 5 0.35 -0.73631078 0.05 0.04908739 2683.0 3783.0 50000536
C 5 0.35 -0.63813601 0.05 0.04908739 2683.0 3783.0 50000537
C 5 0.35 -0.53996124 0.05 0.04908739 2683.0 3783.0 50000538
C 5 0.35 -0.44178647 0.05 0.04908739 2683.0 3783.0 50000539
C 5 0.35 -0.3436117 0.05 0.04908739 2683.0 3783.0 50000540
C 5 0.35 -0.24543693 0.05 0.04908739 2683.0 3783.0 50000541
C 5 0.35 -0.14726216 0.05 0.04908739 2683.0 3783.0 50000542
C 5 0.35 -0.04908739 0.05 0.04908739 2683.0 3783.0 50000543
C 5 0.35 0.04908739 0.05 0.04908739 2683.0 3783.0 50000544
C 5 0.35 0.14726216 0.05 0.04908739 2683.0 3783.0 50000545
C 5 0.35 0.24543693 0.05 0.04908739 2683.0 3783.0 50000546
C 5 0.35 0.3436117 0.05 0.04908739 2683.0 3783.0 50000547
C 5 0.35 0.44178647 0.05 0.04908739 2683.0 3783.0 50000548
C 5 0.35 0.53996124 0.05 0.04908739 2683.0 3783.0 50000549
C 5 0.35 0.63813601 0.05 0.04908739 2683.0 3783.0 50000550
C 5 0.35 0.73631078 0.05 0.04908739 2683.0 3783.0 50000551
C 5 0.35 0.83448555 0.05 0.04908739 2683.0 3783.0 50000552
C 5 0.35 0.93266032 0.05 0.04908739 2683.0 3783.0 50000553
C 5 0.35 1.03083509 0.05 0.04908739 2683.0 3783.0 50000554
C 5 0.35 1.12900986 0.05 0.04908739 2683.0 3783.0 50000555
C 5 0.35 1.22718463 0.05 0.04908739 2683.0 3783.0 50000556
C 5 0.35 1.3253594 0.05 0.04908739 2683.0 3783.0 50000557
C 5 0.35 1.42353417 0.05 0.04908739 2683.0 3783.0 50000558
C 5 0.35 1.52170894 0.05 0.04908739 2683.0 3783.0 50000559
C 5 0.35 1.61988371 0.05 0.04908739 2683.0 3783.0 50000560
C 5 0.35 1.71805848 0.05 0.04908739 2683.0 3783.0 50000561
C 5 0.35 1.81623325 0.05 0.04908739 2683.0 3783.0 50000562
C 5 0.35 1.91440802 0.05 0.04908739 2683.0 3783.0 50000563
C 5 0.35 2.01258279 0.05 0.04908739 2683.0 3783.0 50000564
C 5 0.35 2.11075756 0.05 0.04908739 2683.0 3783.0 50000565
C 5 0.35 2.20893233 0.05 0.04908739 2683.0 3783.0 50000566
C 5 0.35 2.3071071 0.05 0.04908739 2683.0 3783.0 50000567
C 5 0.35 2.40528188 0.05 0.04908739 2683.0 3783.0 50000568
C 5 0.35 2.50345665 0.05 0.04908739 2683.0 3783.0 50000569
C 5 0.35 2.60163142 0.05 0.04908739 2683.0 3783.0 50000570
C 5 0.35 2.69980619 0.05 0.04908739 2683.0 3783.0 50000571
C 5 0.35 2.79798096 0.05 0.04908739 2683.0 3783.0 50000572
C 5 0.35 2.89615573 0.05 0.04908739 2683.0 3783.0 50000573
C 5 0.35 2.9943305 0.05 0.04908739 2683.0 3783.0 50000574
C 5 0.35 3.09250527 0.05 0.04908739 2683.0 3783.0 50000575
C 5 0.45 -3.09250527 0.05 0.04908739 2683.0 3783.0 50000576
C 5 0.45 -2.9943305 0.05 0.04908739 2683.0 3783.0 50000577
C 5 0.45 -2.89615573 0.05 0.04908739 2683.0 3783.0 50000578
C 5 0.45 -2.79798096 0.05 0.04908739 2683.0 3783.0 50000579
C 5 0.45 -2.69980619 0.05 0.04908739 2683.0 3783.0 50000580
C 5 0.45 -2.60163142 0.05 0.04908739 2683.0 3783.0 50000581
C 5 0.45 -2.50345665 0.05 0.04908739 2683.0 3783.0 50000582
C 5 0.45 -2.40528188 0.05 0.04908739 2683.0 3783.0 50000583
C 5 0.45 -2.3071071 0.05 0.04908739 2683.0 3783.0 50000584
C 5 0.45 -2.20893233 0.05 0.04908739 2683.0 3783.0 50000585
C 5 0.45 -2.11075756 0.05 0.04908739 2683.0 3783.0 50000586
C 5 0.45 -2.01258279 0.05 0.04908739 2683.0 3783.0 50000587
C 5 0.45 -1.91440802 0.05 0.04908739 2683.0 3783.0 50000588
C 5 0.45 -1.81623325 0.05 0.04908739 2683.0 3783.0 50000589
C 5 0.45 -1.71805848 0.05 0.04908739 2683.0 3783.0 50000590
C 5 0.45 -1.61988371 0.05 0.04908739 2683.0 3783.0 50000591
C 5 0.45 -1.52170894 0.05 0.04908739 2683.0 3783.0 50000592
C 5 0.45 -1.42353417 0.05 0.04908739 2683.0 3783.0 50000593
C 5 0.45 -1.3253594 0.05 0.04908739 2683.0 3783.0 50000594
C 5 0.45 -1.22718463 0.05 0.04908739 2683.0 3783.0 50000595
C 5 0.45 -1.12900986 0.05 0.04908739 2683.0 3783.0 50000596
C 5 0.45 -1.03083509 0.05 0.04908739 2683.0 3783.0 50000597
C 5 0.45 -0.93266032 0.05 0.04908739 2683.0 3783.0 50000598
C 5 0.45 -0.83448555 0.05 0.04908739 2683.0 3783.0 50000599
C 5 0.45 -0.73631078 0.05 0.04908739 2683.0 3783.0 50000600
C 5 0.45 -0.63813601 0.05 0.04908739 2683.0 3783.0 50000601
C 5 0.45 -0.53996124 0.05 0.04908739 2683.0 3783.0 50000602
C 5 0.45 -0.44178647 0.05 0.04908739 2683.0 3783.0 50000603
C 5 0.45 -0.3436117 0.05 0.04908739 2683.0 3783.0 50000604
C 5 0.45 -0.24543693 0.05 0.04908739 2683.0 3783.0 50000605
C 5 0.45 -0.14726216 0.05 0.04908739 2683.0 3783.0 50000606
C 5 0.45 -0.04908739 0.05 0.04908739 2683.0 3783.0 50000607
C 5 0.45 0.04908739 0.05 0.04908739 2683.0 3783.0 50000608
C 5 0.45 0.14726216 0.05 0.04908739 2683.0 3783.0 50000609
C 5 0.45 0.24543693 0.05 0.04908739 2683.0 3783.0 50000610
C 5 0.45 0.3436117 0.05 0.04908739 2683.0 3783.0 50000611
C 5 0.45 0.44178647 0.05 0.04908739 2683.0 3783.0 50000612
C 5 0.45 0.53996124 0.05 0.04908739 2683.0 3783.0 50000613
C 5 0.45 0.63813601 0.05 0.04908739 2683.0 3783.0 50000614
C 5 0.45 0.73631078 0.05 0.04908739 2683.0 3783.0 50000615
C 5 0.45 0.83448555 0.05 0.04908739 2683.0 3783.0 50000616
C 5 0.45 0.93266032 0.05 0.04908739 2683.0 3783.0 50000617
C 5 0.45 1.03083509 0.05 0.04908739 2683.0 3783.0 50000618
C 5 0.45 1.12900986 0.05 0.04908739 2683.0 3783.0 50000619
C 5 0.45 1.22718463 0.05 0.04908739 2683.0 3783.0 50000620
C 5 0.45 1.3253594 0.05 0.04908739 2683.0 3783.0 50000621
C 5 0.45 1.42353417 0.05 0.04908739 2683.0 3783.0 50000622
C 5 0.45 1.52170894 0.05 0.04908739 2683.0 3783.0 50000623
C 5 0.45 1.61988371 0.05 0.04908739 2683.0 3783.0 50000624
C 5 0.45 1.71805848 0.05 0.04908739 2683.0 3783.0 50000625
C 5 0.45 1.81623325 0.05 0.04908739 2683.0 3783.0 50000626
C 5 0.45 1.91440802 0.05 0.04908739 2683.0 3783.0 50000627
C 5 0.45 2.01258279 0.05 0.04908739 2683.0 3783.0 50000628
C 5 0.45 2.11075756 0.05 0.04908739 2683.0 3783.0 50000629
C 5 0.45 2.20893233 0.05 0.04908739 2683.0 3783.0 50000630
C 5 0.45 2.3071071 0.05 0.04908739 2683.0 3783.0 50000631
C 5 0.45 2.40528188 0.05 0.04908739 2683.0 3783.0 50000632
C 5 0.45 2.50345665 0.05 0.04908739 2683.0 3783.0 50000633
C 5 0.45 2.60163142 0.05 0.04908739 2683.0 3783.0 50000634
C 5 0.45 2.69980619 0.05 0.04908739 2683.0 3783.0 50000635
C 5 0.45 2.79798096 0.05 0.04908739 2683.0 3783.0 50000636
C 5 0.45 2.89615573 0.05 0.04908739 2683.0 3783.0 50000637
C 5 0.45 2.9943305 0.05 0.04908739 2683.0 3783.0 50000638
C 5 0.45 3.09250527 0.05 0.04908739 2683.0 3783.0 50000639
