# sample segmentation eta phi delta_eta delta_phi rmin rmax zmin zmax
config 1 6 0 0.0 0.80431192 3383.0 3883.0 0 3024.0
eta_bins -0.8 -0.7 -0.6 -0.5 -0.4 -0.3 -0.2 -0.1 0.0 0.1 0.2 0.3 0.4 0.5 0.6 0.7 0.8
phi_bins -3.1416 -3.0434 -2.9452 -2.8471 -2.7489 -2.6507 -2.5525 -2.4544 -2.3562 -2.258 -2.1598 -2.0617 -1.9635 -1.8653 -1.7671 -1.669 -1.5708 -1.4726 -1.3744 -1.2763 -1.1781 -1.0799 -0.9817 -0.8836 -0.7854 -0.6872 -0.589 -0.4909 -0.3927 -0.2945 -0.1963 -0.0982 0.0 0.0982 0.1963 0.2945 0.3927 0.4909 0.589 0.6872 0.7854 0.8836 0.9817 1.0799 1.1781 1.2763 1.3744 1.4726 1.5708 1.669 1.7671 1.8653 1.9635 2.0617 2.1598 2.258 2.3562 2.4544 2.5525 2.6507 2.7489 2.8471 2.9452 3.0434 3.1416
cell 1 6 -0.75 -3.09250527 0.1 0.09817477 3383.0 3883.0 0 3024.0 1060000000
cell 1 6 -0.75 -2.9943305 0.1 0.09817477 3383.0 3883.0 0 3024.0 1060000001
cell 1 6 -0.75 -2.89615573 0.1 0.09817477 3383.0 3883.0 0 3024.0 1060000002
cell 1 6 -0.75 -2.79798096 0.1 0.09817477 3383.0 3883.0 0 3024.0 1060000003
cell 1 6 -0.75 -2.69980619 0.1 0.09817477 3383.0 3883.0 0 3024.0 1060000004
cell 1 6 -0.75 -2.60163142 0.1 0.09817477 3383.0 3883.0 0 3024.0 1060000005
cell 1 6 -0.75 -2.50345665 0.1 0.09817477 3383.0 3883.0 0 3024.0 1060000006
cell 1 6 -0.75 -2.40528188 0.1 0.09817477 3383.0 3883.0 0 3024.0 1060000007
cell 1 6 -0.75 -2.3071071 0.1 0.09817477 3383.0 3883.0 0 3024.0 1060000008
cell 1 6 -0.75 -2.20893233 0.1 0.09817477 3383.0 3883.0 0 3024.0 1060000009
cell 1 6 -0.75 -2.11075756 0.1 0.09817477 3383.0 3883.0 0 3024.0 1060000010
cell 1 6 -0.75 -2.01258279 0.1 0.09817477 3383.0 3883.0 0 3024.0 1060000011
cell 1 6 -0.75 -1.91440802 0.1 0.09817477 3383.0 3883.0 0 3024.0 1060000012
cell 1 6 -0.75 -1.81623325 0.1 0.09817477 3383.0 3883.0 0 3024.0 1060000013
cell 1 6 -0.75 -1.71805848 0.1 0.09817477 3383.0 3883.0 0 3024.0 1060000014
cell 1 6 -0.75 -1.61988371 0.1 0.09817477 3383.0 3883.0 0 3024.0 1060000015
cell 1 6 -0.75 -1.52170894 0.1 0.09817477 3383.0 3883.0 0 3024.0 1060000016
cell 1 6 -0.75 -1.42353417 0.1 0.09817477 3383.0 3883.0 0 3024.0 1060000017
cell 1 6 -0.75 -1.3253594 0.1 0.09817477 3383.0 3883.0 0 3024.0 1060000018
cell 1 6 -0.75 -1.22718463 0.1 0.09817477 3383.0 3883.0 0 3024.0 1060000019
cell 1 6 -0.75 -1.12900986 0.1 0.09817477 3383.0 3883.0 0 3024.0 1060000020
cell 1 6 -0.75 -1.03083509 0.1 0.09817477 3383.0 3883.0 0 3024.0 1060000021
cell 1 6 -0.75 -0.93266032 0.1 0.09817477 3383.0 3883.0 0 3024.0 1060000022
cell 1 6 -0.75 -0.83448555 0.1 0.09817477 3383.0 3883.0 0 3024.0 1060000023
cell 1 6 -0.75 -0.73631078 0.1 0.09817477 3383.0 3883.0 0 3024.0 1060000024
cell 1 6 -0.75 -0.63813601 0.1 0.09817477 3383.0 3883.0 0 3024.0 1060000025
cell 1 6 -0.75 -0.53996124 0.1 0.09817477 3383.0 3883.0 0 3024.0 1060000026
cell 1 6 -0.75 -0.44178647 0.1 0.09817477 3383.0 3883.0 0 3024.0 1060000027
cell 1 6 -0.75 -0.3436117 0.1 0.09817477 3383.0 3883.0 0 3024.0 1060000028
cell 1 6 -0.75 -0.24543693 0.1 0.09817477 3383.0 3883.0 0 3024.0 1060000029
cell 1 6 -0.75 -0.14726216 0.1 0.09817477 3383.0 3883.0 0 3024.0 1060000030
cell 1 6 -0.75 -0.04908739 0.1 0.09817477 3383.0 3883.0 0 3024.0 1060000031
cell 1 6 -0.75 0.04908739 0.1 0.09817477 3383.0 3883.0 0 3024.0 1060000032
cell 1 6 -0.75 0.14726216 0.1 0.09817477 3383.0 3883.0 0 3024.0 1060000033
cell 1 6 -0.75 0.24543693 0.1 0.09817477 3383.0 3883.0 0 3024.0 1060000034
cell 1 6 -0.75 0.3436117 0.1 0.09817477 3383.0 3883.0 0 3024.0 1060000035
cell 1 6 -0.75 0.44178647 0.1 0.09817477 3383.0 3883.0 0 3024.0 1060000036
cell 1 6 -0.75 0.53996124 0.1 0.09817477 3383.0 3883.0 0 3024.0 1060000037
cell 1 6 -0.75 0.63813601 0.1 0.09817477 3383.0 3883.0 0 3024.0 1060000038
cell 1 6 -0.75 0.73631078 0.1 0.09817477 3383.0 3883.0 0 3024.0 1060000039
cell 1 6 -0.75 0.83448555 0.1 0.09817477 3383.0 3883.0 0 3024.0 1060000040
cell 1 6 -0.75 0.93266032 0.1 0.09817477 3383.0 3883.0 0 3024.0 1060000041
cell 1 6 -0.75 1.03083509 0.1 0.09817477 3383.0 3883.0 0 3024.0 1060000042
cell 1 6 -0.75 1.12900986 0.1 0.09817477 3383.0 3883.0 0 3024.0 1060000043
cell 1 6 -0.75 1.22718463 0.1 0.09817477 3383.0 3883.0 0 3024.0 1060000044
cell 1 6 -0.75 1.3253594 0.1 0.09817477 3383.0 3883.0 0 3024.0 1060000045
cell 1 6 -0.75 1.42353417 0.1 0.09817477 3383.0 3883.0 0 3024.0 1060000046
cell 1 6 -0.75 1.52170894 0.1 0.09817477 3383.0 3883.0 0 3024.0 1060000047
cell 1 6 -0.75 1.61988371 0.1 0.09817477 3383.0 3883.0 0 3024.0 1060000048
cell 1 6 -0.75 1.71805848 0.1 0.09817477 3383.0 3883.0 0 3024.0 1060000049
cell 1 6 -0.75 1.81623325 0.1 0.09817477 3383.0 3883.0 0 3024.0 1060000050
cell 1 6 -0.75 1.91440802 0.1 0.09817477 3383.0 3883.0 0 3024.0 1060000051
cell 1 6 -0.75 2.01258279 0.1 0.09817477 3383.0 3883.0 0 3024.0 1060000052
cell 1 6 -0.75 2.11075756 0.1 0.09817477 3383.0 3883.0 0 3024.0 1060000053
cell 1 6 -0.75 2.20893233 0.1 0.09817477 3383.0 3883.0 0 3024.0 1060000054
cell 1 6 -0.75 2.3071071 0.1 0.09817477 3383.0 3883.0 0 3024.0 1060000055
cell 1 6 -0.75 2.40528188 0.1 0.09817477 3383.0 3883.0 0 3024.0 1060000056
cell 1 6 -0.75 2.50345665 0.1 0.09817477 3383.0 3883.0 0 3024.0 1060000057
cell 1 6 -0.75 2.60163142 0.1 0.09817477 3383.0 3883.0 0 3024.0 1060000058
cell 1 6 -0.75 2.69980619 0.1 0.09817477 3383.0 3883.0 0 3024.0 1060000059
cell 1 6 -0.75 2.79798096 0.1 0.09817477 3383.0 3883.0 0 3024.0 1060000060
cell 1 6 -0.75 2.89615573 0.1 0.09817477 3383.0 3883.0 0 3024.0 1060000061
cell 1 6 -0.75 2.9943305 0.1 0.09817477 3383.0 3883.0 0 3024.0 1060000062
cell 1 6 -0.75 3.09250527 0.1 0.09817477 3383.0 3883.0 0 3024.0 1060000063
cell 1 6 -0.65 -3.09250527 0.1 0.09817477 3383.0 3883.0 0 3024.0 1060000064
cell 1 6 -0.65 -2.9943305 0.1 0.09817477 3383.0 3883.0 0 3024.0 1060000065
cell 1 6 -0.65 -2.89615573 0.1 0.09817477 3383.0 3883.0 0 3024.0 1060000066
cell 1 6 -0.65 -2.79798096 0.1 0.09817477 3383.0 3883.0 0 3024.0 1060000067
cell 1 6 -0.65 -2.69980619 0.1 0.09817477 3383.0 3883.0 0 3024.0 1060000068
cell 1 6 -0.65 -2.60163142 0.1 0.09817477 3383.0 3883.0 0 3024.0 1060000069
cell 1 6 -0.65 -2.50345665 0.1 0.09817477 3383.0 3883.0 0 3024.0 1060000070
cell 1 6 -0.65 -2.40528188 0.1 0.09817477 3383.0 3883.0 0 3024.0 1060000071
cell 1 6 -0.65 -2.3071071 0.1 0.09817477 3383.0 3883.0 0 3024.0 1060000072
cell 1 6 -0.65 -2.20893233 0.1 0.09817477 3383.0 3883.0 0 3024.0 1060000073
cell 1 6 -0.65 -2.11075756 0.1 0.09817477 3383.0 3883.0 0 3024.0 1060000074
cell 1 6 -0.65 -2.01258279 0.1 0.09817477 3383.0 3883.0 0 3024.0 1060000075
cell 1 6 -0.65 -1.91440802 0.1 0.09817477 3383.0 3883.0 0 3024.0 1060000076
cell 1 6 -0.65 -1.81623325 0.1 0.09817477 3383.0 3883.0 0 3024.0 1060000077
cell 1 6 -0.65 -1.71805848 0.1 0.09817477 3383.0 3883.0 0 3024.0 1060000078
cell 1 6 -0.65 -1.61988371 0.1 0.09817477 3383.0 3883.0 0 3024.0 1060000079
cell 1 6 -0.65 -1.52170894 0.1 0.09817477 3383.0 3883.0 0 3024.0 1060000080
cell 1 6 -0.65 -1.42353417 0.1 0.09817477 3383.0 3883.0 0 3024.0 1060000081
cell 1 6 -0.65 -1.3253594 0.1 0.09817477 3383.0 3883.0 0 3024.0 1060000082
cell 1 6 -0.65 -1.22718463 0.1 0.09817477 3383.0 3883.0 0 3024.0 1060000083
cell 1 6 -0.65 -1.12900986 0.1 0.09817477 3383.0 3883.0 0 3024.0 1060000084
cell 1 6 -0.65 -1.03083509 0.1 0.09817477 3383.0 3883.0 0 3024.0 1060000085
cell 1 6 -0.65 -0.93266032 0.1 0.09817477 3383.0 3883.0 0 3024.0 1060000086
cell 1 6 -0.65 -0.83448555 0.1 0.09817477 3383.0 3883.0 0 3024.0 1060000087
cell 1 6 -0.65 -0.73631078 0.1 0.09817477 3383.0 3883.0 0 3024.0 1060000088
cell 1 6 -0.65 -0.63813601 0.1 0.09817477 3383.0 3883.0 0 3024.0 1060000089
cell 1 6 -0.65 -0.53996124 0.1 0.09817477 3383.0 3883.0 0 3024.0 1060000090
cell 1 6 -0.65 -0.44178647 0.1 0.09817477 3383.0 3883.0 0 3024.0 1060000091
cell 1 6 -0.65 -0.3436117 0.1 0.09817477 3383.0 3883.0 0 3024.0 1060000092
cell 1 6 -0.65 -0.24543693 0.1 0.09817477 3383.0 3883.0 0 3024.0 1060000093
cell 1 6 -0.65 -0.14726216 0.1 0.09817477 3383.0 3883.0 0 3024.0 1060000094
cell 1 6 -0.65 -0.04908739 0.1 0.09817477 3383.0 3883.0 0 3024.0 1060000095
cell 1 6 -0.65 0.04908739 0.1 0.09817477 3383.0 3883.0 0 3024.0 1060000096
cell 1 6 -0.65 0.14726216 0.1 0.09817477 3383.0 3883.0 0 3024.0 1060000097
cell 1 6 -0.65 0.24543693 0.1 0.09817477 3383.0 3883.0 0 3024.0 1060000098
cell 1 6 -0.65 0.3436117 0.1 0.09817477 3383.0 3883.0 0 3024.0 1060000099
cell 1 6 -0.65 0.44178647 0.1 0.09817477 3383.0 3883.0 0 3024.0 1060000100
cell 1 6 -0.65 0.53996124 0.1 0.09817477 3383.0 3883.0 0 3024.0 1060000101
cell 1 6 -0.65 0.63813601 0.1 0.09817477 3383.0 3883.0 0 3024.0 1060000102
cell 1 6 -0.65 0.73631078 0.1 0.09817477 3383.0 3883.0 0 3024.0 1060000103
cell 1 6 -0.65 0.83448555 0.1 0.09817477 3383.0 3883.0 0 3024.0 1060000104
cell 1 6 -0.65 0.93266032 0.1 0.09817477 3383.0 3883.0 0 3024.0 1060000105
cell 1 6 -0.65 1.03083509 0.1 0.09817477 3383.0 3883.0 0 3024.0 1060000106
cell 1 6 -0.65 1.12900986 0.1 0.09817477 3383.0 3883.0 0 3024.0 1060000107
cell 1 6 -0.65 1.22718463 0.1 0.09817477 3383.0 3883.0 0 3024.0 1060000108
cell 1 6 -0.65 1.3253594 0.1 0.09817477 3383.0 3883.0 0 3024.0 1060000109
cell 1 6 -0.65 1.42353417 0.1 0.09817477 3383.0 3883.0 0 3024.0 1060000110
cell 1 6 -0.65 1.52170894 0.1 0.09817477 3383.0 3883.0 0 3024.0 1060000111
cell 1 6 -0.65 1.61988371 0.1 0.09817477 3383.0 3883.0 0 3024.0 1060000112
cell 1 6 -0.65 1.71805848 0.1 0.09817477 3383.0 3883.0 0 3024.0 1060000113
cell 1 6 -0.65 1.81623325 0.1 0.09817477 3383.0 3883.0 0 3024.0 1060000114
cell 1 6 -0.65 1.91440802 0.1 0.09817477 3383.0 3883.0 0 3024.0 1060000115
cell 1 6 -0.65 2.01258279 0.1 0.09817477 3383.0 3883.0 0 3024.0 1060000116
cell 1 6 -0.65 2.11075756 0.1 0.09817477 3383.0 3883.0 0 3024.0 1060000117
cell 1 6 -0.65 2.20893233 0.1 0.09817477 3383.0 3883.0 0 3024.0 1060000118
cell 1 6 -0.65 2.3071071 0.1 0.09817477 3383.0 3883.0 0 3024.0 1060000119
cell 1 6 -0.65 2.40528188 0.1 0.09817477 3383.0 3883.0 0 3024.0 1060000120
cell 1 6 -0.65 2.50345665 0.1 0.09817477 3383.0 3883.0 0 3024.0 1060000121
cell 1 6 -0.65 2.60163142 0.1 0.09817477 3383.0 3883.0 0 3024.0 1060000122
cell 1 6 -0.65 2.69980619 0.1 0.09817477 3383.0 3883.0 0 3024.0 1060000123
cell 1 6 -0.65 2.79798096 0.1 0.09817477 3383.0 3883.0 0 3024.0 1060000124
cell 1 6 -0.65 2.89615573 0.1 0.09817477 3383.0 3883.0 0 3024.0 1060000125
cell 1 6 -0.65 2.9943305 0.1 0.09817477 3383.0 3883.0 0 3024.0 1060000126
cell 1 6 -0.65 3.09250527 0.1 0.09817477 3383.0 3883.0 0 3024.0 1060000127
cell 1 6 -0.55 -3.09250527 0.1 0.09817477 3383.0 3883.0 0 3024.0 1060000128
cell 1 6 -0.55 -2.9943305 0.1 0.09817477 3383.0 3883.0 0 3024.0 1060000129
cell 1 6 -0.55 -2.89615573 0.1 0.09817477 3383.0 3883.0 0 3024.0 1060000130
cell 1 6 -0.55 -2.79798096 0.1 0.09817477 3383.0 3883.0 0 3024.0 1060000131
cell 1 6 -0.55 -2.69980619 0.1 0.09817477 3383.0 3883.0 0 3024.0 1060000132
cell 1 6 -0.55 -2.60163142 0.1 0.09817477 3383.0 3883.0 0 3024.0 1060000133
cell 1 6 -0.55 -2.50345665 0.1 0.09817477 3383.0 3883.0 0 3024.0 1060000134
cell 1 6 -0.55 -2.40528188 0.1 0.09817477 3383.0 3883.0 0 3024.0 1060000135
cell 1 6 -0.55 -2.3071071 0.1 0.09817477 3383.0 3883.0 0 3024.0 1060000136
cell 1 6 -0.55 -2.20893233 0.1 0.09817477 3383.0 3883.0 0 3024.0 1060000137
cell 1 6 -0.55 -2.11075756 0.1 0.09817477 3383.0 3883.0 0 3024.0 1060000138
cell 1 6 -0.55 -2.01258279 0.1 0.09817477 3383.0 3883.0 0 3024.0 1060000139
cell 1 6 -0.55 -1.91440802 0.1 0.09817477 3383.0 3883.0 0 3024.0 1060000140
cell 1 6 -0.55 -1.81623325 0.1 0.09817477 3383.0 3883.0 0 3024.0 1060000141
cell 1 6 -0.55 -1.71805848 0.1 0.09817477 3383.0 3883.0 0 3024.0 1060000142
cell 1 6 -0.55 -1.61988371 0.1 0.09817477 3383.0 3883.0 0 3024.0 1060000143
cell 1 6 -0.55 -1.52170894 0.1 0.09817477 3383.0 3883.0 0 3024.0 1060000144
cell 1 6 -0.55 -1.42353417 0.1 0.09817477 3383.0 3883.0 0 3024.0 1060000145
cell 1 6 -0.55 -1.3253594 0.1 0.09817477 3383.0 3883.0 0 3024.0 1060000146
cell 1 6 -0.55 -1.22718463 0.1 0.09817477 3383.0 3883.0 0 3024.0 1060000147
cell 1 6 -0.55 -1.12900986 0.1 0.09817477 3383.0 3883.0 0 3024.0 1060000148
cell 1 6 -0.55 -1.03083509 0.1 0.09817477 3383.0 3883.0 0 3024.0 1060000149
cell 1 6 -0.55 -0.93266032 0.1 0.09817477 3383.0 3883.0 0 3024.0 1060000150
cell 1 6 -0.55 -0.83448555 0.1 0.09817477 3383.0 3883.0 0 3024.0 1060000151
cell 1 6 -0.55 -0.73631078 0.1 0.09817477 3383.0 3883.0 0 3024.0 1060000152
cell 1 6 -0.55 -0.63813601 0.1 0.09817477 3383.0 3883.0 0 3024.0 1060000153
cell 1 6 -0.55 -0.53996124 0.1 0.09817477 3383.0 3883.0 0 3024.0 1060000154
cell 1 6 -0.55 -0.44178647 0.1 0.09817477 3383.0 3883.0 0 3024.0 1060000155
cell 1 6 -0.55 -0.3436117 0.1 0.09817477 3383.0 3883.0 0 3024.0 1060000156
cell 1 6 -0.55 -0.24543693 0.1 0.09817477 3383.0 3883.0 0 3024.0 1060000157
cell 1 6 -0.55 -0.14726216 0.1 0.09817477 3383.0 3883.0 0 3024.0 1060000158
cell 1 6 -0.55 -0.04908739 0.1 0.09817477 3383.0 3883.0 0 3024.0 1060000159
cell 1 6 -0.55 0.04908739 0.1 0.09817477 3383.0 3883.0 0 3024.0 1060000160
cell 1 6 -0.55 0.14726216 0.1 0.09817477 3383.0 3883.0 0 3024.0 1060000161
cell 1 6 -0.55 0.24543693 0.1 0.09817477 3383.0 3883.0 0 3024.0 1060000162
cell 1 6 -0.55 0.3436117 0.1 0.09817477 3383.0 3883.0 0 3024.0 1060000163
cell 1 6 -0.55 0.44178647 0.1 0.09817477 3383.0 3883.0 0 3024.0 1060000164
cell 1 6 -0.55 0.53996124 0.1 0.09817477 3383.0 3883.0 0 3024.0 1060000165
cell 1 6 -0.55 0.63813601 0.1 0.09817477 3383.0 3883.0 0 3024.0 1060000166
cell 1 6 -0.55 0.73631078 0.1 0.09817477 3383.0 3883.0 0 3024.0 1060000167
cell 1 6 -0.55 0.83448555 0.1 0.09817477 3383.0 3883.0 0 3024.0 1060000168
cell 1 6 -0.55 0.93266032 0.1 0.09817477 3383.0 3883.0 0 3024.0 1060000169
cell 1 6 -0.55 1.03083509 0.1 0.09817477 3383.0 3883.0 0 3024.0 1060000170
cell 1 6 -0.55 1.12900986 0.1 0.09817477 3383.0 3883.0 0 3024.0 1060000171
cell 1 6 -0.55 1.22718463 0.1 0.09817477 3383.0 3883.0 0 3024.0 1060000172
cell 1 6 -0.55 1.3253594 0.1 0.09817477 3383.0 3883.0 0 3024.0 1060000173
cell 1 6 -0.55 1.42353417 0.1 0.09817477 3383.0 3883.0 0 3024.0 1060000174
cell 1 6 -0.55 1.52170894 0.1 0.09817477 3383.0 3883.0 0 3024.0 1060000175
cell 1 6 -0.55 1.61988371 0.1 0.09817477 3383.0 3883.0 0 3024.0 1060000176
cell 1 6 -0.55 1.71805848 0.1 0.09817477 3383.0 3883.0 0 3024.0 1060000177
cell 1 6 -0.55 1.81623325 0.1 0.09817477 3383.0 3883.0 0 3024.0 1060000178
cell 1 6 -0.55 1.91440802 0.1 0.09817477 3383.0 3883.0 0 3024.0 1060000179
cell 1 6 -0.55 2.01258279 0.1 0.09817477 3383.0 3883.0 0 3024.0 1060000180
cell 1 6 -0.55 2.11075756 0.1 0.09817477 3383.0 3883.0 0 3024.0 1060000181
cell 1 6 -0.55 2.20893233 0.1 0.09817477 3383.0 3883.0 0 3024.0 1060000182
cell 1 6 -0.55 2.3071071 0.1 0.09817477 3383.0 3883.0 0 3024.0 1060000183
cell 1 6 -0.55 2.40528188 0.1 0.09817477 3383.0 3883.0 0 3024.0 1060000184
cell 1 6 -0.55 2.50345665 0.1 0.09817477 3383.0 3883.0 0 3024.0 1060000185
cell 1 6 -0.55 2.60163142 0.1 0.09817477 3383.0 3883.0 0 3024.0 1060000186
cell 1 6 -0.55 2.69980619 0.1 0.09817477 3383.0 3883.0 0 3024.0 1060000187
cell 1 6 -0.55 2.79798096 0.1 0.09817477 3383.0 3883.0 0 3024.0 1060000188
cell 1 6 -0.55 2.89615573 0.1 0.09817477 3383.0 3883.0 0 3024.0 1060000189
cell 1 6 -0.55 2.9943305 0.1 0.09817477 3383.0 3883.0 0 3024.0 1060000190
cell 1 6 -0.55 3.09250527 0.1 0.09817477 3383.0 3883.0 0 3024.0 1060000191
cell 1 6 -0.45 -3.09250527 0.1 0.09817477 3383.0 3883.0 0 3024.0 1060000192
cell 1 6 -0.45 -2.9943305 0.1 0.09817477 3383.0 3883.0 0 3024.0 1060000193
cell 1 6 -0.45 -2.89615573 0.1 0.09817477 3383.0 3883.0 0 3024.0 1060000194
cell 1 6 -0.45 -2.79798096 0.1 0.09817477 3383.0 3883.0 0 3024.0 1060000195
cell 1 6 -0.45 -2.69980619 0.1 0.09817477 3383.0 3883.0 0 3024.0 1060000196
cell 1 6 -0.45 -2.60163142 0.1 0.09817477 3383.0 3883.0 0 3024.0 1060000197
cell 1 6 -0.45 -2.50345665 0.1 0.09817477 3383.0 3883.0 0 3024.0 1060000198
cell 1 6 -0.45 -2.40528188 0.1 0.09817477 3383.0 3883.0 0 3024.0 1060000199
cell 1 6 -0.45 -2.3071071 0.1 0.09817477 3383.0 3883.0 0 3024.0 1060000200
cell 1 6 -0.45 -2.20893233 0.1 0.09817477 3383.0 3883.0 0 3024.0 1060000201
cell 1 6 -0.45 -2.11075756 0.1 0.09817477 3383.0 3883.0 0 3024.0 1060000202
cell 1 6 -0.45 -2.01258279 0.1 0.09817477 3383.0 3883.0 0 3024.0 1060000203
cell 1 6 -0.45 -1.91440802 0.1 0.09817477 3383.0 3883.0 0 3024.0 1060000204
cell 1 6 -0.45 -1.81623325 0.1 0.09817477 3383.0 3883.0 0 3024.0 1060000205
cell 1 6 -0.45 -1.71805848 0.1 0.09817477 3383.0 3883.0 0 3024.0 1060000206
cell 1 6 -0.45 -1.61988371 0.1 0.09817477 3383.0 3883.0 0 3024.0 1060000207
cell 1 6 -0.45 -1.52170894 0.1 0.09817477 3383.0 3883.0 0 3024.0 1060000208
cell 1 6 -0.45 -1.42353417 0.1 0.09817477 3383.0 3883.0 0 3024.0 1060000209
cell 1 6 -0.45 -1.3253594 0.1 0.09817477 3383.0 3883.0 0 3024.0 1060000210
cell 1 6 -0.45 -1.22718463 0.1 0.09817477 3383.0 3883.0 0 3024.0 1060000211
cell 1 6 -0.45 -1.12900986 0.1 0.09817477 3383.0 3883.0 0 3024.0 1060000212
cell 1 6 -0.45 -1.03083509 0.1 0.09817477 3383.0 3883.0 0 3024.0 1060000213
cell 1 6 -0.45 -0.93266032 0.1 0.09817477 3383.0 3883.0 0 3024.0 1060000214
cell 1 6 -0.45 -0.83448555 0.1 0.09817477 3383.0 3883.0 0 3024.0 1060000215
cell 1 6 -0.45 -0.73631078 0.1 0.09817477 3383.0 3883.0 0 3024.0 1060000216
cell 1 6 -0.45 -0.63813601 0.1 0.09817477 3383.0 3883.0 0 3024.0 1060000217
cell 1 6 -0.45 -0.53996124 0.1 0.09817477 3383.0 3883.0 0 3024.0 1060000218
cell 1 6 -0.45 -0.44178647 0.1 0.09817477 3383.0 3883.0 0 3024.0 1060000219
cell 1 6 -0.45 -0.3436117 0.1 0.09817477 3383.0 3883.0 0 3024.0 1060000220
cell 1 6 -0.45 -0.24543693 0.1 0.09817477 3383.0 3883.0 0 3024.0 1060000221
cell 1 6 -0.45 -0.14726216 0.1 0.09817477 3383.0 3883.0 0 3024.0 1060000222
cell 1 6 -0.45 -0.04908739 0.1 0.09817477 3383.0 3883.0 0 3024.0 1060000223
cell 1 6 -0.45 0.04908739 0.1 0.09817477 3383.0 3883.0 0 3024.0 1060000224
cell 1 6 -0.45 0.14726216 0.1 0.09817477 3383.0 3883.0 0 3024.0 1060000225
cell 1 6 -0.45 0.24543693 0.1 0.09817477 3383.0 3883.0 0 3024.0 1060000226
cell 1 6 -0.45 0.3436117 0.1 0.09817477 3383.0 3883.0 0 3024.0 1060000227
cell 1 6 -0.45 0.44178647 0.1 0.09817477 3383.0 3883.0 0 3024.0 1060000228
cell 1 6 -0.45 0.53996124 0.1 0.09817477 3383.0 3883.0 0 3024.0 1060000229
cell 1 6 -0.45 0.63813601 0.1 0.09817477 3383.0 3883.0 0 3024.0 1060000230
cell 1 6 -0.45 0.73631078 0.1 0.09817477 3383.0 3883.0 0 3024.0 1060000231
cell 1 6 -0.45 0.83448555 0.1 0.09817477 3383.0 3883.0 0 3024.0 1060000232
cell 1 6 -0.45 0.93266032 0.1 0.09817477 3383.0 3883.0 0 3024.0 1060000233
cell 1 6 -0.45 1.03083509 0.1 0.09817477 3383.0 3883.0 0 3024.0 1060000234
cell 1 6 -0.45 1.12900986 0.1 0.09817477 3383.0 3883.0 0 3024.0 1060000235
cell 1 6 -0.45 1.22718463 0.1 0.09817477 3383.0 3883.0 0 3024.0 1060000236
cell 1 6 -0.45 1.3253594 0.1 0.09817477 3383.0 3883.0 0 3024.0 1060000237
cell 1 6 -0.45 1.42353417 0.1 0.09817477 3383.0 3883.0 0 3024.0 1060000238
cell 1 6 -0.45 1.52170894 0.1 0.09817477 3383.0 3883.0 0 3024.0 1060000239
cell 1 6 -0.45 1.61988371 0.1 0.09817477 3383.0 3883.0 0 3024.0 1060000240
cell 1 6 -0.45 1.71805848 0.1 0.09817477 3383.0 3883.0 0 3024.0 1060000241
cell 1 6 -0.45 1.81623325 0.1 0.09817477 3383.0 3883.0 0 3024.0 1060000242
cell 1 6 -0.45 1.91440802 0.1 0.09817477 3383.0 3883.0 0 3024.0 1060000243
cell 1 6 -0.45 2.01258279 0.1 0.09817477 3383.0 3883.0 0 3024.0 1060000244
cell 1 6 -0.45 2.11075756 0.1 0.09817477 3383.0 3883.0 0 3024.0 1060000245
cell 1 6 -0.45 2.20893233 0.1 0.09817477 3383.0 3883.0 0 3024.0 1060000246
cell 1 6 -0.45 2.3071071 0.1 0.09817477 3383.0 3883.0 0 3024.0 1060000247
cell 1 6 -0.45 2.40528188 0.1 0.09817477 3383.0 3883.0 0 3024.0 1060000248
cell 1 6 -0.45 2.50345665 0.1 0.09817477 3383.0 3883.0 0 3024.0 1060000249
cell 1 6 -0.45 2.60163142 0.1 0.09817477 3383.0 3883.0 0 3024.0 1060000250
cell 1 6 -0.45 2.69980619 0.1 0.09817477 3383.0 3883.0 0 3024.0 1060000251
cell 1 6 -0.45 2.79798096 0.1 0.09817477 3383.0 3883.0 0 3024.0 1060000252
cell 1 6 -0.45 2.89615573 0.1 0.09817477 3383.0 3883.0 0 3024.0 1060000253
cell 1 6 -0.45 2.9943305 0.1 0.09817477 3383.0 3883.0 0 3024.0 1060000254
cell 1 6 -0.45 3.09250527 0.1 0.09817477 3383.0 3883.0 0 3024.0 1060000255
cell 1 6 -0.35 -3.09250527 0.1 0.09817477 3383.0 3883.0 0 3024.0 1060000256
cell 1 6 -0.35 -2.9943305 0.1 0.09817477 3383.0 3883.0 0 3024.0 1060000257
cell 1 6 -0.35 -2.89615573 0.1 0.09817477 3383.0 3883.0 0 3024.0 1060000258
cell 1 6 -0.35 -2.79798096 0.1 0.09817477 3383.0 3883.0 0 3024.0 1060000259
cell 1 6 -0.35 -2.69980619 0.1 0.09817477 3383.0 3883.0 0 3024.0 1060000260
cell 1 6 -0.35 -2.60163142 0.1 0.09817477 3383.0 3883.0 0 3024.0 1060000261
cell 1 6 -0.35 -2.50345665 0.1 0.09817477 3383.0 3883.0 0 3024.0 1060000262
cell 1 6 -0.35 -2.40528188 0.1 0.09817477 3383.0 3883.0 0 3024.0 1060000263
cell 1 6 -0.35 -2.3071071 0.1 0.09817477 3383.0 3883.0 0 3024.0 1060000264
cell 1 6 -0.35 -2.20893233 0.1 0.09817477 3383.0 3883.0 0 3024.0 1060000265
cell 1 6 -0.35 -2.11075756 0.1 0.09817477 3383.0 3883.0 0 3024.0 1060000266
cell 1 6 -0.35 -2.01258279 0.1 0.09817477 3383.0 3883.0 0 3024.0 1060000267
cell 1 6 -0.35 -1.91440802 0.1 0.09817477 3383.0 3883.0 0 3024.0 1060000268
cell 1 6 -0.35 -1.81623325 0.1 0.09817477 3383.0 3883.0 0 3024.0 1060000269
cell 1 6 -0.35 -1.71805848 0.1 0.09817477 3383.0 3883.0 0 3024.0 1060000270
cell 1 6 -0.35 -1.61988371 0.1 0.09817477 3383.0 3883.0 0 3024.0 1060000271
cell 1 6 -0.35 -1.52170894 0.1 0.09817477 3383.0 3883.0 0 3024.0 1060000272
cell 1 6 -0.35 -1.42353417 0.1 0.09817477 3383.0 3883.0 0 3024.0 1060000273
cell 1 6 -0.35 -1.3253594 0.1 0.09817477 3383.0 3883.0 0 3024.0 1060000274
cell 1 6 -0.35 -1.22718463 0.1 0.09817477 3383.0 3883.0 0 3024.0 1060000275
cell 1 6 -0.35 -1.12900986 0.1 0.09817477 3383.0 3883.0 0 3024.0 1060000276
cell 1 6 -0.35 -1.03083509 0.1 0.09817477 3383.0 3883.0 0 3024.0 1060000277
cell 1 6 -0.35 -0.93266032 0.1 0.09817477 3383.0 3883.0 0 3024.0 1060000278
cell 1 6 -0.35 -0.83448555 0.1 0.09817477 3383.0 3883.0 0 3024.0 1060000279
cell 1 6 -0.35 -0.73631078 0.1 0.09817477 3383.0 3883.0 0 3024.0 1060000280
cell 1 6 -0.35 -0.63813601 0.1 0.09817477 3383.0 3883.0 0 3024.0 1060000281
cell 1 6 -0.35 -0.53996124 0.1 0.09817477 3383.0 3883.0 0 3024.0 1060000282
cell 1 6 -0.35 -0.44178647 0.1 0.09817477 3383.0 3883.0 0 3024.0 1060000283
cell 1 6 -0.35 -0.3436117 0.1 0.09817477 3383.0 3883.0 0 3024.0 1060000284
cell 1 6 -0.35 -0.24543693 0.1 0.09817477 3383.0 3883.0 0 3024.0 1060000285
cell 1 6 -0.35 -0.14726216 0.1 0.09817477 3383.0 3883.0 0 3024.0 1060000286
cell 1 6 -0.35 -0.04908739 0.1 0.09817477 3383.0 3883.0 0 3024.0 1060000287
cell 1 6 -0.35 0.04908739 0.1 0.09817477 3383.0 3883.0 0 3024.0 1060000288
cell 1 6 -0.35 0.14726216 0.1 0.09817477 3383.0 3883.0 0 3024.0 1060000289
cell 1 6 -0.35 0.24543693 0.1 0.09817477 3383.0 3883.0 0 3024.0 1060000290
cell 1 6 -0.35 0.3436117 0.1 0.09817477 3383.0 3883.0 0 3024.0 1060000291
cell 1 6 -0.35 0.44178647 0.1 0.09817477 3383.0 3883.0 0 3024.0 1060000292
cell 1 6 -0.35 0.53996124 0.1 0.09817477 3383.0 3883.0 0 3024.0 1060000293
cell 1 6 -0.35 0.63813601 0.1 0.09817477 3383.0 3883.0 0 3024.0 1060000294
cell 1 6 -0.35 0.73631078 0.1 0.09817477 3383.0 3883.0 0 3024.0 1060000295
cell 1 6 -0.35 0.83448555 0.1 0.09817477 3383.0 3883.0 0 3024.0 1060000296
cell 1 6 -0.35 0.93266032 0.1 0.09817477 3383.0 3883.0 0 3024.0 1060000297
cell 1 6 -0.35 1.03083509 0.1 0.09817477 3383.0 3883.0 0 3024.0 1060000298
cell 1 6 -0.35 1.12900986 0.1 0.09817477 3383.0 3883.0 0 3024.0 1060000299
cell 1 6 -0.35 1.22718463 0.1 0.09817477 3383.0 3883.0 0 3024.0 1060000300
cell 1 6 -0.35 1.3253594 0.1 0.09817477 3383.0 3883.0 0 3024.0 1060000301
cell 1 6 -0.35 1.42353417 0.1 0.09817477 3383.0 3883.0 0 3024.0 1060000302
cell 1 6 -0.35 1.52170894 0.1 0.09817477 3383.0 3883.0 0 3024.0 1060000303
cell 1 6 -0.35 1.61988371 0.1 0.09817477 3383.0 3883.0 0 3024.0 1060000304
cell 1 6 -0.35 1.71805848 0.1 0.09817477 3383.0 3883.0 0 3024.0 1060000305
cell 1 6 -0.35 1.81623325 0.1 0.09817477 3383.0 3883.0 0 3024.0 1060000306
cell 1 6 -0.35 1.91440802 0.1 0.09817477 3383.0 3883.0 0 3024.0 1060000307
cell 1 6 -0.35 2.01258279 0.1 0.09817477 3383.0 3883.0 0 3024.0 1060000308
cell 1 6 -0.35 2.11075756 0.1 0.09817477 3383.0 3883.0 0 3024.0 1060000309
cell 1 6 -0.35 2.20893233 0.1 0.09817477 3383.0 3883.0 0 3024.0 1060000310
cell 1 6 -0.35 2.3071071 0.1 0.09817477 3383.0 3883.0 0 3024.0 1060000311
cell 1 6 -0.35 2.40528188 0.1 0.09817477 3383.0 3883.0 0 3024.0 1060000312
cell 1 6 -0.35 2.50345665 0.1 0.09817477 3383.0 3883.0 0 3024.0 1060000313
cell 1 6 -0.35 2.60163142 0.1 0.09817477 3383.0 3883.0 0 3024.0 1060000314
cell 1 6 -0.35 2.69980619 0.1 0.09817477 3383.0 3883.0 0 3024.0 1060000315
cell 1 6 -0.35 2.79798096 0.1 0.09817477 3383.0 3883.0 0 3024.0 1060000316
cell 1 6 -0.35 2.89615573 0.1 0.09817477 3383.0 3883.0 0 3024.0 1060000317
cell 1 6 -0.35 2.9943305 0.1 0.09817477 3383.0 3883.0 0 3024.0 1060000318
cell 1 6 -0.35 3.09250527 0.1 0.09817477 3383.0 3883.0 0 3024.0 1060000319
cell 1 6 -0.25 -3.09250527 0.1 0.09817477 3383.0 3883.0 0 3024.0 1060000320
cell 1 6 -0.25 -2.9943305 0.1 0.09817477 3383.0 3883.0 0 3024.0 1060000321
cell 1 6 -0.25 -2.89615573 0.1 0.09817477 3383.0 3883.0 0 3024.0 1060000322
cell 1 6 -0.25 -2.79798096 0.1 0.09817477 3383.0 3883.0 0 3024.0 1060000323
cell 1 6 -0.25 -2.69980619 0.1 0.09817477 3383.0 3883.0 0 3024.0 1060000324
cell 1 6 -0.25 -2.60163142 0.1 0.09817477 3383.0 3883.0 0 3024.0 1060000325
cell 1 6 -0.25 -2.50345665 0.1 0.09817477 3383.0 3883.0 0 3024.0 1060000326
cell 1 6 -0.25 -2.40528188 0.1 0.09817477 3383.0 3883.0 0 3024.0 1060000327
cell 1 6 -0.25 -2.3071071 0.1 0.09817477 3383.0 3883.0 0 3024.0 1060000328
cell 1 6 -0.25 -2.20893233 0.1 0.09817477 3383.0 3883.0 0 3024.0 1060000329
cell 1 6 -0.25 -2.11075756 0.1 0.09817477 3383.0 3883.0 0 3024.0 1060000330
cell 1 6 -0.25 -2.01258279 0.1 0.09817477 3383.0 3883.0 0 3024.0 1060000331
cell 1 6 -0.25 -1.91440802 0.1 0.09817477 3383.0 3883.0 0 3024.0 1060000332
cell 1 6 -0.25 -1.81623325 0.1 0.09817477 3383.0 3883.0 0 3024.0 1060000333
cell 1 6 -0.25 -1.71805848 0.1 0.09817477 3383.0 3883.0 0 3024.0 1060000334
cell 1 6 -0.25 -1.61988371 0.1 0.09817477 3383.0 3883.0 0 3024.0 1060000335
cell 1 6 -0.25 -1.52170894 0.1 0.09817477 3383.0 3883.0 0 3024.0 1060000336
cell 1 6 -0.25 -1.42353417 0.1 0.09817477 3383.0 3883.0 0 3024.0 1060000337
cell 1 6 -0.25 -1.3253594 0.1 0.09817477 3383.0 3883.0 0 3024.0 1060000338
cell 1 6 -0.25 -1.22718463 0.1 0.09817477 3383.0 3883.0 0 3024.0 1060000339
cell 1 6 -0.25 -1.12900986 0.1 0.09817477 3383.0 3883.0 0 3024.0 1060000340
cell 1 6 -0.25 -1.03083509 0.1 0.09817477 3383.0 3883.0 0 3024.0 1060000341
cell 1 6 -0.25 -0.93266032 0.1 0.09817477 3383.0 3883.0 0 3024.0 1060000342
cell 1 6 -0.25 -0.83448555 0.1 0.09817477 3383.0 3883.0 0 3024.0 1060000343
cell 1 6 -0.25 -0.73631078 0.1 0.09817477 3383.0 3883.0 0 3024.0 1060000344
cell 1 6 -0.25 -0.63813601 0.1 0.09817477 3383.0 3883.0 0 3024.0 1060000345
cell 1 6 -0.25 -0.53996124 0.1 0.09817477 3383.0 3883.0 0 3024.0 1060000346
cell 1 6 -0.25 -0.44178647 0.1 0.09817477 3383.0 3883.0 0 3024.0 1060000347
cell 1 6 -0.25 -0.3436117 0.1 0.09817477 3383.0 3883.0 0 3024.0 1060000348
cell 1 6 -0.25 -0.24543693 0.1 0.09817477 3383.0 3883.0 0 3024.0 1060000349
cell 1 6 -0.25 -0.14726216 0.1 0.09817477 3383.0 3883.0 0 3024.0 1060000350
cell 1 6 -0.25 -0.04908739 0.1 0.09817477 3383.0 3883.0 0 3024.0 1060000351
cell 1 6 -0.25 0.04908739 0.1 0.09817477 3383.0 3883.0 0 3024.0 1060000352
cell 1 6 -0.25 0.14726216 0.1 0.09817477 3383.0 3883.0 0 3024.0 1060000353
cell 1 6 -0.25 0.24543693 0.1 0.09817477 3383.0 3883.0 0 3024.0 1060000354
cell 1 6 -0.25 0.3436117 0.1 0.09817477 3383.0 3883.0 0 3024.0 1060000355
cell 1 6 -0.25 0.44178647 0.1 0.09817477 3383.0 3883.0 0 3024.0 1060000356
cell 1 6 -0.25 0.53996124 0.1 0.09817477 3383.0 3883.0 0 3024.0 1060000357
cell 1 6 -0.25 0.63813601 0.1 0.09817477 3383.0 3883.0 0 3024.0 1060000358
cell 1 6 -0.25 0.73631078 0.1 0.09817477 3383.0 3883.0 0 3024.0 1060000359
cell 1 6 -0.25 0.83448555 0.1 0.09817477 3383.0 3883.0 0 3024.0 1060000360
cell 1 6 -0.25 0.93266032 0.1 0.09817477 3383.0 3883.0 0 3024.0 1060000361
cell 1 6 -0.25 1.03083509 0.1 0.09817477 3383.0 3883.0 0 3024.0 1060000362
cell 1 6 -0.25 1.12900986 0.1 0.09817477 3383.0 3883.0 0 3024.0 1060000363
cell 1 6 -0.25 1.22718463 0.1 0.09817477 3383.0 3883.0 0 3024.0 1060000364
cell 1 6 -0.25 1.3253594 0.1 0.09817477 3383.0 3883.0 0 3024.0 1060000365
cell 1 6 -0.25 1.42353417 0.1 0.09817477 3383.0 3883.0 0 3024.0 1060000366
cell 1 6 -0.25 1.52170894 0.1 0.09817477 3383.0 3883.0 0 3024.0 1060000367
cell 1 6 -0.25 1.61988371 0.1 0.09817477 3383.0 3883.0 0 3024.0 1060000368
cell 1 6 -0.25 1.71805848 0.1 0.09817477 3383.0 3883.0 0 3024.0 1060000369
cell 1 6 -0.25 1.81623325 0.1 0.09817477 3383.0 3883.0 0 3024.0 1060000370
cell 1 6 -0.25 1.91440802 0.1 0.09817477 3383.0 3883.0 0 3024.0 1060000371
cell 1 6 -0.25 2.01258279 0.1 0.09817477 3383.0 3883.0 0 3024.0 1060000372
cell 1 6 -0.25 2.11075756 0.1 0.09817477 3383.0 3883.0 0 3024.0 1060000373
cell 1 6 -0.25 2.20893233 0.1 0.09817477 3383.0 3883.0 0 3024.0 1060000374
cell 1 6 -0.25 2.3071071 0.1 0.09817477 3383.0 3883.0 0 3024.0 1060000375
cell 1 6 -0.25 2.40528188 0.1 0.09817477 3383.0 3883.0 0 3024.0 1060000376
cell 1 6 -0.25 2.50345665 0.1 0.09817477 3383.0 3883.0 0 3024.0 1060000377
cell 1 6 -0.25 2.60163142 0.1 0.09817477 3383.0 3883.0 0 3024.0 1060000378
cell 1 6 -0.25 2.69980619 0.1 0.09817477 3383.0 3883.0 0 3024.0 1060000379
cell 1 6 -0.25 2.79798096 0.1 0.09817477 3383.0 3883.0 0 3024.0 1060000380
cell 1 6 -0.25 2.89615573 0.1 0.09817477 3383.0 3883.0 0 3024.0 1060000381
cell 1 6 -0.25 2.9943305 0.1 0.09817477 3383.0 3883.0 0 3024.0 1060000382
cell 1 6 -0.25 3.09250527 0.1 0.09817477 3383.0 3883.0 0 3024.0 1060000383
cell 1 6 -0.15 -3.09250527 0.1 0.09817477 3383.0 3883.0 0 3024.0 1060000384
cell 1 6 -0.15 -2.9943305 0.1 0.09817477 3383.0 3883.0 0 3024.0 1060000385
cell 1 6 -0.15 -2.89615573 0.1 0.09817477 3383.0 3883.0 0 3024.0 1060000386
cell 1 6 -0.15 -2.79798096 0.1 0.09817477 3383.0 3883.0 0 3024.0 1060000387
cell 1 6 -0.15 -2.69980619 0.1 0.09817477 3383.0 3883.0 0 3024.0 1060000388
cell 1 6 -0.15 -2.60163142 0.1 0.09817477 3383.0 3883.0 0 3024.0 1060000389
cell 1 6 -0.15 -2.50345665 0.1 0.09817477 3383.0 3883.0 0 3024.0 1060000390
cell 1 6 -0.15 -2.40528188 0.1 0.09817477 3383.0 3883.0 0 3024.0 1060000391
cell 1 6 -0.15 -2.3071071 0.1 0.09817477 3383.0 3883.0 0 3024.0 1060000392
cell 1 6 -0.15 -2.20893233 0.1 0.09817477 3383.0 3883.0 0 3024.0 1060000393
cell 1 6 -0.15 -2.11075756 0.1 0.09817477 3383.0 3883.0 0 3024.0 1060000394
cell 1 6 -0.15 -2.01258279 0.1 0.09817477 3383.0 3883.0 0 3024.0 1060000395
cell 1 6 -0.15 -1.91440802 0.1 0.09817477 3383.0 3883.0 0 3024.0 1060000396
cell 1 6 -0.15 -1.81623325 0.1 0.09817477 3383.0 3883.0 0 3024.0 1060000397
cell 1 6 -0.15 -1.71805848 0.1 0.09817477 3383.0 3883.0 0 3024.0 1060000398
cell 1 6 -0.15 -1.61988371 0.1 0.09817477 3383.0 3883.0 0 3024.0 1060000399
cell 1 6 -0.15 -1.52170894 0.1 0.09817477 3383.0 3883.0 0 3024.0 1060000400
cell 1 6 -0.15 -1.42353417 0.1 0.09817477 3383.0 3883.0 0 3024.0 1060000401
cell 1 6 -0.15 -1.3253594 0.1 0.09817477 3383.0 3883.0 0 3024.0 1060000402
cell 1 6 -0.15 -1.22718463 0.1 0.09817477 3383.0 3883.0 0 3024.0 1060000403
cell 1 6 -0.15 -1.12900986 0.1 0.09817477 3383.0 3883.0 0 3024.0 1060000404
cell 1 6 -0.15 -1.03083509 0.1 0.09817477 3383.0 3883.0 0 3024.0 1060000405
cell 1 6 -0.15 -0.93266032 0.1 0.09817477 3383.0 3883.0 0 3024.0 1060000406
cell 1 6 -0.15 -0.83448555 0.1 0.09817477 3383.0 3883.0 0 3024.0 1060000407
cell 1 6 -0.15 -0.73631078 0.1 0.09817477 3383.0 3883.0 0 3024.0 1060000408
cell 1 6 -0.15 -0.63813601 0.1 0.09817477 3383.0 3883.0 0 3024.0 1060000409
cell 1 6 -0.15 -0.53996124 0.1 0.09817477 3383.0 3883.0 0 3024.0 1060000410
cell 1 6 -0.15 -0.44178647 0.1 0.09817477 3383.0 3883.0 0 3024.0 1060000411
cell 1 6 -0.15 -0.3436117 0.1 0.09817477 3383.0 3883.0 0 3024.0 1060000412
cell 1 6 -0.15 -0.24543693 0.1 0.09817477 3383.0 3883.0 0 3024.0 1060000413
cell 1 6 -0.15 -0.14726216 0.1 0.09817477 3383.0 3883.0 0 3024.0 1060000414
cell 1 6 -0.15 -0.04908739 0.1 0.09817477 3383.0 3883.0 0 3024.0 1060000415
cell 1 6 -0.15 0.04908739 0.1 0.09817477 3383.0 3883.0 0 3024.0 1060000416
cell 1 6 -0.15 0.14726216 0.1 0.09817477 3383.0 3883.0 0 3024.0 1060000417
cell 1 6 -0.15 0.24543693 0.1 0.09817477 3383.0 3883.0 0 3024.0 1060000418
cell 1 6 -0.15 0.3436117 0.1 0.09817477 3383.0 3883.0 0 3024.0 1060000419
cell 1 6 -0.15 0.44178647 0.1 0.09817477 3383.0 3883.0 0 3024.0 1060000420
cell 1 6 -0.15 0.53996124 0.1 0.09817477 3383.0 3883.0 0 3024.0 1060000421
cell 1 6 -0.15 0.63813601 0.1 0.09817477 3383.0 3883.0 0 3024.0 1060000422
cell 1 6 -0.15 0.73631078 0.1 0.09817477 3383.0 3883.0 0 3024.0 1060000423
cell 1 6 -0.15 0.83448555 0.1 0.09817477 3383.0 3883.0 0 3024.0 1060000424
cell 1 6 -0.15 0.93266032 0.1 0.09817477 3383.0 3883.0 0 3024.0 1060000425
cell 1 6 -0.15 1.03083509 0.1 0.09817477 3383.0 3883.0 0 3024.0 1060000426
cell 1 6 -0.15 1.12900986 0.1 0.09817477 3383.0 3883.0 0 3024.0 1060000427
cell 1 6 -0.15 1.22718463 0.1 0.09817477 3383.0 3883.0 0 3024.0 1060000428
cell 1 6 -0.15 1.3253594 0.1 0.09817477 3383.0 3883.0 0 3024.0 1060000429
cell 1 6 -0.15 1.42353417 0.1 0.09817477 3383.0 3883.0 0 3024.0 1060000430
cell 1 6 -0.15 1.52170894 0.1 0.09817477 3383.0 3883.0 0 3024.0 1060000431
cell 1 6 -0.15 1.61988371 0.1 0.09817477 3383.0 3883.0 0 3024.0 1060000432
cell 1 6 -0.15 1.71805848 0.1 0.09817477 3383.0 3883.0 0 3024.0 1060000433
cell 1 6 -0.15 1.81623325 0.1 0.09817477 3383.0 3883.0 0 3024.0 1060000434
cell 1 6 -0.15 1.91440802 0.1 0.09817477 3383.0 3883.0 0 3024.0 1060000435
cell 1 6 -0.15 2.01258279 0.1 0.09817477 3383.0 3883.0 0 3024.0 1060000436
cell 1 6 -0.15 2.11075756 0.1 0.09817477 3383.0 3883.0 0 3024.0 1060000437
cell 1 6 -0.15 2.20893233 0.1 0.09817477 3383.0 3883.0 0 3024.0 1060000438
cell 1 6 -0.15 2.3071071 0.1 0.09817477 3383.0 3883.0 0 3024.0 1060000439
cell 1 6 -0.15 2.40528188 0.1 0.09817477 3383.0 3883.0 0 3024.0 1060000440
cell 1 6 -0.15 2.50345665 0.1 0.09817477 3383.0 3883.0 0 3024.0 1060000441
cell 1 6 -0.15 2.60163142 0.1 0.09817477 3383.0 3883.0 0 3024.0 1060000442
cell 1 6 -0.15 2.69980619 0.1 0.09817477 3383.0 3883.0 0 3024.0 1060000443
cell 1 6 -0.15 2.79798096 0.1 0.09817477 3383.0 3883.0 0 3024.0 1060000444
cell 1 6 -0.15 2.89615573 0.1 0.09817477 3383.0 3883.0 0 3024.0 1060000445
cell 1 6 -0.15 2.9943305 0.1 0.09817477 3383.0 3883.0 0 3024.0 1060000446
cell 1 6 -0.15 3.09250527 0.1 0.09817477 3383.0 3883.0 0 3024.0 1060000447
cell 1 6 -0.05 -3.09250527 0.1 0.09817477 3383.0 3883.0 0 3024.0 1060000448
cell 1 6 -0.05 -2.9943305 0.1 0.09817477 3383.0 3883.0 0 3024.0 1060000449
cell 1 6 -0.05 -2.89615573 0.1 0.09817477 3383.0 3883.0 0 3024.0 1060000450
cell 1 6 -0.05 -2.79798096 0.1 0.09817477 3383.0 3883.0 0 3024.0 1060000451
cell 1 6 -0.05 -2.69980619 0.1 0.09817477 3383.0 3883.0 0 3024.0 1060000452
cell 1 6 -0.05 -2.60163142 0.1 0.09817477 3383.0 3883.0 0 3024.0 1060000453
cell 1 6 -0.05 -2.50345665 0.1 0.09817477 3383.0 3883.0 0 3024.0 1060000454
cell 1 6 -0.05 -2.40528188 0.1 0.09817477 3383.0 3883.0 0 3024.0 1060000455
cell 1 6 -0.05 -2.3071071 0.1 0.09817477 3383.0 3883.0 0 3024.0 1060000456
cell 1 6 -0.05 -2.20893233 0.1 0.09817477 3383.0 3883.0 0 3024.0 1060000457
cell 1 6 -0.05 -2.11075756 0.1 0.09817477 3383.0 3883.0 0 3024.0 1060000458
cell 1 6 -0.05 -2.01258279 0.1 0.09817477 3383.0 3883.0 0 3024.0 1060000459
cell 1 6 -0.05 -1.91440802 0.1 0.09817477 3383.0 3883.0 0 3024.0 1060000460
cell 1 6 -0.05 -1.81623325 0.1 0.09817477 3383.0 3883.0 0 3024.0 1060000461
cell 1 6 -0.05 -1.71805848 0.1 0.09817477 3383.0 3883.0 0 3024.0 1060000462
cell 1 6 -0.05 -1.61988371 0.1 0.09817477 3383.0 3883.0 0 3024.0 1060000463
cell 1 6 -0.05 -1.52170894 0.1 0.09817477 3383.0 3883.0 0 3024.0 1060000464
cell 1 6 -0.05 -1.42353417 0.1 0.09817477 3383.0 3883.0 0 3024.0 1060000465
cell 1 6 -0.05 -1.3253594 0.1 0.09817477 3383.0 3883.0 0 3024.0 1060000466
cell 1 6 -0.05 -1.22718463 0.1 0.09817477 3383.0 3883.0 0 3024.0 1060000467
cell 1 6 -0.05 -1.12900986 0.1 0.09817477 3383.0 3883.0 0 3024.0 1060000468
cell 1 6 -0.05 -1.03083509 0.1 0.09817477 3383.0 3883.0 0 3024.0 1060000469
cell 1 6 -0.05 -0.93266032 0.1 0.09817477 3383.0 3883.0 0 3024.0 1060000470
cell 1 6 -0.05 -0.83448555 0.1 0.09817477 3383.0 3883.0 0 3024.0 1060000471
cell 1 6 -0.05 -0.73631078 0.1 0.09817477 3383.0 3883.0 0 3024.0 1060000472
cell 1 6 -0.05 -0.63813601 0.1 0.09817477 3383.0 3883.0 0 3024.0 1060000473
cell 1 6 -0.05 -0.53996124 0.1 0.09817477 3383.0 3883.0 0 3024.0 1060000474
cell 1 6 -0.05 -0.44178647 0.1 0.09817477 3383.0 3883.0 0 3024.0 1060000475
cell 1 6 -0.05 -0.3436117 0.1 0.09817477 3383.0 3883.0 0 3024.0 1060000476
cell 1 6 -0.05 -0.24543693 0.1 0.09817477 3383.0 3883.0 0 3024.0 1060000477
cell 1 6 -0.05 -0.14726216 0.1 0.09817477 3383.0 3883.0 0 3024.0 1060000478
cell 1 6 -0.05 -0.04908739 0.1 0.09817477 3383.0 3883.0 0 3024.0 1060000479
cell 1 6 -0.05 0.04908739 0.1 0.09817477 3383.0 3883.0 0 3024.0 1060000480
cell 1 6 -0.05 0.14726216 0.1 0.09817477 3383.0 3883.0 0 3024.0 1060000481
cell 1 6 -0.05 0.24543693 0.1 0.09817477 3383.0 3883.0 0 3024.0 1060000482
cell 1 6 -0.05 0.3436117 0.1 0.09817477 3383.0 3883.0 0 3024.0 1060000483
cell 1 6 -0.05 0.44178647 0.1 0.09817477 3383.0 3883.0 0 3024.0 1060000484
cell 1 6 -0.05 0.53996124 0.1 0.09817477 3383.0 3883.0 0 3024.0 1060000485
cell 1 6 -0.05 0.63813601 0.1 0.09817477 3383.0 3883.0 0 3024.0 1060000486
cell 1 6 -0.05 0.73631078 0.1 0.09817477 3383.0 3883.0 0 3024.0 1060000487
cell 1 6 -0.05 0.83448555 0.1 0.09817477 3383.0 3883.0 0 3024.0 1060000488
cell 1 6 -0.05 0.93266032 0.1 0.09817477 3383.0 3883.0 0 3024.0 1060000489
cell 1 6 -0.05 1.03083509 0.1 0.09817477 3383.0 3883.0 0 3024.0 1060000490
cell 1 6 -0.05 1.12900986 0.1 0.09817477 3383.0 3883.0 0 3024.0 1060000491
cell 1 6 -0.05 1.22718463 0.1 0.09817477 3383.0 3883.0 0 3024.0 1060000492
cell 1 6 -0.05 1.3253594 0.1 0.09817477 3383.0 3883.0 0 3024.0 1060000493
cell 1 6 -0.05 1.42353417 0.1 0.09817477 3383.0 3883.0 0 3024.0 1060000494
cell 1 6 -0.05 1.52170894 0.1 0.09817477 3383.0 3883.0 0 3024.0 1060000495
cell 1 6 -0.05 1.61988371 0.1 0.09817477 3383.0 3883.0 0 3024.0 1060000496
cell 1 6 -0.05 1.71805848 0.1 0.09817477 3383.0 3883.0 0 3024.0 1060000497
cell 1 6 -0.05 1.81623325 0.1 0.09817477 3383.0 3883.0 0 3024.0 1060000498
cell 1 6 -0.05 1.91440802 0.1 0.09817477 3383.0 3883.0 0 3024.0 1060000499
cell 1 6 -0.05 2.01258279 0.1 0.09817477 3383.0 3883.0 0 3024.0 1060000500
cell 1 6 -0.05 2.11075756 0.1 0.09817477 3383.0 3883.0 0 3024.0 1060000501
cell 1 6 -0.05 2.20893233 0.1 0.09817477 3383.0 3883.0 0 3024.0 1060000502
cell 1 6 -0.05 2.3071071 0.1 0.09817477 3383.0 3883.0 0 3024.0 1060000503
cell 1 6 -0.05 2.40528188 0.1 0.09817477 3383.0 3883.0 0 3024.0 1060000504
cell 1 6 -0.05 2.50345665 0.1 0.09817477 3383.0 3883.0 0 3024.0 1060000505
cell 1 6 -0.05 2.60163142 0.1 0.09817477 3383.0 3883.0 0 3024.0 1060000506
cell 1 6 -0.05 2.69980619 0.1 0.09817477 3383.0 3883.0 0 3024.0 1060000507
cell 1 6 -0.05 2.79798096 0.1 0.09817477 3383.0 3883.0 0 3024.0 1060000508
cell 1 6 -0.05 2.89615573 0.1 0.09817477 3383.0 3883.0 0 3024.0 1060000509
cell 1 6 -0.05 2.9943305 0.1 0.09817477 3383.0 3883.0 0 3024.0 1060000510
cell 1 6 -0.05 3.09250527 0.1 0.09817477 3383.0 3883.0 0 3024.0 1060000511
cell 1 6 0.05 -3.09250527 0.1 0.09817477 3383.0 3883.0 0 3024.0 1060000512
cell 1 6 0.05 -2.9943305 0.1 0.09817477 3383.0 3883.0 0 3024.0 1060000513
cell 1 6 0.05 -2.89615573 0.1 0.09817477 3383.0 3883.0 0 3024.0 1060000514
cell 1 6 0.05 -2.79798096 0.1 0.09817477 3383.0 3883.0 0 3024.0 1060000515
cell 1 6 0.05 -2.69980619 0.1 0.09817477 3383.0 3883.0 0 3024.0 1060000516
cell 1 6 0.05 -2.60163142 0.1 0.09817477 3383.0 3883.0 0 3024.0 1060000517
cell 1 6 0.05 -2.50345665 0.1 0.09817477 3383.0 3883.0 0 3024.0 1060000518
cell 1 6 0.05 -2.40528188 0.1 0.09817477 3383.0 3883.0 0 3024.0 1060000519
cell 1 6 0.05 -2.3071071 0.1 0.09817477 3383.0 3883.0 0 3024.0 1060000520
cell 1 6 0.05 -2.20893233 0.1 0.09817477 3383.0 3883.0 0 3024.0 1060000521
cell 1 6 0.05 -2.11075756 0.1 0.09817477 3383.0 3883.0 0 3024.0 1060000522
cell 1 6 0.05 -2.01258279 0.1 0.09817477 3383.0 3883.0 0 3024.0 1060000523
cell 1 6 0.05 -1.91440802 0.1 0.09817477 3383.0 3883.0 0 3024.0 1060000524
cell 1 6 0.05 -1.81623325 0.1 0.09817477 3383.0 3883.0 0 3024.0 1060000525
cell 1 6 0.05 -1.71805848 0.1 0.09817477 3383.0 3883.0 0 3024.0 1060000526
cell 1 6 0.05 -1.61988371 0.1 0.09817477 3383.0 3883.0 0 3024.0 1060000527
cell 1 6 0.05 -1.52170894 0.1 0.09817477 3383.0 3883.0 0 3024.0 1060000528
cell 1 6 0.05 -1.42353417 0.1 0.09817477 3383.0 3883.0 0 3024.0 1060000529
cell 1 6 0.05 -1.3253594 0.1 0.09817477 3383.0 3883.0 0 3024.0 1060000530
cell 1 6 0.05 -1.22718463 0.1 0.09817477 3383.0 3883.0 0 3024.0 1060000531
cell 1 6 0.05 -1.12900986 0.1 0.09817477 3383.0 3883.0 0 3024.0 1060000532
cell 1 6 0.05 -1.03083509 0.1 0.09817477 3383.0 3883.0 0 3024.0 1060000533
cell 1 6 0.05 -0.93266032 0.1 0.09817477 3383.0 3883.0 0 3024.0 1060000534
cell 1 6 0.05 -0.83448555 0.1 0.09817477 3383.0 3883.0 0 3024.0 1060000535
cell 1 6 0.05 -0.73631078 0.1 0.09817477 3383.0 3883.0 0 3024.0 1060000536
cell 1 6 0.05 -0.63813601 0.1 0.09817477 3383.0 3883.0 0 3024.0 1060000537
cell 1 6 0.05 -0.53996124 0.1 0.09817477 3383.0 3883.0 0 3024.0 1060000538
cell 1 6 0.05 -0.44178647 0.1 0.09817477 3383.0 3883.0 0 3024.0 1060000539
cell 1 6 0.05 -0.3436117 0.1 0.09817477 3383.0 3883.0 0 3024.0 1060000540
cell 1 6 0.05 -0.24543693 0.1 0.09817477 3383.0 3883.0 0 3024.0 1060000541
cell 1 6 0.05 -0.14726216 0.1 0.09817477 3383.0 3883.0 0 3024.0 1060000542
cell 1 6 0.05 -0.04908739 0.1 0.09817477 3383.0 3883.0 0 3024.0 1060000543
cell 1 6 0.05 0.04908739 0.1 0.09817477 3383.0 3883.0 0 3024.0 1060000544
cell 1 6 0.05 0.14726216 0.1 0.09817477 3383.0 3883.0 0 3024.0 1060000545
cell 1 6 0.05 0.24543693 0.1 0.09817477 3383.0 3883.0 0 3024.0 1060000546
cell 1 6 0.05 0.3436117 0.1 0.09817477 3383.0 3883.0 0 3024.0 1060000547
cell 1 6 0.05 0.44178647 0.1 0.09817477 3383.0 3883.0 0 3024.0 1060000548
cell 1 6 0.05 0.53996124 0.1 0.09817477 3383.0 3883.0 0 3024.0 1060000549
cell 1 6 0.05 0.63813601 0.1 0.09817477 3383.0 3883.0 0 3024.0 1060000550
cell 1 6 0.05 0.73631078 0.1 0.09817477 3383.0 3883.0 0 3024.0 1060000551
cell 1 6 0.05 0.83448555 0.1 0.09817477 3383.0 3883.0 0 3024.0 1060000552
cell 1 6 0.05 0.93266032 0.1 0.09817477 3383.0 3883.0 0 3024.0 1060000553
cell 1 6 0.05 1.03083509 0.1 0.09817477 3383.0 3883.0 0 3024.0 1060000554
cell 1 6 0.05 1.12900986 0.1 0.09817477 3383.0 3883.0 0 3024.0 1060000555
cell 1 6 0.05 1.22718463 0.1 0.09817477 3383.0 3883.0 0 3024.0 1060000556
cell 1 6 0.05 1.3253594 0.1 0.09817477 3383.0 3883.0 0 3024.0 1060000557
cell 1 6 0.05 1.42353417 0.1 0.09817477 3383.0 3883.0 0 3024.0 1060000558
cell 1 6 0.05 1.52170894 0.1 0.09817477 3383.0 3883.0 0 3024.0 1060000559
cell 1 6 0.05 1.61988371 0.1 0.09817477 3383.0 3883.0 0 3024.0 1060000560
cell 1 6 0.05 1.71805848 0.1 0.09817477 3383.0 3883.0 0 3024.0 1060000561
cell 1 6 0.05 1.81623325 0.1 0.09817477 3383.0 3883.0 0 3024.0 1060000562
cell 1 6 0.05 1.91440802 0.1 0.09817477 3383.0 3883.0 0 3024.0 1060000563
cell 1 6 0.05 2.01258279 0.1 0.09817477 3383.0 3883.0 0 3024.0 1060000564
cell 1 6 0.05 2.11075756 0.1 0.09817477 3383.0 3883.0 0 3024.0 1060000565
cell 1 6 0.05 2.20893233 0.1 0.09817477 3383.0 3883.0 0 3024.0 1060000566
cell 1 6 0.05 2.3071071 0.1 0.09817477 3383.0 3883.0 0 3024.0 1060000567
cell 1 6 0.05 2.40528188 0.1 0.09817477 3383.0 3883.0 0 3024.0 1060000568
cell 1 6 0.05 2.50345665 0.1 0.09817477 3383.0 3883.0 0 3024.0 1060000569
cell 1 6 0.05 2.60163142 0.1 0.09817477 3383.0 3883.0 0 3024.0 1060000570
cell 1 6 0.05 2.69980619 0.1 0.09817477 3383.0 3883.0 0 3024.0 1060000571
cell 1 6 0.05 2.79798096 0.1 0.09817477 3383.0 3883.0 0 3024.0 1060000572
cell 1 6 0.05 2.89615573 0.1 0.09817477 3383.0 3883.0 0 3024.0 1060000573
cell 1 6 0.05 2.9943305 0.1 0.09817477 3383.0 3883.0 0 3024.0 1060000574
cell 1 6 0.05 3.09250527 0.1 0.09817477 3383.0 3883.0 0 3024.0 1060000575
cell 1 6 0.15 -3.09250527 0.1 0.09817477 3383.0 3883.0 0 3024.0 1060000576
cell 1 6 0.15 -2.9943305 0.1 0.09817477 3383.0 3883.0 0 3024.0 1060000577
cell 1 6 0.15 -2.89615573 0.1 0.09817477 3383.0 3883.0 0 3024.0 1060000578
cell 1 6 0.15 -2.79798096 0.1 0.09817477 3383.0 3883.0 0 3024.0 1060000579
cell 1 6 0.15 -2.69980619 0.1 0.09817477 3383.0 3883.0 0 3024.0 1060000580
cell 1 6 0.15 -2.60163142 0.1 0.09817477 3383.0 3883.0 0 3024.0 1060000581
cell 1 6 0.15 -2.50345665 0.1 0.09817477 3383.0 3883.0 0 3024.0 1060000582
cell 1 6 0.15 -2.40528188 0.1 0.09817477 3383.0 3883.0 0 3024.0 1060000583
cell 1 6 0.15 -2.3071071 0.1 0.09817477 3383.0 3883.0 0 3024.0 1060000584
cell 1 6 0.15 -2.20893233 0.1 0.09817477 3383.0 3883.0 0 3024.0 1060000585
cell 1 6 0.15 -2.11075756 0.1 0.09817477 3383.0 3883.0 0 3024.0 1060000586
cell 1 6 0.15 -2.01258279 0.1 0.09817477 3383.0 3883.0 0 3024.0 1060000587
cell 1 6 0.15 -1.91440802 0.1 0.09817477 3383.0 3883.0 0 3024.0 1060000588
cell 1 6 0.15 -1.81623325 0.1 0.09817477 3383.0 3883.0 0 3024.0 1060000589
cell 1 6 0.15 -1.71805848 0.1 0.09817477 3383.0 3883.0 0 3024.0 1060000590
cell 1 6 0.15 -1.61988371 0.1 0.09817477 3383.0 3883.0 0 3024.0 1060000591
cell 1 6 0.15 -1.52170894 0.1 0.09817477 3383.0 3883.0 0 3024.0 1060000592
cell 1 6 0.15 -1.42353417 0.1 0.09817477 3383.0 3883.0 0 3024.0 1060000593
cell 1 6 0.15 -1.3253594 0.1 0.09817477 3383.0 3883.0 0 3024.0 1060000594
cell 1 6 0.15 -1.22718463 0.1 0.09817477 3383.0 3883.0 0 3024.0 1060000595
cell 1 6 0.15 -1.12900986 0.1 0.09817477 3383.0 3883.0 0 3024.0 1060000596
cell 1 6 0.15 -1.03083509 0.1 0.09817477 3383.0 3883.0 0 3024.0 1060000597
cell 1 6 0.15 -0.93266032 0.1 0.09817477 3383.0 3883.0 0 3024.0 1060000598
cell 1 6 0.15 -0.83448555 0.1 0.09817477 3383.0 3883.0 0 3024.0 1060000599
cell 1 6 0.15 -0.73631078 0.1 0.09817477 3383.0 3883.0 0 3024.0 1060000600
cell 1 6 0.15 -0.63813601 0.1 0.09817477 3383.0 3883.0 0 3024.0 1060000601
cell 1 6 0.15 -0.53996124 0.1 0.09817477 3383.0 3883.0 0 3024.0 1060000602
cell 1 6 0.15 -0.44178647 0.1 0.09817477 3383.0 3883.0 0 3024.0 1060000603
cell 1 6 0.15 -0.3436117 0.1 0.09817477 3383.0 3883.0 0 3024.0 1060000604
cell 1 6 0.15 -0.24543693 0.1 0.09817477 3383.0 3883.0 0 3024.0 1060000605
cell 1 6 0.15 -0.14726216 0.1 0.09817477 3383.0 3883.0 0 3024.0 1060000606
cell 1 6 0.15 -0.04908739 0.1 0.09817477 3383.0 3883.0 0 3024.0 1060000607
cell 1 6 0.15 0.04908739 0.1 0.09817477 3383.0 3883.0 0 3024.0 1060000608
cell 1 6 0.15 0.14726216 0.1 0.09817477 3383.0 3883.0 0 3024.0 1060000609
cell 1 6 0.15 0.24543693 0.1 0.09817477 3383.0 3883.0 0 3024.0 1060000610
cell 1 6 0.15 0.3436117 0.1 0.09817477 3383.0 3883.0 0 3024.0 1060000611
cell 1 6 0.15 0.44178647 0.1 0.09817477 3383.0 3883.0 0 3024.0 1060000612
cell 1 6 0.15 0.53996124 0.1 0.09817477 3383.0 3883.0 0 3024.0 1060000613
cell 1 6 0.15 0.63813601 0.1 0.09817477 3383.0 3883.0 0 3024.0 1060000614
cell 1 6 0.15 0.73631078 0.1 0.09817477 3383.0 3883.0 0 3024.0 1060000615
cell 1 6 0.15 0.83448555 0.1 0.09817477 3383.0 3883.0 0 3024.0 1060000616
cell 1 6 0.15 0.93266032 0.1 0.09817477 3383.0 3883.0 0 3024.0 1060000617
cell 1 6 0.15 1.03083509 0.1 0.09817477 3383.0 3883.0 0 3024.0 1060000618
cell 1 6 0.15 1.12900986 0.1 0.09817477 3383.0 3883.0 0 3024.0 1060000619
cell 1 6 0.15 1.22718463 0.1 0.09817477 3383.0 3883.0 0 3024.0 1060000620
cell 1 6 0.15 1.3253594 0.1 0.09817477 3383.0 3883.0 0 3024.0 1060000621
cell 1 6 0.15 1.42353417 0.1 0.09817477 3383.0 3883.0 0 3024.0 1060000622
cell 1 6 0.15 1.52170894 0.1 0.09817477 3383.0 3883.0 0 3024.0 1060000623
cell 1 6 0.15 1.61988371 0.1 0.09817477 3383.0 3883.0 0 3024.0 1060000624
cell 1 6 0.15 1.71805848 0.1 0.09817477 3383.0 3883.0 0 3024.0 1060000625
cell 1 6 0.15 1.81623325 0.1 0.09817477 3383.0 3883.0 0 3024.0 1060000626
cell 1 6 0.15 1.91440802 0.1 0.09817477 3383.0 3883.0 0 3024.0 1060000627
cell 1 6 0.15 2.01258279 0.1 0.09817477 3383.0 3883.0 0 3024.0 1060000628
cell 1 6 0.15 2.11075756 0.1 0.09817477 3383.0 3883.0 0 3024.0 1060000629
cell 1 6 0.15 2.20893233 0.1 0.09817477 3383.0 3883.0 0 3024.0 1060000630
cell 1 6 0.15 2.3071071 0.1 0.09817477 3383.0 3883.0 0 3024.0 1060000631
cell 1 6 0.15 2.40528188 0.1 0.09817477 3383.0 3883.0 0 3024.0 1060000632
cell 1 6 0.15 2.50345665 0.1 0.09817477 3383.0 3883.0 0 3024.0 1060000633
cell 1 6 0.15 2.60163142 0.1 0.09817477 3383.0 3883.0 0 3024.0 1060000634
cell 1 6 0.15 2.69980619 0.1 0.09817477 3383.0 3883.0 0 3024.0 1060000635
cell 1 6 0.15 2.79798096 0.1 0.09817477 3383.0 3883.0 0 3024.0 1060000636
cell 1 6 0.15 2.89615573 0.1 0.09817477 3383.0 3883.0 0 3024.0 1060000637
cell 1 6 0.15 2.9943305 0.1 0.09817477 3383.0 3883.0 0 3024.0 1060000638
cell 1 6 0.15 3.09250527 0.1 0.09817477 3383.0 3883.0 0 3024.0 1060000639
cell 1 6 0.25 -3.09250527 0.1 0.09817477 3383.0 3883.0 0 3024.0 1060000640
cell 1 6 0.25 -2.9943305 0.1 0.09817477 3383.0 3883.0 0 3024.0 1060000641
cell 1 6 0.25 -2.89615573 0.1 0.09817477 3383.0 3883.0 0 3024.0 1060000642
cell 1 6 0.25 -2.79798096 0.1 0.09817477 3383.0 3883.0 0 3024.0 1060000643
cell 1 6 0.25 -2.69980619 0.1 0.09817477 3383.0 3883.0 0 3024.0 1060000644
cell 1 6 0.25 -2.60163142 0.1 0.09817477 3383.0 3883.0 0 3024.0 1060000645
cell 1 6 0.25 -2.50345665 0.1 0.09817477 3383.0 3883.0 0 3024.0 1060000646
cell 1 6 0.25 -2.40528188 0.1 0.09817477 3383.0 3883.0 0 3024.0 1060000647
cell 1 6 0.25 -2.3071071 0.1 0.09817477 3383.0 3883.0 0 3024.0 1060000648
cell 1 6 0.25 -2.20893233 0.1 0.09817477 3383.0 3883.0 0 3024.0 1060000649
cell 1 6 0.25 -2.11075756 0.1 0.09817477 3383.0 3883.0 0 3024.0 1060000650
cell 1 6 0.25 -2.01258279 0.1 0.09817477 3383.0 3883.0 0 3024.0 1060000651
cell 1 6 0.25 -1.91440802 0.1 0.09817477 3383.0 3883.0 0 3024.0 1060000652
cell 1 6 0.25 -1.81623325 0.1 0.09817477 3383.0 3883.0 0 3024.0 1060000653
cell 1 6 0.25 -1.71805848 0.1 0.09817477 3383.0 3883.0 0 3024.0 1060000654
cell 1 6 0.25 -1.61988371 0.1 0.09817477 3383.0 3883.0 0 3024.0 1060000655
cell 1 6 0.25 -1.52170894 0.1 0.09817477 3383.0 3883.0 0 3024.0 1060000656
cell 1 6 0.25 -1.42353417 0.1 0.09817477 3383.0 3883.0 0 3024.0 1060000657
cell 1 6 0.25 -1.3253594 0.1 0.09817477 3383.0 3883.0 0 3024.0 1060000658
cell 1 6 0.25 -1.22718463 0.1 0.09817477 3383.0 3883.0 0 3024.0 1060000659
cell 1 6 0.25 -1.12900986 0.1 0.09817477 3383.0 3883.0 0 3024.0 1060000660
cell 1 6 0.25 -1.03083509 0.1 0.09817477 3383.0 3883.0 0 3024.0 1060000661
cell 1 6 0.25 -0.93266032 0.1 0.09817477 3383.0 3883.0 0 3024.0 1060000662
cell 1 6 0.25 -0.83448555 0.1 0.09817477 3383.0 3883.0 0 3024.0 1060000663
cell 1 6 0.25 -0.73631078 0.1 0.09817477 3383.0 3883.0 0 3024.0 1060000664
cell 1 6 0.25 -0.63813601 0.1 0.09817477 3383.0 3883.0 0 3024.0 1060000665
cell 1 6 0.25 -0.53996124 0.1 0.09817477 3383.0 3883.0 0 3024.0 1060000666
cell 1 6 0.25 -0.44178647 0.1 0.09817477 3383.0 3883.0 0 3024.0 1060000667
cell 1 6 0.25 -0.3436117 0.1 0.09817477 3383.0 3883.0 0 3024.0 1060000668
cell 1 6 0.25 -0.24543693 0.1 0.09817477 3383.0 3883.0 0 3024.0 1060000669
cell 1 6 0.25 -0.14726216 0.1 0.09817477 3383.0 3883.0 0 3024.0 1060000670
cell 1 6 0.25 -0.04908739 0.1 0.09817477 3383.0 3883.0 0 3024.0 1060000671
cell 1 6 0.25 0.04908739 0.1 0.09817477 3383.0 3883.0 0 3024.0 1060000672
cell 1 6 0.25 0.14726216 0.1 0.09817477 3383.0 3883.0 0 3024.0 1060000673
cell 1 6 0.25 0.24543693 0.1 0.09817477 3383.0 3883.0 0 3024.0 1060000674
cell 1 6 0.25 0.3436117 0.1 0.09817477 3383.0 3883.0 0 3024.0 1060000675
cell 1 6 0.25 0.44178647 0.1 0.09817477 3383.0 3883.0 0 3024.0 1060000676
cell 1 6 0.25 0.53996124 0.1 0.09817477 3383.0 3883.0 0 3024.0 1060000677
cell 1 6 0.25 0.63813601 0.1 0.09817477 3383.0 3883.0 0 3024.0 1060000678
cell 1 6 0.25 0.73631078 0.1 0.09817477 3383.0 3883.0 0 3024.0 1060000679
cell 1 6 0.25 0.83448555 0.1 0.09817477 3383.0 3883.0 0 3024.0 1060000680
cell 1 6 0.25 0.93266032 0.1 0.09817477 3383.0 3883.0 0 3024.0 1060000681
cell 1 6 0.25 1.03083509 0.1 0.09817477 3383.0 3883.0 0 3024.0 1060000682
cell 1 6 0.25 1.12900986 0.1 0.09817477 3383.0 3883.0 0 3024.0 1060000683
cell 1 6 0.25 1.22718463 0.1 0.09817477 3383.0 3883.0 0 3024.0 1060000684
cell 1 6 0.25 1.3253594 0.1 0.09817477 3383.0 3883.0 0 3024.0 1060000685
cell 1 6 0.25 1.42353417 0.1 0.09817477 3383.0 3883.0 0 3024.0 1060000686
cell 1 6 0.25 1.52170894 0.1 0.09817477 3383.0 3883.0 0 3024.0 1060000687
cell 1 6 0.25 1.61988371 0.1 0.09817477 3383.0 3883.0 0 3024.0 1060000688
cell 1 6 0.25 1.71805848 0.1 0.09817477 3383.0 3883.0 0 3024.0 1060000689
cell 1 6 0.25 1.81623325 0.1 0.09817477 3383.0 3883.0 0 3024.0 1060000690
cell 1 6 0.25 1.91440802 0.1 0.09817477 3383.0 3883.0 0 3024.0 1060000691
cell 1 6 0.25 2.01258279 0.1 0.09817477 3383.0 3883.0 0 3024.0 1060000692
cell 1 6 0.25 2.11075756 0.1 0.09817477 3383.0 3883.0 0 3024.0 1060000693
cell 1 6 0.25 2.20893233 0.1 0.09817477 3383.0 3883.0 0 3024.0 1060000694
cell 1 6 0.25 2.3071071 0.1 0.09817477 3383.0 3883.0 0 3024.0 1060000695
cell 1 6 0.25 2.40528188 0.1 0.09817477 3383.0 3883.0 0 3024.0 1060000696
cell 1 6 0.25 2.50345665 0.1 0.09817477 3383.0 3883.0 0 3024.0 1060000697
cell 1 6 0.25 2.60163142 0.1 0.09817477 3383.0 3883.0 0 3024.0 1060000698
cell 1 6 0.25 2.69980619 0.1 0.09817477 3383.0 3883.0 0 3024.0 1060000699
cell 1 6 0.25 2.79798096 0.1 0.09817477 3383.0 3883.0 0 3024.0 1060000700
cell 1 6 0.25 2.89615573 0.1 0.09817477 3383.0 3883.0 0 3024.0 1060000701
cell 1 6 0.25 2.9943305 0.1 0.09817477 3383.0 3883.0 0 3024.0 1060000702
cell 1 6 0.25 3.09250527 0.1 0.09817477 3383.0 3883.0 0 3024.0 1060000703
cell 1 6 0.35 -3.09250527 0.1 0.09817477 3383.0 3883.0 0 3024.0 1060000704
cell 1 6 0.35 -2.9943305 0.1 0.09817477 3383.0 3883.0 0 3024.0 1060000705
cell 1 6 0.35 -2.89615573 0.1 0.09817477 3383.0 3883.0 0 3024.0 1060000706
cell 1 6 0.35 -2.79798096 0.1 0.09817477 3383.0 3883.0 0 3024.0 1060000707
cell 1 6 0.35 -2.69980619 0.1 0.09817477 3383.0 3883.0 0 3024.0 1060000708
cell 1 6 0.35 -2.60163142 0.1 0.09817477 3383.0 3883.0 0 3024.0 1060000709
cell 1 6 0.35 -2.50345665 0.1 0.09817477 3383.0 3883.0 0 3024.0 1060000710
cell 1 6 0.35 -2.40528188 0.1 0.09817477 3383.0 3883.0 0 3024.0 1060000711
cell 1 6 0.35 -2.3071071 0.1 0.09817477 3383.0 3883.0 0 3024.0 1060000712
cell 1 6 0.35 -2.20893233 0.1 0.09817477 3383.0 3883.0 0 3024.0 1060000713
cell 1 6 0.35 -2.11075756 0.1 0.09817477 3383.0 3883.0 0 3024.0 1060000714
cell 1 6 0.35 -2.01258279 0.1 0.09817477 3383.0 3883.0 0 3024.0 1060000715
cell 1 6 0.35 -1.91440802 0.1 0.09817477 3383.0 3883.0 0 3024.0 1060000716
cell 1 6 0.35 -1.81623325 0.1 0.09817477 3383.0 3883.0 0 3024.0 1060000717
cell 1 6 0.35 -1.71805848 0.1 0.09817477 3383.0 3883.0 0 3024.0 1060000718
cell 1 6 0.35 -1.61988371 0.1 0.09817477 3383.0 3883.0 0 3024.0 1060000719
cell 1 6 0.35 -1.52170894 0.1 0.09817477 3383.0 3883.0 0 3024.0 1060000720
cell 1 6 0.35 -1.42353417 0.1 0.09817477 3383.0 3883.0 0 3024.0 1060000721
cell 1 6 0.35 -1.3253594 0.1 0.09817477 3383.0 3883.0 0 3024.0 1060000722
cell 1 6 0.35 -1.22718463 0.1 0.09817477 3383.0 3883.0 0 3024.0 1060000723
cell 1 6 0.35 -1.12900986 0.1 0.09817477 3383.0 3883.0 0 3024.0 1060000724
cell 1 6 0.35 -1.03083509 0.1 0.09817477 3383.0 3883.0 0 3024.0 1060000725
cell 1 6 0.35 -0.93266032 0.1 0.09817477 3383.0 3883.0 0 3024.0 1060000726
cell 1 6 0.35 -0.83448555 0.1 0.09817477 3383.0 3883.0 0 3024.0 1060000727
cell 1 6 0.35 -0.73631078 0.1 0.09817477 3383.0 3883.0 0 3024.0 1060000728
cell 1 6 0.35 -0.63813601 0.1 0.09817477 3383.0 3883.0 0 3024.0 1060000729
cell 1 6 0.35 -0.53996124 0.1 0.09817477 3383.0 3883.0 0 3024.0 1060000730
cell 1 6 0.35 -0.44178647 0.1 0.09817477 3383.0 3883.0 0 3024.0 1060000731
cell 1 6 0.35 -0.3436117 0.1 0.09817477 3383.0 3883.0 0 3024.0 1060000732
cell 1 6 0.35 -0.24543693 0.1 0.09817477 3383.0 3883.0 0 3024.0 1060000733
cell 1 6 0.35 -0.14726216 0.1 0.09817477 3383.0 3883.0 0 3024.0 1060000734
cell 1 6 0.35 -0.04908739 0.1 0.09817477 3383.0 3883.0 0 3024.0 1060000735
cell 1 6 0.35 0.04908739 0.1 0.09817477 3383.0 3883.0 0 3024.0 1060000736
cell 1 6 0.35 0.14726216 0.1 0.09817477 3383.0 3883.0 0 3024.0 1060000737
cell 1 6 0.35 0.24543693 0.1 0.09817477 3383.0 3883.0 0 3024.0 1060000738
cell 1 6 0.35 0.3436117 0.1 0.09817477 3383.0 3883.0 0 3024.0 1060000739
cell 1 6 0.35 0.44178647 0.1 0.09817477 3383.0 3883.0 0 3024.0 1060000740
cell 1 6 0.35 0.53996124 0.1 0.09817477 3383.0 3883.0 0 3024.0 1060000741
cell 1 6 0.35 0.63813601 0.1 0.09817477 3383.0 3883.0 0 3024.0 1060000742
cell 1 6 0.35 0.73631078 0.1 0.09817477 3383.0 3883.0 0 3024.0 1060000743
cell 1 6 0.35 0.83448555 0.1 0.09817477 3383.0 3883.0 0 3024.0 1060000744
cell 1 6 0.35 0.93266032 0.1 0.09817477 3383.0 3883.0 0 3024.0 1060000745
cell 1 6 0.35 1.03083509 0.1 0.09817477 3383.0 3883.0 0 3024.0 1060000746
cell 1 6 0.35 1.12900986 0.1 0.09817477 3383.0 3883.0 0 3024.0 1060000747
cell 1 6 0.35 1.22718463 0.1 0.09817477 3383.0 3883.0 0 3024.0 1060000748
cell 1 6 0.35 1.3253594 0.1 0.09817477 3383.0 3883.0 0 3024.0 1060000749
cell 1 6 0.35 1.42353417 0.1 0.09817477 3383.0 3883.0 0 3024.0 1060000750
cell 1 6 0.35 1.52170894 0.1 0.09817477 3383.0 3883.0 0 3024.0 1060000751
cell 1 6 0.35 1.61988371 0.1 0.09817477 3383.0 3883.0 0 3024.0 1060000752
cell 1 6 0.35 1.71805848 0.1 0.09817477 3383.0 3883.0 0 3024.0 1060000753
cell 1 6 0.35 1.81623325 0.1 0.09817477 3383.0 3883.0 0 3024.0 1060000754
cell 1 6 0.35 1.91440802 0.1 0.09817477 3383.0 3883.0 0 3024.0 1060000755
cell 1 6 0.35 2.01258279 0.1 0.09817477 3383.0 3883.0 0 3024.0 1060000756
cell 1 6 0.35 2.11075756 0.1 0.09817477 3383.0 3883.0 0 3024.0 1060000757
cell 1 6 0.35 2.20893233 0.1 0.09817477 3383.0 3883.0 0 3024.0 1060000758
cell 1 6 0.35 2.3071071 0.1 0.09817477 3383.0 3883.0 0 3024.0 1060000759
cell 1 6 0.35 2.40528188 0.1 0.09817477 3383.0 3883.0 0 3024.0 1060000760
cell 1 6 0.35 2.50345665 0.1 0.09817477 3383.0 3883.0 0 3024.0 1060000761
cell 1 6 0.35 2.60163142 0.1 0.09817477 3383.0 3883.0 0 3024.0 1060000762
cell 1 6 0.35 2.69980619 0.1 0.09817477 3383.0 3883.0 0 3024.0 1060000763
cell 1 6 0.35 2.79798096 0.1 0.09817477 3383.0 3883.0 0 3024.0 1060000764
cell 1 6 0.35 2.89615573 0.1 0.09817477 3383.0 3883.0 0 3024.0 1060000765
cell 1 6 0.35 2.9943305 0.1 0.09817477 3383.0 3883.0 0 3024.0 1060000766
cell 1 6 0.35 3.09250527 0.1 0.09817477 3383.0 3883.0 0 3024.0 1060000767
cell 1 6 0.45 -3.09250527 0.1 0.09817477 3383.0 3883.0 0 3024.0 1060000768
cell 1 6 0.45 -2.9943305 0.1 0.09817477 3383.0 3883.0 0 3024.0 1060000769
cell 1 6 0.45 -2.89615573 0.1 0.09817477 3383.0 3883.0 0 3024.0 1060000770
cell 1 6 0.45 -2.79798096 0.1 0.09817477 3383.0 3883.0 0 3024.0 1060000771
cell 1 6 0.45 -2.69980619 0.1 0.09817477 3383.0 3883.0 0 3024.0 1060000772
cell 1 6 0.45 -2.60163142 0.1 0.09817477 3383.0 3883.0 0 3024.0 1060000773
cell 1 6 0.45 -2.50345665 0.1 0.09817477 3383.0 3883.0 0 3024.0 1060000774
cell 1 6 0.45 -2.40528188 0.1 0.09817477 3383.0 3883.0 0 3024.0 1060000775
cell 1 6 0.45 -2.3071071 0.1 0.09817477 3383.0 3883.0 0 3024.0 1060000776
cell 1 6 0.45 -2.20893233 0.1 0.09817477 3383.0 3883.0 0 3024.0 1060000777
cell 1 6 0.45 -2.11075756 0.1 0.09817477 3383.0 3883.0 0 3024.0 1060000778
cell 1 6 0.45 -2.01258279 0.1 0.09817477 3383.0 3883.0 0 3024.0 1060000779
cell 1 6 0.45 -1.91440802 0.1 0.09817477 3383.0 3883.0 0 3024.0 1060000780
cell 1 6 0.45 -1.81623325 0.1 0.09817477 3383.0 3883.0 0 3024.0 1060000781
cell 1 6 0.45 -1.71805848 0.1 0.09817477 3383.0 3883.0 0 3024.0 1060000782
cell 1 6 0.45 -1.61988371 0.1 0.09817477 3383.0 3883.0 0 3024.0 1060000783
cell 1 6 0.45 -1.52170894 0.1 0.09817477 3383.0 3883.0 0 3024.0 1060000784
cell 1 6 0.45 -1.42353417 0.1 0.09817477 3383.0 3883.0 0 3024.0 1060000785
cell 1 6 0.45 -1.3253594 0.1 0.09817477 3383.0 3883.0 0 3024.0 1060000786
cell 1 6 0.45 -1.22718463 0.1 0.09817477 3383.0 3883.0 0 3024.0 1060000787
cell 1 6 0.45 -1.12900986 0.1 0.09817477 3383.0 3883.0 0 3024.0 1060000788
cell 1 6 0.45 -1.03083509 0.1 0.09817477 3383.0 3883.0 0 3024.0 1060000789
cell 1 6 0.45 -0.93266032 0.1 0.09817477 3383.0 3883.0 0 3024.0 1060000790
cell 1 6 0.45 -0.83448555 0.1 0.09817477 3383.0 3883.0 0 3024.0 1060000791
cell 1 6 0.45 -0.73631078 0.1 0.09817477 3383.0 3883.0 0 3024.0 1060000792
cell 1 6 0.45 -0.63813601 0.1 0.09817477 3383.0 3883.0 0 3024.0 1060000793
cell 1 6 0.45 -0.53996124 0.1 0.09817477 3383.0 3883.0 0 3024.0 1060000794
cell 1 6 0.45 -0.44178647 0.1 0.09817477 3383.0 3883.0 0 3024.0 1060000795
cell 1 6 0.45 -0.3436117 0.1 0.09817477 3383.0 3883.0 0 3024.0 1060000796
cell 1 6 0.45 -0.24543693 0.1 0.09817477 3383.0 3883.0 0 3024.0 1060000797
cell 1 6 0.45 -0.14726216 0.1 0.09817477 3383.0 3883.0 0 3024.0 1060000798
cell 1 6 0.45 -0.04908739 0.1 0.09817477 3383.0 3883.0 0 3024.0 1060000799
cell 1 6 0.45 0.04908739 0.1 0.09817477 3383.0 3883.0 0 3024.0 1060000800
cell 1 6 0.45 0.14726216 0.1 0.09817477 3383.0 3883.0 0 3024.0 1060000801
cell 1 6 0.45 0.24543693 0.1 0.09817477 3383.0 3883.0 0 3024.0 1060000802
cell 1 6 0.45 0.3436117 0.1 0.09817477 3383.0 3883.0 0 3024.0 1060000803
cell 1 6 0.45 0.44178647 0.1 0.09817477 3383.0 3883.0 0 3024.0 1060000804
cell 1 6 0.45 0.53996124 0.1 0.09817477 3383.0 3883.0 0 3024.0 1060000805
cell 1 6 0.45 0.63813601 0.1 0.09817477 3383.0 3883.0 0 3024.0 1060000806
cell 1 6 0.45 0.73631078 0.1 0.09817477 3383.0 3883.0 0 3024.0 1060000807
cell 1 6 0.45 0.83448555 0.1 0.09817477 3383.0 3883.0 0 3024.0 1060000808
cell 1 6 0.45 0.93266032 0.1 0.09817477 3383.0 3883.0 0 3024.0 1060000809
cell 1 6 0.45 1.03083509 0.1 0.09817477 3383.0 3883.0 0 3024.0 1060000810
cell 1 6 0.45 1.12900986 0.1 0.09817477 3383.0 3883.0 0 3024.0 1060000811
cell 1 6 0.45 1.22718463 0.1 0.09817477 3383.0 3883.0 0 3024.0 1060000812
cell 1 6 0.45 1.3253594 0.1 0.09817477 3383.0 3883.0 0 3024.0 1060000813
cell 1 6 0.45 1.42353417 0.1 0.09817477 3383.0 3883.0 0 3024.0 1060000814
cell 1 6 0.45 1.52170894 0.1 0.09817477 3383.0 3883.0 0 3024.0 1060000815
cell 1 6 0.45 1.61988371 0.1 0.09817477 3383.0 3883.0 0 3024.0 1060000816
cell 1 6 0.45 1.71805848 0.1 0.09817477 3383.0 3883.0 0 3024.0 1060000817
cell 1 6 0.45 1.81623325 0.1 0.09817477 3383.0 3883.0 0 3024.0 1060000818
cell 1 6 0.45 1.91440802 0.1 0.09817477 3383.0 3883.0 0 3024.0 1060000819
cell 1 6 0.45 2.01258279 0.1 0.09817477 3383.0 3883.0 0 3024.0 1060000820
cell 1 6 0.45 2.11075756 0.1 0.09817477 3383.0 3883.0 0 3024.0 1060000821
cell 1 6 0.45 2.20893233 0.1 0.09817477 3383.0 3883.0 0 3024.0 1060000822
cell 1 6 0.45 2.3071071 0.1 0.09817477 3383.0 3883.0 0 3024.0 1060000823
cell 1 6 0.45 2.40528188 0.1 0.09817477 3383.0 3883.0 0 3024.0 1060000824
cell 1 6 0.45 2.50345665 0.1 0.09817477 3383.0 3883.0 0 3024.0 1060000825
cell 1 6 0.45 2.60163142 0.1 0.09817477 3383.0 3883.0 0 3024.0 1060000826
cell 1 6 0.45 2.69980619 0.1 0.09817477 3383.0 3883.0 0 3024.0 1060000827
cell 1 6 0.45 2.79798096 0.1 0.09817477 3383.0 3883.0 0 3024.0 1060000828
cell 1 6 0.45 2.89615573 0.1 0.09817477 3383.0 3883.0 0 3024.0 1060000829
cell 1 6 0.45 2.9943305 0.1 0.09817477 3383.0 3883.0 0 3024.0 1060000830
cell 1 6 0.45 3.09250527 0.1 0.09817477 3383.0 3883.0 0 3024.0 1060000831
cell 1 6 0.55 -3.09250527 0.1 0.09817477 3383.0 3883.0 0 3024.0 1060000832
cell 1 6 0.55 -2.9943305 0.1 0.09817477 3383.0 3883.0 0 3024.0 1060000833
cell 1 6 0.55 -2.89615573 0.1 0.09817477 3383.0 3883.0 0 3024.0 1060000834
cell 1 6 0.55 -2.79798096 0.1 0.09817477 3383.0 3883.0 0 3024.0 1060000835
cell 1 6 0.55 -2.69980619 0.1 0.09817477 3383.0 3883.0 0 3024.0 1060000836
cell 1 6 0.55 -2.60163142 0.1 0.09817477 3383.0 3883.0 0 3024.0 1060000837
cell 1 6 0.55 -2.50345665 0.1 0.09817477 3383.0 3883.0 0 3024.0 1060000838
cell 1 6 0.55 -2.40528188 0.1 0.09817477 3383.0 3883.0 0 3024.0 1060000839
cell 1 6 0.55 -2.3071071 0.1 0.09817477 3383.0 3883.0 0 3024.0 1060000840
cell 1 6 0.55 -2.20893233 0.1 0.09817477 3383.0 3883.0 0 3024.0 1060000841
cell 1 6 0.55 -2.11075756 0.1 0.09817477 3383.0 3883.0 0 3024.0 1060000842
cell 1 6 0.55 -2.01258279 0.1 0.09817477 3383.0 3883.0 0 3024.0 1060000843
cell 1 6 0.55 -1.91440802 0.1 0.09817477 3383.0 3883.0 0 3024.0 1060000844
cell 1 6 0.55 -1.81623325 0.1 0.09817477 3383.0 3883.0 0 3024.0 1060000845
cell 1 6 0.55 -1.71805848 0.1 0.09817477 3383.0 3883.0 0 3024.0 1060000846
cell 1 6 0.55 -1.61988371 0.1 0.09817477 3383.0 3883.0 0 3024.0 1060000847
cell 1 6 0.55 -1.52170894 0.1 0.09817477 3383.0 3883.0 0 3024.0 1060000848
cell 1 6 0.55 -1.42353417 0.1 0.09817477 3383.0 3883.0 0 3024.0 1060000849
cell 1 6 0.55 -1.3253594 0.1 0.09817477 3383.0 3883.0 0 3024.0 1060000850
cell 1 6 0.55 -1.22718463 0.1 0.09817477 3383.0 3883.0 0 3024.0 1060000851
cell 1 6 0.55 -1.12900986 0.1 0.09817477 3383.0 3883.0 0 3024.0 1060000852
cell 1 6 0.55 -1.03083509 0.1 0.09817477 3383.0 3883.0 0 3024.0 1060000853
cell 1 6 0.55 -0.93266032 0.1 0.09817477 3383.0 3883.0 0 3024.0 1060000854
cell 1 6 0.55 -0.83448555 0.1 0.09817477 3383.0 3883.0 0 3024.0 1060000855
cell 1 6 0.55 -0.73631078 0.1 0.09817477 3383.0 3883.0 0 3024.0 1060000856
cell 1 6 0.55 -0.63813601 0.1 0.09817477 3383.0 3883.0 0 3024.0 1060000857
cell 1 6 0.55 -0.53996124 0.1 0.09817477 3383.0 3883.0 0 3024.0 1060000858
cell 1 6 0.55 -0.44178647 0.1 0.09817477 3383.0 3883.0 0 3024.0 1060000859
cell 1 6 0.55 -0.3436117 0.1 0.09817477 3383.0 3883.0 0 3024.0 1060000860
cell 1 6 0.55 -0.24543693 0.1 0.09817477 3383.0 3883.0 0 3024.0 1060000861
cell 1 6 0.55 -0.14726216 0.1 0.09817477 3383.0 3883.0 0 3024.0 1060000862
cell 1 6 0.55 -0.04908739 0.1 0.09817477 3383.0 3883.0 0 3024.0 1060000863
cell 1 6 0.55 0.04908739 0.1 0.09817477 3383.0 3883.0 0 3024.0 1060000864
cell 1 6 0.55 0.14726216 0.1 0.09817477 3383.0 3883.0 0 3024.0 1060000865
cell 1 6 0.55 0.24543693 0.1 0.09817477 3383.0 3883.0 0 3024.0 1060000866
cell 1 6 0.55 0.3436117 0.1 0.09817477 3383.0 3883.0 0 3024.0 1060000867
cell 1 6 0.55 0.44178647 0.1 0.09817477 3383.0 3883.0 0 3024.0 1060000868
cell 1 6 0.55 0.53996124 0.1 0.09817477 3383.0 3883.0 0 3024.0 1060000869
cell 1 6 0.55 0.63813601 0.1 0.09817477 3383.0 3883.0 0 3024.0 1060000870
cell 1 6 0.55 0.73631078 0.1 0.09817477 3383.0 3883.0 0 3024.0 1060000871
cell 1 6 0.55 0.83448555 0.1 0.09817477 3383.0 3883.0 0 3024.0 1060000872
cell 1 6 0.55 0.93266032 0.1 0.09817477 3383.0 3883.0 0 3024.0 1060000873
cell 1 6 0.55 1.03083509 0.1 0.09817477 3383.0 3883.0 0 3024.0 1060000874
cell 1 6 0.55 1.12900986 0.1 0.09817477 3383.0 3883.0 0 3024.0 1060000875
cell 1 6 0.55 1.22718463 0.1 0.09817477 3383.0 3883.0 0 3024.0 1060000876
cell 1 6 0.55 1.3253594 0.1 0.09817477 3383.0 3883.0 0 3024.0 1060000877
cell 1 6 0.55 1.42353417 0.1 0.09817477 3383.0 3883.0 0 3024.0 1060000878
cell 1 6 0.55 1.52170894 0.1 0.09817477 3383.0 3883.0 0 3024.0 1060000879
cell 1 6 0.55 1.61988371 0.1 0.09817477 3383.0 3883.0 0 3024.0 1060000880
cell 1 6 0.55 1.71805848 0.1 0.09817477 3383.0 3883.0 0 3024.0 1060000881
cell 1 6 0.55 1.81623325 0.1 0.09817477 3383.0 3883.0 0 3024.0 1060000882
cell 1 6 0.55 1.91440802 0.1 0.09817477 3383.0 3883.0 0 3024.0 1060000883
cell 1 6 0.55 2.01258279 0.1 0.09817477 3383.0 3883.0 0 3024.0 1060000884
cell 1 6 0.55 2.11075756 0.1 0.09817477 3383.0 3883.0 0 3024.0 1060000885
cell 1 6 0.55 2.20893233 0.1 0.09817477 3383.0 3883.0 0 3024.0 1060000886
cell 1 6 0.55 2.3071071 0.1 0.09817477 3383.0 3883.0 0 3024.0 1060000887
cell 1 6 0.55 2.40528188 0.1 0.09817477 3383.0 3883.0 0 3024.0 1060000888
cell 1 6 0.55 2.50345665 0.1 0.09817477 3383.0 3883.0 0 3024.0 1060000889
cell 1 6 0.55 2.60163142 0.1 0.09817477 3383.0 3883.0 0 3024.0 1060000890
cell 1 6 0.55 2.69980619 0.1 0.09817477 3383.0 3883.0 0 3024.0 1060000891
cell 1 6 0.55 2.79798096 0.1 0.09817477 3383.0 3883.0 0 3024.0 1060000892
cell 1 6 0.55 2.89615573 0.1 0.09817477 3383.0 3883.0 0 3024.0 1060000893
cell 1 6 0.55 2.9943305 0.1 0.09817477 3383.0 3883.0 0 3024.0 1060000894
cell 1 6 0.55 3.09250527 0.1 0.09817477 3383.0 3883.0 0 3024.0 1060000895
cell 1 6 0.65 -3.09250527 0.1 0.09817477 3383.0 3883.0 0 3024.0 1060000896
cell 1 6 0.65 -2.9943305 0.1 0.09817477 3383.0 3883.0 0 3024.0 1060000897
cell 1 6 0.65 -2.89615573 0.1 0.09817477 3383.0 3883.0 0 3024.0 1060000898
cell 1 6 0.65 -2.79798096 0.1 0.09817477 3383.0 3883.0 0 3024.0 1060000899
cell 1 6 0.65 -2.69980619 0.1 0.09817477 3383.0 3883.0 0 3024.0 1060000900
cell 1 6 0.65 -2.60163142 0.1 0.09817477 3383.0 3883.0 0 3024.0 1060000901
cell 1 6 0.65 -2.50345665 0.1 0.09817477 3383.0 3883.0 0 3024.0 1060000902
cell 1 6 0.65 -2.40528188 0.1 0.09817477 3383.0 3883.0 0 3024.0 1060000903
cell 1 6 0.65 -2.3071071 0.1 0.09817477 3383.0 3883.0 0 3024.0 1060000904
cell 1 6 0.65 -2.20893233 0.1 0.09817477 3383.0 3883.0 0 3024.0 1060000905
cell 1 6 0.65 -2.11075756 0.1 0.09817477 3383.0 3883.0 0 3024.0 1060000906
cell 1 6 0.65 -2.01258279 0.1 0.09817477 3383.0 3883.0 0 3024.0 1060000907
cell 1 6 0.65 -1.91440802 0.1 0.09817477 3383.0 3883.0 0 3024.0 1060000908
cell 1 6 0.65 -1.81623325 0.1 0.09817477 3383.0 3883.0 0 3024.0 1060000909
cell 1 6 0.65 -1.71805848 0.1 0.09817477 3383.0 3883.0 0 3024.0 1060000910
cell 1 6 0.65 -1.61988371 0.1 0.09817477 3383.0 3883.0 0 3024.0 1060000911
cell 1 6 0.65 -1.52170894 0.1 0.09817477 3383.0 3883.0 0 3024.0 1060000912
cell 1 6 0.65 -1.42353417 0.1 0.09817477 3383.0 3883.0 0 3024.0 1060000913
cell 1 6 0.65 -1.3253594 0.1 0.09817477 3383.0 3883.0 0 3024.0 1060000914
cell 1 6 0.65 -1.22718463 0.1 0.09817477 3383.0 3883.0 0 3024.0 1060000915
cell 1 6 0.65 -1.12900986 0.1 0.09817477 3383.0 3883.0 0 3024.0 1060000916
cell 1 6 0.65 -1.03083509 0.1 0.09817477 3383.0 3883.0 0 3024.0 1060000917
cell 1 6 0.65 -0.93266032 0.1 0.09817477 3383.0 3883.0 0 3024.0 1060000918
cell 1 6 0.65 -0.83448555 0.1 0.09817477 3383.0 3883.0 0 3024.0 1060000919
cell 1 6 0.65 -0.73631078 0.1 0.09817477 3383.0 3883.0 0 3024.0 1060000920
cell 1 6 0.65 -0.63813601 0.1 0.09817477 3383.0 3883.0 0 3024.0 1060000921
cell 1 6 0.65 -0.53996124 0.1 0.09817477 3383.0 3883.0 0 3024.0 1060000922
cell 1 6 0.65 -0.44178647 0.1 0.09817477 3383.0 3883.0 0 3024.0 1060000923
cell 1 6 0.65 -0.3436117 0.1 0.09817477 3383.0 3883.0 0 3024.0 1060000924
cell 1 6 0.65 -0.24543693 0.1 0.09817477 3383.0 3883.0 0 3024.0 1060000925
cell 1 6 0.65 -0.14726216 0.1 0.09817477 3383.0 3883.0 0 3024.0 1060000926
cell 1 6 0.65 -0.04908739 0.1 0.09817477 3383.0 3883.0 0 3024.0 1060000927
cell 1 6 0.65 0.04908739 0.1 0.09817477 3383.0 3883.0 0 3024.0 1060000928
cell 1 6 0.65 0.14726216 0.1 0.09817477 3383.0 3883.0 0 3024.0 1060000929
cell 1 6 0.65 0.24543693 0.1 0.09817477 3383.0 3883.0 0 3024.0 1060000930
cell 1 6 0.65 0.3436117 0.1 0.09817477 3383.0 3883.0 0 3024.0 1060000931
cell 1 6 0.65 0.44178647 0.1 0.09817477 3383.0 3883.0 0 3024.0 1060000932
cell 1 6 0.65 0.53996124 0.1 0.09817477 3383.0 3883.0 0 3024.0 1060000933
cell 1 6 0.65 0.63813601 0.1 0.09817477 3383.0 3883.0 0 3024.0 1060000934
cell 1 6 0.65 0.73631078 0.1 0.09817477 3383.0 3883.0 0 3024.0 1060000935
cell 1 6 0.65 0.83448555 0.1 0.09817477 3383.0 3883.0 0 3024.0 1060000936
cell 1 6 0.65 0.93266032 0.1 0.09817477 3383.0 3883.0 0 3024.0 1060000937
cell 1 6 0.65 1.03083509 0.1 0.09817477 3383.0 3883.0 0 3024.0 1060000938
cell 1 6 0.65 1.12900986 0.1 0.09817477 3383.0 3883.0 0 3024.0 1060000939
cell 1 6 0.65 1.22718463 0.1 0.09817477 3383.0 3883.0 0 3024.0 1060000940
cell 1 6 0.65 1.3253594 0.1 0.09817477 3383.0 3883.0 0 3024.0 1060000941
cell 1 6 0.65 1.42353417 0.1 0.09817477 3383.0 3883.0 0 3024.0 1060000942
cell 1 6 0.65 1.52170894 0.1 0.09817477 3383.0 3883.0 0 3024.0 1060000943
cell 1 6 0.65 1.61988371 0.1 0.09817477 3383.0 3883.0 0 3024.0 1060000944
cell 1 6 0.65 1.71805848 0.1 0.09817477 3383.0 3883.0 0 3024.0 1060000945
cell 1 6 0.65 1.81623325 0.1 0.09817477 3383.0 3883.0 0 3024.0 1060000946
cell 1 6 0.65 1.91440802 0.1 0.09817477 3383.0 3883.0 0 3024.0 1060000947
cell 1 6 0.65 2.01258279 0.1 0.09817477 3383.0 3883.0 0 3024.0 1060000948
cell 1 6 0.65 2.11075756 0.1 0.09817477 3383.0 3883.0 0 3024.0 1060000949
cell 1 6 0.65 2.20893233 0.1 0.09817477 3383.0 3883.0 0 3024.0 1060000950
cell 1 6 0.65 2.3071071 0.1 0.09817477 3383.0 3883.0 0 3024.0 1060000951
cell 1 6 0.65 2.40528188 0.1 0.09817477 3383.0 3883.0 0 3024.0 1060000952
cell 1 6 0.65 2.50345665 0.1 0.09817477 3383.0 3883.0 0 3024.0 1060000953
cell 1 6 0.65 2.60163142 0.1 0.09817477 3383.0 3883.0 0 3024.0 1060000954
cell 1 6 0.65 2.69980619 0.1 0.09817477 3383.0 3883.0 0 3024.0 1060000955
cell 1 6 0.65 2.79798096 0.1 0.09817477 3383.0 3883.0 0 3024.0 1060000956
cell 1 6 0.65 2.89615573 0.1 0.09817477 3383.0 3883.0 0 3024.0 1060000957
cell 1 6 0.65 2.9943305 0.1 0.09817477 3383.0 3883.0 0 3024.0 1060000958
cell 1 6 0.65 3.09250527 0.1 0.09817477 3383.0 3883.0 0 3024.0 1060000959
cell 1 6 0.75 -3.09250527 0.1 0.09817477 3383.0 3883.0 0 3024.0 1060000960
cell 1 6 0.75 -2.9943305 0.1 0.09817477 3383.0 3883.0 0 3024.0 1060000961
cell 1 6 0.75 -2.89615573 0.1 0.09817477 3383.0 3883.0 0 3024.0 1060000962
cell 1 6 0.75 -2.79798096 0.1 0.09817477 3383.0 3883.0 0 3024.0 1060000963
cell 1 6 0.75 -2.69980619 0.1 0.09817477 3383.0 3883.0 0 3024.0 1060000964
cell 1 6 0.75 -2.60163142 0.1 0.09817477 3383.0 3883.0 0 3024.0 1060000965
cell 1 6 0.75 -2.50345665 0.1 0.09817477 3383.0 3883.0 0 3024.0 1060000966
cell 1 6 0.75 -2.40528188 0.1 0.09817477 3383.0 3883.0 0 3024.0 1060000967
cell 1 6 0.75 -2.3071071 0.1 0.09817477 3383.0 3883.0 0 3024.0 1060000968
cell 1 6 0.75 -2.20893233 0.1 0.09817477 3383.0 3883.0 0 3024.0 1060000969
cell 1 6 0.75 -2.11075756 0.1 0.09817477 3383.0 3883.0 0 3024.0 1060000970
cell 1 6 0.75 -2.01258279 0.1 0.09817477 3383.0 3883.0 0 3024.0 1060000971
cell 1 6 0.75 -1.91440802 0.1 0.09817477 3383.0 3883.0 0 3024.0 1060000972
cell 1 6 0.75 -1.81623325 0.1 0.09817477 3383.0 3883.0 0 3024.0 1060000973
cell 1 6 0.75 -1.71805848 0.1 0.09817477 3383.0 3883.0 0 3024.0 1060000974
cell 1 6 0.75 -1.61988371 0.1 0.09817477 3383.0 3883.0 0 3024.0 1060000975
cell 1 6 0.75 -1.52170894 0.1 0.09817477 3383.0 3883.0 0 3024.0 1060000976
cell 1 6 0.75 -1.42353417 0.1 0.09817477 3383.0 3883.0 0 3024.0 1060000977
cell 1 6 0.75 -1.3253594 0.1 0.09817477 3383.0 3883.0 0 3024.0 1060000978
cell 1 6 0.75 -1.22718463 0.1 0.09817477 3383.0 3883.0 0 3024.0 1060000979
cell 1 6 0.75 -1.12900986 0.1 0.09817477 3383.0 3883.0 0 3024.0 1060000980
cell 1 6 0.75 -1.03083509 0.1 0.09817477 3383.0 3883.0 0 3024.0 1060000981
cell 1 6 0.75 -0.93266032 0.1 0.09817477 3383.0 3883.0 0 3024.0 1060000982
cell 1 6 0.75 -0.83448555 0.1 0.09817477 3383.0 3883.0 0 3024.0 1060000983
cell 1 6 0.75 -0.73631078 0.1 0.09817477 3383.0 3883.0 0 3024.0 1060000984
cell 1 6 0.75 -0.63813601 0.1 0.09817477 3383.0 3883.0 0 3024.0 1060000985
cell 1 6 0.75 -0.53996124 0.1 0.09817477 3383.0 3883.0 0 3024.0 1060000986
cell 1 6 0.75 -0.44178647 0.1 0.09817477 3383.0 3883.0 0 3024.0 1060000987
cell 1 6 0.75 -0.3436117 0.1 0.09817477 3383.0 3883.0 0 3024.0 1060000988
cell 1 6 0.75 -0.24543693 0.1 0.09817477 3383.0 3883.0 0 3024.0 1060000989
cell 1 6 0.75 -0.14726216 0.1 0.09817477 3383.0 3883.0 0 3024.0 1060000990
cell 1 6 0.75 -0.04908739 0.1 0.09817477 3383.0 3883.0 0 3024.0 1060000991
cell 1 6 0.75 0.04908739 0.1 0.09817477 3383.0 3883.0 0 3024.0 1060000992
cell 1 6 0.75 0.14726216 0.1 0.09817477 3383.0 3883.0 0 3024.0 1060000993
cell 1 6 0.75 0.24543693 0.1 0.09817477 3383.0 3883.0 0 3024.0 1060000994
cell 1 6 0.75 0.3436117 0.1 0.09817477 3383.0 3883.0 0 3024.0 1060000995
cell 1 6 0.75 0.44178647 0.1 0.09817477 3383.0 3883.0 0 3024.0 1060000996
cell 1 6 0.75 0.53996124 0.1 0.09817477 3383.0 3883.0 0 3024.0 1060000997
cell 1 6 0.75 0.63813601 0.1 0.09817477 3383.0 3883.0 0 3024.0 1060000998
cell 1 6 0.75 0.73631078 0.1 0.09817477 3383.0 3883.0 0 3024.0 1060000999
cell 1 6 0.75 0.83448555 0.1 0.09817477 3383.0 3883.0 0 3024.0 1060001000
cell 1 6 0.75 0.93266032 0.1 0.09817477 3383.0 3883.0 0 3024.0 1060001001
cell 1 6 0.75 1.03083509 0.1 0.09817477 3383.0 3883.0 0 3024.0 1060001002
cell 1 6 0.75 1.12900986 0.1 0.09817477 3383.0 3883.0 0 3024.0 1060001003
cell 1 6 0.75 1.22718463 0.1 0.09817477 3383.0 3883.0 0 3024.0 1060001004
cell 1 6 0.75 1.3253594 0.1 0.09817477 3383.0 3883.0 0 3024.0 1060001005
cell 1 6 0.75 1.42353417 0.1 0.09817477 3383.0 3883.0 0 3024.0 1060001006
cell 1 6 0.75 1.52170894 0.1 0.09817477 3383.0 3883.0 0 3024.0 1060001007
cell 1 6 0.75 1.61988371 0.1 0.09817477 3383.0 3883.0 0 3024.0 1060001008
cell 1 6 0.75 1.71805848 0.1 0.09817477 3383.0 3883.0 0 3024.0 1060001009
cell 1 6 0.75 1.81623325 0.1 0.09817477 3383.0 3883.0 0 3024.0 1060001010
cell 1 6 0.75 1.91440802 0.1 0.09817477 3383.0 3883.0 0 3024.0 1060001011
cell 1 6 0.75 2.01258279 0.1 0.09817477 3383.0 3883.0 0 3024.0 1060001012
cell 1 6 0.75 2.11075756 0.1 0.09817477 3383.0 3883.0 0 3024.0 1060001013
cell 1 6 0.75 2.20893233 0.1 0.09817477 3383.0 3883.0 0 3024.0 1060001014
cell 1 6 0.75 2.3071071 0.1 0.09817477 3383.0 3883.0 0 3024.0 1060001015
cell 1 6 0.75 2.40528188 0.1 0.09817477 3383.0 3883.0 0 3024.0 1060001016
cell 1 6 0.75 2.50345665 0.1 0.09817477 3383.0 3883.0 0 3024.0 1060001017
cell 1 6 0.75 2.60163142 0.1 0.09817477 3383.0 3883.0 0 3024.0 1060001018
cell 1 6 0.75 2.69980619 0.1 0.09817477 3383.0 3883.0 0 3024.0 1060001019
cell 1 6 0.75 2.79798096 0.1 0.09817477 3383.0 3883.0 0 3024.0 1060001020
cell 1 6 0.75 2.89615573 0.1 0.09817477 3383.0 3883.0 0 3024.0 1060001021
cell 1 6 0.75 2.9943305 0.1 0.09817477 3383.0 3883.0 0 3024.0 1060001022
cell 1 6 0.75 3.09250527 0.1 0.09817477 3383.0 3883.0 0 3024.0 1060001023
