# sample segmentation eta phi delta_eta delta_phi rmin rmax zmin zmax
config 10 3 2.37 3.2 302.0 2032.0 3782.0 3878.0
eta_bins -3.17 -3.07 -2.97 -2.87 -2.77 -2.67 -2.57 -2.47 2.37 2.47 2.57 2.67 2.77 2.87 2.97 3.07 3.17
phi_bins -3.1416 -3.0434 -2.9452 -2.8471 -2.7489 -2.6507 -2.5525 -2.4544 -2.3562 -2.258 -2.1598 -2.0617 -1.9635 -1.8653 -1.7671 -1.669 -1.5708 -1.4726 -1.3744 -1.2763 -1.1781 -1.0799 -0.9817 -0.8836 -0.7854 -0.6872 -0.589 -0.4909 -0.3927 -0.2945 -0.1963 -0.0982 0.0 0.0982 0.1963 0.2945 0.3927 0.4909 0.589 0.6872 0.7854 0.8836 0.9817 1.0799 1.1781 1.2763 1.3744 1.4726 1.5708 1.669 1.7671 1.8653 1.9635 2.0617 2.1598 2.258 2.3562 2.4544 2.5525 2.6507 2.7489 2.8471 2.9452 3.0434 3.1416
cell 10 -3.12 -3.09250527 0.1 0.09817477 302.0 2032.0 3782.0 3878.0 103000000
cell 10 -3.12 -2.9943305 0.1 0.09817477 302.0 2032.0 3782.0 3878.0 103000001
cell 10 -3.12 -2.89615573 0.1 0.09817477 302.0 2032.0 3782.0 3878.0 103000002
cell 10 -3.12 -2.79798096 0.1 0.09817477 302.0 2032.0 3782.0 3878.0 103000003
cell 10 -3.12 -2.69980619 0.1 0.09817477 302.0 2032.0 3782.0 3878.0 103000004
cell 10 -3.12 -2.60163142 0.1 0.09817477 302.0 2032.0 3782.0 3878.0 103000005
cell 10 -3.12 -2.50345665 0.1 0.09817477 302.0 2032.0 3782.0 3878.0 103000006
cell 10 -3.12 -2.40528188 0.1 0.09817477 302.0 2032.0 3782.0 3878.0 103000007
cell 10 -3.12 -2.3071071 0.1 0.09817477 302.0 2032.0 3782.0 3878.0 103000008
cell 10 -3.12 -2.20893233 0.1 0.09817477 302.0 2032.0 3782.0 3878.0 103000009
cell 10 -3.12 -2.11075756 0.1 0.09817477 302.0 2032.0 3782.0 3878.0 103000010
cell 10 -3.12 -2.01258279 0.1 0.09817477 302.0 2032.0 3782.0 3878.0 103000011
cell 10 -3.12 -1.91440802 0.1 0.09817477 302.0 2032.0 3782.0 3878.0 103000012
cell 10 -3.12 -1.81623325 0.1 0.09817477 302.0 2032.0 3782.0 3878.0 103000013
cell 10 -3.12 -1.71805848 0.1 0.09817477 302.0 2032.0 3782.0 3878.0 103000014
cell 10 -3.12 -1.61988371 0.1 0.09817477 302.0 2032.0 3782.0 3878.0 103000015
cell 10 -3.12 -1.52170894 0.1 0.09817477 302.0 2032.0 3782.0 3878.0 103000016
cell 10 -3.12 -1.42353417 0.1 0.09817477 302.0 2032.0 3782.0 3878.0 103000017
cell 10 -3.12 -1.3253594 0.1 0.09817477 302.0 2032.0 3782.0 3878.0 103000018
cell 10 -3.12 -1.22718463 0.1 0.09817477 302.0 2032.0 3782.0 3878.0 103000019
cell 10 -3.12 -1.12900986 0.1 0.09817477 302.0 2032.0 3782.0 3878.0 103000020
cell 10 -3.12 -1.03083509 0.1 0.09817477 302.0 2032.0 3782.0 3878.0 103000021
cell 10 -3.12 -0.93266032 0.1 0.09817477 302.0 2032.0 3782.0 3878.0 103000022
cell 10 -3.12 -0.83448555 0.1 0.09817477 302.0 2032.0 3782.0 3878.0 103000023
cell 10 -3.12 -0.73631078 0.1 0.09817477 302.0 2032.0 3782.0 3878.0 103000024
cell 10 -3.12 -0.63813601 0.1 0.09817477 302.0 2032.0 3782.0 3878.0 103000025
cell 10 -3.12 -0.53996124 0.1 0.09817477 302.0 2032.0 3782.0 3878.0 103000026
cell 10 -3.12 -0.44178647 0.1 0.09817477 302.0 2032.0 3782.0 3878.0 103000027
cell 10 -3.12 -0.3436117 0.1 0.09817477 302.0 2032.0 3782.0 3878.0 103000028
cell 10 -3.12 -0.24543693 0.1 0.09817477 302.0 2032.0 3782.0 3878.0 103000029
cell 10 -3.12 -0.14726216 0.1 0.09817477 302.0 2032.0 3782.0 3878.0 103000030
cell 10 -3.12 -0.04908739 0.1 0.09817477 302.0 2032.0 3782.0 3878.0 103000031
cell 10 -3.12 0.04908739 0.1 0.09817477 302.0 2032.0 3782.0 3878.0 103000032
cell 10 -3.12 0.14726216 0.1 0.09817477 302.0 2032.0 3782.0 3878.0 103000033
cell 10 -3.12 0.24543693 0.1 0.09817477 302.0 2032.0 3782.0 3878.0 103000034
cell 10 -3.12 0.3436117 0.1 0.09817477 302.0 2032.0 3782.0 3878.0 103000035
cell 10 -3.12 0.44178647 0.1 0.09817477 302.0 2032.0 3782.0 3878.0 103000036
cell 10 -3.12 0.53996124 0.1 0.09817477 302.0 2032.0 3782.0 3878.0 103000037
cell 10 -3.12 0.63813601 0.1 0.09817477 302.0 2032.0 3782.0 3878.0 103000038
cell 10 -3.12 0.73631078 0.1 0.09817477 302.0 2032.0 3782.0 3878.0 103000039
cell 10 -3.12 0.83448555 0.1 0.09817477 302.0 2032.0 3782.0 3878.0 103000040
cell 10 -3.12 0.93266032 0.1 0.09817477 302.0 2032.0 3782.0 3878.0 103000041
cell 10 -3.12 1.03083509 0.1 0.09817477 302.0 2032.0 3782.0 3878.0 103000042
cell 10 -3.12 1.12900986 0.1 0.09817477 302.0 2032.0 3782.0 3878.0 103000043
cell 10 -3.12 1.22718463 0.1 0.09817477 302.0 2032.0 3782.0 3878.0 103000044
cell 10 -3.12 1.3253594 0.1 0.09817477 302.0 2032.0 3782.0 3878.0 103000045
cell 10 -3.12 1.42353417 0.1 0.09817477 302.0 2032.0 3782.0 3878.0 103000046
cell 10 -3.12 1.52170894 0.1 0.09817477 302.0 2032.0 3782.0 3878.0 103000047
cell 10 -3.12 1.61988371 0.1 0.09817477 302.0 2032.0 3782.0 3878.0 103000048
cell 10 -3.12 1.71805848 0.1 0.09817477 302.0 2032.0 3782.0 3878.0 103000049
cell 10 -3.12 1.81623325 0.1 0.09817477 302.0 2032.0 3782.0 3878.0 103000050
cell 10 -3.12 1.91440802 0.1 0.09817477 302.0 2032.0 3782.0 3878.0 103000051
cell 10 -3.12 2.01258279 0.1 0.09817477 302.0 2032.0 3782.0 3878.0 103000052
cell 10 -3.12 2.11075756 0.1 0.09817477 302.0 2032.0 3782.0 3878.0 103000053
cell 10 -3.12 2.20893233 0.1 0.09817477 302.0 2032.0 3782.0 3878.0 103000054
cell 10 -3.12 2.3071071 0.1 0.09817477 302.0 2032.0 3782.0 3878.0 103000055
cell 10 -3.12 2.40528188 0.1 0.09817477 302.0 2032.0 3782.0 3878.0 103000056
cell 10 -3.12 2.50345665 0.1 0.09817477 302.0 2032.0 3782.0 3878.0 103000057
cell 10 -3.12 2.60163142 0.1 0.09817477 302.0 2032.0 3782.0 3878.0 103000058
cell 10 -3.12 2.69980619 0.1 0.09817477 302.0 2032.0 3782.0 3878.0 103000059
cell 10 -3.12 2.79798096 0.1 0.09817477 302.0 2032.0 3782.0 3878.0 103000060
cell 10 -3.12 2.89615573 0.1 0.09817477 302.0 2032.0 3782.0 3878.0 103000061
cell 10 -3.12 2.9943305 0.1 0.09817477 302.0 2032.0 3782.0 3878.0 103000062
cell 10 -3.12 3.09250527 0.1 0.09817477 302.0 2032.0 3782.0 3878.0 103000063
cell 10 -3.02 -3.09250527 0.1 0.09817477 302.0 2032.0 3782.0 3878.0 103000064
cell 10 -3.02 -2.9943305 0.1 0.09817477 302.0 2032.0 3782.0 3878.0 103000065
cell 10 -3.02 -2.89615573 0.1 0.09817477 302.0 2032.0 3782.0 3878.0 103000066
cell 10 -3.02 -2.79798096 0.1 0.09817477 302.0 2032.0 3782.0 3878.0 103000067
cell 10 -3.02 -2.69980619 0.1 0.09817477 302.0 2032.0 3782.0 3878.0 103000068
cell 10 -3.02 -2.60163142 0.1 0.09817477 302.0 2032.0 3782.0 3878.0 103000069
cell 10 -3.02 -2.50345665 0.1 0.09817477 302.0 2032.0 3782.0 3878.0 103000070
cell 10 -3.02 -2.40528188 0.1 0.09817477 302.0 2032.0 3782.0 3878.0 103000071
cell 10 -3.02 -2.3071071 0.1 0.09817477 302.0 2032.0 3782.0 3878.0 103000072
cell 10 -3.02 -2.20893233 0.1 0.09817477 302.0 2032.0 3782.0 3878.0 103000073
cell 10 -3.02 -2.11075756 0.1 0.09817477 302.0 2032.0 3782.0 3878.0 103000074
cell 10 -3.02 -2.01258279 0.1 0.09817477 302.0 2032.0 3782.0 3878.0 103000075
cell 10 -3.02 -1.91440802 0.1 0.09817477 302.0 2032.0 3782.0 3878.0 103000076
cell 10 -3.02 -1.81623325 0.1 0.09817477 302.0 2032.0 3782.0 3878.0 103000077
cell 10 -3.02 -1.71805848 0.1 0.09817477 302.0 2032.0 3782.0 3878.0 103000078
cell 10 -3.02 -1.61988371 0.1 0.09817477 302.0 2032.0 3782.0 3878.0 103000079
cell 10 -3.02 -1.52170894 0.1 0.09817477 302.0 2032.0 3782.0 3878.0 103000080
cell 10 -3.02 -1.42353417 0.1 0.09817477 302.0 2032.0 3782.0 3878.0 103000081
cell 10 -3.02 -1.3253594 0.1 0.09817477 302.0 2032.0 3782.0 3878.0 103000082
cell 10 -3.02 -1.22718463 0.1 0.09817477 302.0 2032.0 3782.0 3878.0 103000083
cell 10 -3.02 -1.12900986 0.1 0.09817477 302.0 2032.0 3782.0 3878.0 103000084
cell 10 -3.02 -1.03083509 0.1 0.09817477 302.0 2032.0 3782.0 3878.0 103000085
cell 10 -3.02 -0.93266032 0.1 0.09817477 302.0 2032.0 3782.0 3878.0 103000086
cell 10 -3.02 -0.83448555 0.1 0.09817477 302.0 2032.0 3782.0 3878.0 103000087
cell 10 -3.02 -0.73631078 0.1 0.09817477 302.0 2032.0 3782.0 3878.0 103000088
cell 10 -3.02 -0.63813601 0.1 0.09817477 302.0 2032.0 3782.0 3878.0 103000089
cell 10 -3.02 -0.53996124 0.1 0.09817477 302.0 2032.0 3782.0 3878.0 103000090
cell 10 -3.02 -0.44178647 0.1 0.09817477 302.0 2032.0 3782.0 3878.0 103000091
cell 10 -3.02 -0.3436117 0.1 0.09817477 302.0 2032.0 3782.0 3878.0 103000092
cell 10 -3.02 -0.24543693 0.1 0.09817477 302.0 2032.0 3782.0 3878.0 103000093
cell 10 -3.02 -0.14726216 0.1 0.09817477 302.0 2032.0 3782.0 3878.0 103000094
cell 10 -3.02 -0.04908739 0.1 0.09817477 302.0 2032.0 3782.0 3878.0 103000095
cell 10 -3.02 0.04908739 0.1 0.09817477 302.0 2032.0 3782.0 3878.0 103000096
cell 10 -3.02 0.14726216 0.1 0.09817477 302.0 2032.0 3782.0 3878.0 103000097
cell 10 -3.02 0.24543693 0.1 0.09817477 302.0 2032.0 3782.0 3878.0 103000098
cell 10 -3.02 0.3436117 0.1 0.09817477 302.0 2032.0 3782.0 3878.0 103000099
cell 10 -3.02 0.44178647 0.1 0.09817477 302.0 2032.0 3782.0 3878.0 103000100
cell 10 -3.02 0.53996124 0.1 0.09817477 302.0 2032.0 3782.0 3878.0 103000101
cell 10 -3.02 0.63813601 0.1 0.09817477 302.0 2032.0 3782.0 3878.0 103000102
cell 10 -3.02 0.73631078 0.1 0.09817477 302.0 2032.0 3782.0 3878.0 103000103
cell 10 -3.02 0.83448555 0.1 0.09817477 302.0 2032.0 3782.0 3878.0 103000104
cell 10 -3.02 0.93266032 0.1 0.09817477 302.0 2032.0 3782.0 3878.0 103000105
cell 10 -3.02 1.03083509 0.1 0.09817477 302.0 2032.0 3782.0 3878.0 103000106
cell 10 -3.02 1.12900986 0.1 0.09817477 302.0 2032.0 3782.0 3878.0 103000107
cell 10 -3.02 1.22718463 0.1 0.09817477 302.0 2032.0 3782.0 3878.0 103000108
cell 10 -3.02 1.3253594 0.1 0.09817477 302.0 2032.0 3782.0 3878.0 103000109
cell 10 -3.02 1.42353417 0.1 0.09817477 302.0 2032.0 3782.0 3878.0 103000110
cell 10 -3.02 1.52170894 0.1 0.09817477 302.0 2032.0 3782.0 3878.0 103000111
cell 10 -3.02 1.61988371 0.1 0.09817477 302.0 2032.0 3782.0 3878.0 103000112
cell 10 -3.02 1.71805848 0.1 0.09817477 302.0 2032.0 3782.0 3878.0 103000113
cell 10 -3.02 1.81623325 0.1 0.09817477 302.0 2032.0 3782.0 3878.0 103000114
cell 10 -3.02 1.91440802 0.1 0.09817477 302.0 2032.0 3782.0 3878.0 103000115
cell 10 -3.02 2.01258279 0.1 0.09817477 302.0 2032.0 3782.0 3878.0 103000116
cell 10 -3.02 2.11075756 0.1 0.09817477 302.0 2032.0 3782.0 3878.0 103000117
cell 10 -3.02 2.20893233 0.1 0.09817477 302.0 2032.0 3782.0 3878.0 103000118
cell 10 -3.02 2.3071071 0.1 0.09817477 302.0 2032.0 3782.0 3878.0 103000119
cell 10 -3.02 2.40528188 0.1 0.09817477 302.0 2032.0 3782.0 3878.0 103000120
cell 10 -3.02 2.50345665 0.1 0.09817477 302.0 2032.0 3782.0 3878.0 103000121
cell 10 -3.02 2.60163142 0.1 0.09817477 302.0 2032.0 3782.0 3878.0 103000122
cell 10 -3.02 2.69980619 0.1 0.09817477 302.0 2032.0 3782.0 3878.0 103000123
cell 10 -3.02 2.79798096 0.1 0.09817477 302.0 2032.0 3782.0 3878.0 103000124
cell 10 -3.02 2.89615573 0.1 0.09817477 302.0 2032.0 3782.0 3878.0 103000125
cell 10 -3.02 2.9943305 0.1 0.09817477 302.0 2032.0 3782.0 3878.0 103000126
cell 10 -3.02 3.09250527 0.1 0.09817477 302.0 2032.0 3782.0 3878.0 103000127
cell 10 -2.92 -3.09250527 0.1 0.09817477 302.0 2032.0 3782.0 3878.0 103000128
cell 10 -2.92 -2.9943305 0.1 0.09817477 302.0 2032.0 3782.0 3878.0 103000129
cell 10 -2.92 -2.89615573 0.1 0.09817477 302.0 2032.0 3782.0 3878.0 103000130
cell 10 -2.92 -2.79798096 0.1 0.09817477 302.0 2032.0 3782.0 3878.0 103000131
cell 10 -2.92 -2.69980619 0.1 0.09817477 302.0 2032.0 3782.0 3878.0 103000132
cell 10 -2.92 -2.60163142 0.1 0.09817477 302.0 2032.0 3782.0 3878.0 103000133
cell 10 -2.92 -2.50345665 0.1 0.09817477 302.0 2032.0 3782.0 3878.0 103000134
cell 10 -2.92 -2.40528188 0.1 0.09817477 302.0 2032.0 3782.0 3878.0 103000135
cell 10 -2.92 -2.3071071 0.1 0.09817477 302.0 2032.0 3782.0 3878.0 103000136
cell 10 -2.92 -2.20893233 0.1 0.09817477 302.0 2032.0 3782.0 3878.0 103000137
cell 10 -2.92 -2.11075756 0.1 0.09817477 302.0 2032.0 3782.0 3878.0 103000138
cell 10 -2.92 -2.01258279 0.1 0.09817477 302.0 2032.0 3782.0 3878.0 103000139
cell 10 -2.92 -1.91440802 0.1 0.09817477 302.0 2032.0 3782.0 3878.0 103000140
cell 10 -2.92 -1.81623325 0.1 0.09817477 302.0 2032.0 3782.0 3878.0 103000141
cell 10 -2.92 -1.71805848 0.1 0.09817477 302.0 2032.0 3782.0 3878.0 103000142
cell 10 -2.92 -1.61988371 0.1 0.09817477 302.0 2032.0 3782.0 3878.0 103000143
cell 10 -2.92 -1.52170894 0.1 0.09817477 302.0 2032.0 3782.0 3878.0 103000144
cell 10 -2.92 -1.42353417 0.1 0.09817477 302.0 2032.0 3782.0 3878.0 103000145
cell 10 -2.92 -1.3253594 0.1 0.09817477 302.0 2032.0 3782.0 3878.0 103000146
cell 10 -2.92 -1.22718463 0.1 0.09817477 302.0 2032.0 3782.0 3878.0 103000147
cell 10 -2.92 -1.12900986 0.1 0.09817477 302.0 2032.0 3782.0 3878.0 103000148
cell 10 -2.92 -1.03083509 0.1 0.09817477 302.0 2032.0 3782.0 3878.0 103000149
cell 10 -2.92 -0.93266032 0.1 0.09817477 302.0 2032.0 3782.0 3878.0 103000150
cell 10 -2.92 -0.83448555 0.1 0.09817477 302.0 2032.0 3782.0 3878.0 103000151
cell 10 -2.92 -0.73631078 0.1 0.09817477 302.0 2032.0 3782.0 3878.0 103000152
cell 10 -2.92 -0.63813601 0.1 0.09817477 302.0 2032.0 3782.0 3878.0 103000153
cell 10 -2.92 -0.53996124 0.1 0.09817477 302.0 2032.0 3782.0 3878.0 103000154
cell 10 -2.92 -0.44178647 0.1 0.09817477 302.0 2032.0 3782.0 3878.0 103000155
cell 10 -2.92 -0.3436117 0.1 0.09817477 302.0 2032.0 3782.0 3878.0 103000156
cell 10 -2.92 -0.24543693 0.1 0.09817477 302.0 2032.0 3782.0 3878.0 103000157
cell 10 -2.92 -0.14726216 0.1 0.09817477 302.0 2032.0 3782.0 3878.0 103000158
cell 10 -2.92 -0.04908739 0.1 0.09817477 302.0 2032.0 3782.0 3878.0 103000159
cell 10 -2.92 0.04908739 0.1 0.09817477 302.0 2032.0 3782.0 3878.0 103000160
cell 10 -2.92 0.14726216 0.1 0.09817477 302.0 2032.0 3782.0 3878.0 103000161
cell 10 -2.92 0.24543693 0.1 0.09817477 302.0 2032.0 3782.0 3878.0 103000162
cell 10 -2.92 0.3436117 0.1 0.09817477 302.0 2032.0 3782.0 3878.0 103000163
cell 10 -2.92 0.44178647 0.1 0.09817477 302.0 2032.0 3782.0 3878.0 103000164
cell 10 -2.92 0.53996124 0.1 0.09817477 302.0 2032.0 3782.0 3878.0 103000165
cell 10 -2.92 0.63813601 0.1 0.09817477 302.0 2032.0 3782.0 3878.0 103000166
cell 10 -2.92 0.73631078 0.1 0.09817477 302.0 2032.0 3782.0 3878.0 103000167
cell 10 -2.92 0.83448555 0.1 0.09817477 302.0 2032.0 3782.0 3878.0 103000168
cell 10 -2.92 0.93266032 0.1 0.09817477 302.0 2032.0 3782.0 3878.0 103000169
cell 10 -2.92 1.03083509 0.1 0.09817477 302.0 2032.0 3782.0 3878.0 103000170
cell 10 -2.92 1.12900986 0.1 0.09817477 302.0 2032.0 3782.0 3878.0 103000171
cell 10 -2.92 1.22718463 0.1 0.09817477 302.0 2032.0 3782.0 3878.0 103000172
cell 10 -2.92 1.3253594 0.1 0.09817477 302.0 2032.0 3782.0 3878.0 103000173
cell 10 -2.92 1.42353417 0.1 0.09817477 302.0 2032.0 3782.0 3878.0 103000174
cell 10 -2.92 1.52170894 0.1 0.09817477 302.0 2032.0 3782.0 3878.0 103000175
cell 10 -2.92 1.61988371 0.1 0.09817477 302.0 2032.0 3782.0 3878.0 103000176
cell 10 -2.92 1.71805848 0.1 0.09817477 302.0 2032.0 3782.0 3878.0 103000177
cell 10 -2.92 1.81623325 0.1 0.09817477 302.0 2032.0 3782.0 3878.0 103000178
cell 10 -2.92 1.91440802 0.1 0.09817477 302.0 2032.0 3782.0 3878.0 103000179
cell 10 -2.92 2.01258279 0.1 0.09817477 302.0 2032.0 3782.0 3878.0 103000180
cell 10 -2.92 2.11075756 0.1 0.09817477 302.0 2032.0 3782.0 3878.0 103000181
cell 10 -2.92 2.20893233 0.1 0.09817477 302.0 2032.0 3782.0 3878.0 103000182
cell 10 -2.92 2.3071071 0.1 0.09817477 302.0 2032.0 3782.0 3878.0 103000183
cell 10 -2.92 2.40528188 0.1 0.09817477 302.0 2032.0 3782.0 3878.0 103000184
cell 10 -2.92 2.50345665 0.1 0.09817477 302.0 2032.0 3782.0 3878.0 103000185
cell 10 -2.92 2.60163142 0.1 0.09817477 302.0 2032.0 3782.0 3878.0 103000186
cell 10 -2.92 2.69980619 0.1 0.09817477 302.0 2032.0 3782.0 3878.0 103000187
cell 10 -2.92 2.79798096 0.1 0.09817477 302.0 2032.0 3782.0 3878.0 103000188
cell 10 -2.92 2.89615573 0.1 0.09817477 302.0 2032.0 3782.0 3878.0 103000189
cell 10 -2.92 2.9943305 0.1 0.09817477 302.0 2032.0 3782.0 3878.0 103000190
cell 10 -2.92 3.09250527 0.1 0.09817477 302.0 2032.0 3782.0 3878.0 103000191
cell 10 -2.82 -3.09250527 0.1 0.09817477 302.0 2032.0 3782.0 3878.0 103000192
cell 10 -2.82 -2.9943305 0.1 0.09817477 302.0 2032.0 3782.0 3878.0 103000193
cell 10 -2.82 -2.89615573 0.1 0.09817477 302.0 2032.0 3782.0 3878.0 103000194
cell 10 -2.82 -2.79798096 0.1 0.09817477 302.0 2032.0 3782.0 3878.0 103000195
cell 10 -2.82 -2.69980619 0.1 0.09817477 302.0 2032.0 3782.0 3878.0 103000196
cell 10 -2.82 -2.60163142 0.1 0.09817477 302.0 2032.0 3782.0 3878.0 103000197
cell 10 -2.82 -2.50345665 0.1 0.09817477 302.0 2032.0 3782.0 3878.0 103000198
cell 10 -2.82 -2.40528188 0.1 0.09817477 302.0 2032.0 3782.0 3878.0 103000199
cell 10 -2.82 -2.3071071 0.1 0.09817477 302.0 2032.0 3782.0 3878.0 103000200
cell 10 -2.82 -2.20893233 0.1 0.09817477 302.0 2032.0 3782.0 3878.0 103000201
cell 10 -2.82 -2.11075756 0.1 0.09817477 302.0 2032.0 3782.0 3878.0 103000202
cell 10 -2.82 -2.01258279 0.1 0.09817477 302.0 2032.0 3782.0 3878.0 103000203
cell 10 -2.82 -1.91440802 0.1 0.09817477 302.0 2032.0 3782.0 3878.0 103000204
cell 10 -2.82 -1.81623325 0.1 0.09817477 302.0 2032.0 3782.0 3878.0 103000205
cell 10 -2.82 -1.71805848 0.1 0.09817477 302.0 2032.0 3782.0 3878.0 103000206
cell 10 -2.82 -1.61988371 0.1 0.09817477 302.0 2032.0 3782.0 3878.0 103000207
cell 10 -2.82 -1.52170894 0.1 0.09817477 302.0 2032.0 3782.0 3878.0 103000208
cell 10 -2.82 -1.42353417 0.1 0.09817477 302.0 2032.0 3782.0 3878.0 103000209
cell 10 -2.82 -1.3253594 0.1 0.09817477 302.0 2032.0 3782.0 3878.0 103000210
cell 10 -2.82 -1.22718463 0.1 0.09817477 302.0 2032.0 3782.0 3878.0 103000211
cell 10 -2.82 -1.12900986 0.1 0.09817477 302.0 2032.0 3782.0 3878.0 103000212
cell 10 -2.82 -1.03083509 0.1 0.09817477 302.0 2032.0 3782.0 3878.0 103000213
cell 10 -2.82 -0.93266032 0.1 0.09817477 302.0 2032.0 3782.0 3878.0 103000214
cell 10 -2.82 -0.83448555 0.1 0.09817477 302.0 2032.0 3782.0 3878.0 103000215
cell 10 -2.82 -0.73631078 0.1 0.09817477 302.0 2032.0 3782.0 3878.0 103000216
cell 10 -2.82 -0.63813601 0.1 0.09817477 302.0 2032.0 3782.0 3878.0 103000217
cell 10 -2.82 -0.53996124 0.1 0.09817477 302.0 2032.0 3782.0 3878.0 103000218
cell 10 -2.82 -0.44178647 0.1 0.09817477 302.0 2032.0 3782.0 3878.0 103000219
cell 10 -2.82 -0.3436117 0.1 0.09817477 302.0 2032.0 3782.0 3878.0 103000220
cell 10 -2.82 -0.24543693 0.1 0.09817477 302.0 2032.0 3782.0 3878.0 103000221
cell 10 -2.82 -0.14726216 0.1 0.09817477 302.0 2032.0 3782.0 3878.0 103000222
cell 10 -2.82 -0.04908739 0.1 0.09817477 302.0 2032.0 3782.0 3878.0 103000223
cell 10 -2.82 0.04908739 0.1 0.09817477 302.0 2032.0 3782.0 3878.0 103000224
cell 10 -2.82 0.14726216 0.1 0.09817477 302.0 2032.0 3782.0 3878.0 103000225
cell 10 -2.82 0.24543693 0.1 0.09817477 302.0 2032.0 3782.0 3878.0 103000226
cell 10 -2.82 0.3436117 0.1 0.09817477 302.0 2032.0 3782.0 3878.0 103000227
cell 10 -2.82 0.44178647 0.1 0.09817477 302.0 2032.0 3782.0 3878.0 103000228
cell 10 -2.82 0.53996124 0.1 0.09817477 302.0 2032.0 3782.0 3878.0 103000229
cell 10 -2.82 0.63813601 0.1 0.09817477 302.0 2032.0 3782.0 3878.0 103000230
cell 10 -2.82 0.73631078 0.1 0.09817477 302.0 2032.0 3782.0 3878.0 103000231
cell 10 -2.82 0.83448555 0.1 0.09817477 302.0 2032.0 3782.0 3878.0 103000232
cell 10 -2.82 0.93266032 0.1 0.09817477 302.0 2032.0 3782.0 3878.0 103000233
cell 10 -2.82 1.03083509 0.1 0.09817477 302.0 2032.0 3782.0 3878.0 103000234
cell 10 -2.82 1.12900986 0.1 0.09817477 302.0 2032.0 3782.0 3878.0 103000235
cell 10 -2.82 1.22718463 0.1 0.09817477 302.0 2032.0 3782.0 3878.0 103000236
cell 10 -2.82 1.3253594 0.1 0.09817477 302.0 2032.0 3782.0 3878.0 103000237
cell 10 -2.82 1.42353417 0.1 0.09817477 302.0 2032.0 3782.0 3878.0 103000238
cell 10 -2.82 1.52170894 0.1 0.09817477 302.0 2032.0 3782.0 3878.0 103000239
cell 10 -2.82 1.61988371 0.1 0.09817477 302.0 2032.0 3782.0 3878.0 103000240
cell 10 -2.82 1.71805848 0.1 0.09817477 302.0 2032.0 3782.0 3878.0 103000241
cell 10 -2.82 1.81623325 0.1 0.09817477 302.0 2032.0 3782.0 3878.0 103000242
cell 10 -2.82 1.91440802 0.1 0.09817477 302.0 2032.0 3782.0 3878.0 103000243
cell 10 -2.82 2.01258279 0.1 0.09817477 302.0 2032.0 3782.0 3878.0 103000244
cell 10 -2.82 2.11075756 0.1 0.09817477 302.0 2032.0 3782.0 3878.0 103000245
cell 10 -2.82 2.20893233 0.1 0.09817477 302.0 2032.0 3782.0 3878.0 103000246
cell 10 -2.82 2.3071071 0.1 0.09817477 302.0 2032.0 3782.0 3878.0 103000247
cell 10 -2.82 2.40528188 0.1 0.09817477 302.0 2032.0 3782.0 3878.0 103000248
cell 10 -2.82 2.50345665 0.1 0.09817477 302.0 2032.0 3782.0 3878.0 103000249
cell 10 -2.82 2.60163142 0.1 0.09817477 302.0 2032.0 3782.0 3878.0 103000250
cell 10 -2.82 2.69980619 0.1 0.09817477 302.0 2032.0 3782.0 3878.0 103000251
cell 10 -2.82 2.79798096 0.1 0.09817477 302.0 2032.0 3782.0 3878.0 103000252
cell 10 -2.82 2.89615573 0.1 0.09817477 302.0 2032.0 3782.0 3878.0 103000253
cell 10 -2.82 2.9943305 0.1 0.09817477 302.0 2032.0 3782.0 3878.0 103000254
cell 10 -2.82 3.09250527 0.1 0.09817477 302.0 2032.0 3782.0 3878.0 103000255
cell 10 -2.72 -3.09250527 0.1 0.09817477 302.0 2032.0 3782.0 3878.0 103000256
cell 10 -2.72 -2.9943305 0.1 0.09817477 302.0 2032.0 3782.0 3878.0 103000257
cell 10 -2.72 -2.89615573 0.1 0.09817477 302.0 2032.0 3782.0 3878.0 103000258
cell 10 -2.72 -2.79798096 0.1 0.09817477 302.0 2032.0 3782.0 3878.0 103000259
cell 10 -2.72 -2.69980619 0.1 0.09817477 302.0 2032.0 3782.0 3878.0 103000260
cell 10 -2.72 -2.60163142 0.1 0.09817477 302.0 2032.0 3782.0 3878.0 103000261
cell 10 -2.72 -2.50345665 0.1 0.09817477 302.0 2032.0 3782.0 3878.0 103000262
cell 10 -2.72 -2.40528188 0.1 0.09817477 302.0 2032.0 3782.0 3878.0 103000263
cell 10 -2.72 -2.3071071 0.1 0.09817477 302.0 2032.0 3782.0 3878.0 103000264
cell 10 -2.72 -2.20893233 0.1 0.09817477 302.0 2032.0 3782.0 3878.0 103000265
cell 10 -2.72 -2.11075756 0.1 0.09817477 302.0 2032.0 3782.0 3878.0 103000266
cell 10 -2.72 -2.01258279 0.1 0.09817477 302.0 2032.0 3782.0 3878.0 103000267
cell 10 -2.72 -1.91440802 0.1 0.09817477 302.0 2032.0 3782.0 3878.0 103000268
cell 10 -2.72 -1.81623325 0.1 0.09817477 302.0 2032.0 3782.0 3878.0 103000269
cell 10 -2.72 -1.71805848 0.1 0.09817477 302.0 2032.0 3782.0 3878.0 103000270
cell 10 -2.72 -1.61988371 0.1 0.09817477 302.0 2032.0 3782.0 3878.0 103000271
cell 10 -2.72 -1.52170894 0.1 0.09817477 302.0 2032.0 3782.0 3878.0 103000272
cell 10 -2.72 -1.42353417 0.1 0.09817477 302.0 2032.0 3782.0 3878.0 103000273
cell 10 -2.72 -1.3253594 0.1 0.09817477 302.0 2032.0 3782.0 3878.0 103000274
cell 10 -2.72 -1.22718463 0.1 0.09817477 302.0 2032.0 3782.0 3878.0 103000275
cell 10 -2.72 -1.12900986 0.1 0.09817477 302.0 2032.0 3782.0 3878.0 103000276
cell 10 -2.72 -1.03083509 0.1 0.09817477 302.0 2032.0 3782.0 3878.0 103000277
cell 10 -2.72 -0.93266032 0.1 0.09817477 302.0 2032.0 3782.0 3878.0 103000278
cell 10 -2.72 -0.83448555 0.1 0.09817477 302.0 2032.0 3782.0 3878.0 103000279
cell 10 -2.72 -0.73631078 0.1 0.09817477 302.0 2032.0 3782.0 3878.0 103000280
cell 10 -2.72 -0.63813601 0.1 0.09817477 302.0 2032.0 3782.0 3878.0 103000281
cell 10 -2.72 -0.53996124 0.1 0.09817477 302.0 2032.0 3782.0 3878.0 103000282
cell 10 -2.72 -0.44178647 0.1 0.09817477 302.0 2032.0 3782.0 3878.0 103000283
cell 10 -2.72 -0.3436117 0.1 0.09817477 302.0 2032.0 3782.0 3878.0 103000284
cell 10 -2.72 -0.24543693 0.1 0.09817477 302.0 2032.0 3782.0 3878.0 103000285
cell 10 -2.72 -0.14726216 0.1 0.09817477 302.0 2032.0 3782.0 3878.0 103000286
cell 10 -2.72 -0.04908739 0.1 0.09817477 302.0 2032.0 3782.0 3878.0 103000287
cell 10 -2.72 0.04908739 0.1 0.09817477 302.0 2032.0 3782.0 3878.0 103000288
cell 10 -2.72 0.14726216 0.1 0.09817477 302.0 2032.0 3782.0 3878.0 103000289
cell 10 -2.72 0.24543693 0.1 0.09817477 302.0 2032.0 3782.0 3878.0 103000290
cell 10 -2.72 0.3436117 0.1 0.09817477 302.0 2032.0 3782.0 3878.0 103000291
cell 10 -2.72 0.44178647 0.1 0.09817477 302.0 2032.0 3782.0 3878.0 103000292
cell 10 -2.72 0.53996124 0.1 0.09817477 302.0 2032.0 3782.0 3878.0 103000293
cell 10 -2.72 0.63813601 0.1 0.09817477 302.0 2032.0 3782.0 3878.0 103000294
cell 10 -2.72 0.73631078 0.1 0.09817477 302.0 2032.0 3782.0 3878.0 103000295
cell 10 -2.72 0.83448555 0.1 0.09817477 302.0 2032.0 3782.0 3878.0 103000296
cell 10 -2.72 0.93266032 0.1 0.09817477 302.0 2032.0 3782.0 3878.0 103000297
cell 10 -2.72 1.03083509 0.1 0.09817477 302.0 2032.0 3782.0 3878.0 103000298
cell 10 -2.72 1.12900986 0.1 0.09817477 302.0 2032.0 3782.0 3878.0 103000299
cell 10 -2.72 1.22718463 0.1 0.09817477 302.0 2032.0 3782.0 3878.0 103000300
cell 10 -2.72 1.3253594 0.1 0.09817477 302.0 2032.0 3782.0 3878.0 103000301
cell 10 -2.72 1.42353417 0.1 0.09817477 302.0 2032.0 3782.0 3878.0 103000302
cell 10 -2.72 1.52170894 0.1 0.09817477 302.0 2032.0 3782.0 3878.0 103000303
cell 10 -2.72 1.61988371 0.1 0.09817477 302.0 2032.0 3782.0 3878.0 103000304
cell 10 -2.72 1.71805848 0.1 0.09817477 302.0 2032.0 3782.0 3878.0 103000305
cell 10 -2.72 1.81623325 0.1 0.09817477 302.0 2032.0 3782.0 3878.0 103000306
cell 10 -2.72 1.91440802 0.1 0.09817477 302.0 2032.0 3782.0 3878.0 103000307
cell 10 -2.72 2.01258279 0.1 0.09817477 302.0 2032.0 3782.0 3878.0 103000308
cell 10 -2.72 2.11075756 0.1 0.09817477 302.0 2032.0 3782.0 3878.0 103000309
cell 10 -2.72 2.20893233 0.1 0.09817477 302.0 2032.0 3782.0 3878.0 103000310
cell 10 -2.72 2.3071071 0.1 0.09817477 302.0 2032.0 3782.0 3878.0 103000311
cell 10 -2.72 2.40528188 0.1 0.09817477 302.0 2032.0 3782.0 3878.0 103000312
cell 10 -2.72 2.50345665 0.1 0.09817477 302.0 2032.0 3782.0 3878.0 103000313
cell 10 -2.72 2.60163142 0.1 0.09817477 302.0 2032.0 3782.0 3878.0 103000314
cell 10 -2.72 2.69980619 0.1 0.09817477 302.0 2032.0 3782.0 3878.0 103000315
cell 10 -2.72 2.79798096 0.1 0.09817477 302.0 2032.0 3782.0 3878.0 103000316
cell 10 -2.72 2.89615573 0.1 0.09817477 302.0 2032.0 3782.0 3878.0 103000317
cell 10 -2.72 2.9943305 0.1 0.09817477 302.0 2032.0 3782.0 3878.0 103000318
cell 10 -2.72 3.09250527 0.1 0.09817477 302.0 2032.0 3782.0 3878.0 103000319
cell 10 -2.62 -3.09250527 0.1 0.09817477 302.0 2032.0 3782.0 3878.0 103000320
cell 10 -2.62 -2.9943305 0.1 0.09817477 302.0 2032.0 3782.0 3878.0 103000321
cell 10 -2.62 -2.89615573 0.1 0.09817477 302.0 2032.0 3782.0 3878.0 103000322
cell 10 -2.62 -2.79798096 0.1 0.09817477 302.0 2032.0 3782.0 3878.0 103000323
cell 10 -2.62 -2.69980619 0.1 0.09817477 302.0 2032.0 3782.0 3878.0 103000324
cell 10 -2.62 -2.60163142 0.1 0.09817477 302.0 2032.0 3782.0 3878.0 103000325
cell 10 -2.62 -2.50345665 0.1 0.09817477 302.0 2032.0 3782.0 3878.0 103000326
cell 10 -2.62 -2.40528188 0.1 0.09817477 302.0 2032.0 3782.0 3878.0 103000327
cell 10 -2.62 -2.3071071 0.1 0.09817477 302.0 2032.0 3782.0 3878.0 103000328
cell 10 -2.62 -2.20893233 0.1 0.09817477 302.0 2032.0 3782.0 3878.0 103000329
cell 10 -2.62 -2.11075756 0.1 0.09817477 302.0 2032.0 3782.0 3878.0 103000330
cell 10 -2.62 -2.01258279 0.1 0.09817477 302.0 2032.0 3782.0 3878.0 103000331
cell 10 -2.62 -1.91440802 0.1 0.09817477 302.0 2032.0 3782.0 3878.0 103000332
cell 10 -2.62 -1.81623325 0.1 0.09817477 302.0 2032.0 3782.0 3878.0 103000333
cell 10 -2.62 -1.71805848 0.1 0.09817477 302.0 2032.0 3782.0 3878.0 103000334
cell 10 -2.62 -1.61988371 0.1 0.09817477 302.0 2032.0 3782.0 3878.0 103000335
cell 10 -2.62 -1.52170894 0.1 0.09817477 302.0 2032.0 3782.0 3878.0 103000336
cell 10 -2.62 -1.42353417 0.1 0.09817477 302.0 2032.0 3782.0 3878.0 103000337
cell 10 -2.62 -1.3253594 0.1 0.09817477 302.0 2032.0 3782.0 3878.0 103000338
cell 10 -2.62 -1.22718463 0.1 0.09817477 302.0 2032.0 3782.0 3878.0 103000339
cell 10 -2.62 -1.12900986 0.1 0.09817477 302.0 2032.0 3782.0 3878.0 103000340
cell 10 -2.62 -1.03083509 0.1 0.09817477 302.0 2032.0 3782.0 3878.0 103000341
cell 10 -2.62 -0.93266032 0.1 0.09817477 302.0 2032.0 3782.0 3878.0 103000342
cell 10 -2.62 -0.83448555 0.1 0.09817477 302.0 2032.0 3782.0 3878.0 103000343
cell 10 -2.62 -0.73631078 0.1 0.09817477 302.0 2032.0 3782.0 3878.0 103000344
cell 10 -2.62 -0.63813601 0.1 0.09817477 302.0 2032.0 3782.0 3878.0 103000345
cell 10 -2.62 -0.53996124 0.1 0.09817477 302.0 2032.0 3782.0 3878.0 103000346
cell 10 -2.62 -0.44178647 0.1 0.09817477 302.0 2032.0 3782.0 3878.0 103000347
cell 10 -2.62 -0.3436117 0.1 0.09817477 302.0 2032.0 3782.0 3878.0 103000348
cell 10 -2.62 -0.24543693 0.1 0.09817477 302.0 2032.0 3782.0 3878.0 103000349
cell 10 -2.62 -0.14726216 0.1 0.09817477 302.0 2032.0 3782.0 3878.0 103000350
cell 10 -2.62 -0.04908739 0.1 0.09817477 302.0 2032.0 3782.0 3878.0 103000351
cell 10 -2.62 0.04908739 0.1 0.09817477 302.0 2032.0 3782.0 3878.0 103000352
cell 10 -2.62 0.14726216 0.1 0.09817477 302.0 2032.0 3782.0 3878.0 103000353
cell 10 -2.62 0.24543693 0.1 0.09817477 302.0 2032.0 3782.0 3878.0 103000354
cell 10 -2.62 0.3436117 0.1 0.09817477 302.0 2032.0 3782.0 3878.0 103000355
cell 10 -2.62 0.44178647 0.1 0.09817477 302.0 2032.0 3782.0 3878.0 103000356
cell 10 -2.62 0.53996124 0.1 0.09817477 302.0 2032.0 3782.0 3878.0 103000357
cell 10 -2.62 0.63813601 0.1 0.09817477 302.0 2032.0 3782.0 3878.0 103000358
cell 10 -2.62 0.73631078 0.1 0.09817477 302.0 2032.0 3782.0 3878.0 103000359
cell 10 -2.62 0.83448555 0.1 0.09817477 302.0 2032.0 3782.0 3878.0 103000360
cell 10 -2.62 0.93266032 0.1 0.09817477 302.0 2032.0 3782.0 3878.0 103000361
cell 10 -2.62 1.03083509 0.1 0.09817477 302.0 2032.0 3782.0 3878.0 103000362
cell 10 -2.62 1.12900986 0.1 0.09817477 302.0 2032.0 3782.0 3878.0 103000363
cell 10 -2.62 1.22718463 0.1 0.09817477 302.0 2032.0 3782.0 3878.0 103000364
cell 10 -2.62 1.3253594 0.1 0.09817477 302.0 2032.0 3782.0 3878.0 103000365
cell 10 -2.62 1.42353417 0.1 0.09817477 302.0 2032.0 3782.0 3878.0 103000366
cell 10 -2.62 1.52170894 0.1 0.09817477 302.0 2032.0 3782.0 3878.0 103000367
cell 10 -2.62 1.61988371 0.1 0.09817477 302.0 2032.0 3782.0 3878.0 103000368
cell 10 -2.62 1.71805848 0.1 0.09817477 302.0 2032.0 3782.0 3878.0 103000369
cell 10 -2.62 1.81623325 0.1 0.09817477 302.0 2032.0 3782.0 3878.0 103000370
cell 10 -2.62 1.91440802 0.1 0.09817477 302.0 2032.0 3782.0 3878.0 103000371
cell 10 -2.62 2.01258279 0.1 0.09817477 302.0 2032.0 3782.0 3878.0 103000372
cell 10 -2.62 2.11075756 0.1 0.09817477 302.0 2032.0 3782.0 3878.0 103000373
cell 10 -2.62 2.20893233 0.1 0.09817477 302.0 2032.0 3782.0 3878.0 103000374
cell 10 -2.62 2.3071071 0.1 0.09817477 302.0 2032.0 3782.0 3878.0 103000375
cell 10 -2.62 2.40528188 0.1 0.09817477 302.0 2032.0 3782.0 3878.0 103000376
cell 10 -2.62 2.50345665 0.1 0.09817477 302.0 2032.0 3782.0 3878.0 103000377
cell 10 -2.62 2.60163142 0.1 0.09817477 302.0 2032.0 3782.0 3878.0 103000378
cell 10 -2.62 2.69980619 0.1 0.09817477 302.0 2032.0 3782.0 3878.0 103000379
cell 10 -2.62 2.79798096 0.1 0.09817477 302.0 2032.0 3782.0 3878.0 103000380
cell 10 -2.62 2.89615573 0.1 0.09817477 302.0 2032.0 3782.0 3878.0 103000381
cell 10 -2.62 2.9943305 0.1 0.09817477 302.0 2032.0 3782.0 3878.0 103000382
cell 10 -2.62 3.09250527 0.1 0.09817477 302.0 2032.0 3782.0 3878.0 103000383
cell 10 -2.52 -3.09250527 0.1 0.09817477 302.0 2032.0 3782.0 3878.0 103000384
cell 10 -2.52 -2.9943305 0.1 0.09817477 302.0 2032.0 3782.0 3878.0 103000385
cell 10 -2.52 -2.89615573 0.1 0.09817477 302.0 2032.0 3782.0 3878.0 103000386
cell 10 -2.52 -2.79798096 0.1 0.09817477 302.0 2032.0 3782.0 3878.0 103000387
cell 10 -2.52 -2.69980619 0.1 0.09817477 302.0 2032.0 3782.0 3878.0 103000388
cell 10 -2.52 -2.60163142 0.1 0.09817477 302.0 2032.0 3782.0 3878.0 103000389
cell 10 -2.52 -2.50345665 0.1 0.09817477 302.0 2032.0 3782.0 3878.0 103000390
cell 10 -2.52 -2.40528188 0.1 0.09817477 302.0 2032.0 3782.0 3878.0 103000391
cell 10 -2.52 -2.3071071 0.1 0.09817477 302.0 2032.0 3782.0 3878.0 103000392
cell 10 -2.52 -2.20893233 0.1 0.09817477 302.0 2032.0 3782.0 3878.0 103000393
cell 10 -2.52 -2.11075756 0.1 0.09817477 302.0 2032.0 3782.0 3878.0 103000394
cell 10 -2.52 -2.01258279 0.1 0.09817477 302.0 2032.0 3782.0 3878.0 103000395
cell 10 -2.52 -1.91440802 0.1 0.09817477 302.0 2032.0 3782.0 3878.0 103000396
cell 10 -2.52 -1.81623325 0.1 0.09817477 302.0 2032.0 3782.0 3878.0 103000397
cell 10 -2.52 -1.71805848 0.1 0.09817477 302.0 2032.0 3782.0 3878.0 103000398
cell 10 -2.52 -1.61988371 0.1 0.09817477 302.0 2032.0 3782.0 3878.0 103000399
cell 10 -2.52 -1.52170894 0.1 0.09817477 302.0 2032.0 3782.0 3878.0 103000400
cell 10 -2.52 -1.42353417 0.1 0.09817477 302.0 2032.0 3782.0 3878.0 103000401
cell 10 -2.52 -1.3253594 0.1 0.09817477 302.0 2032.0 3782.0 3878.0 103000402
cell 10 -2.52 -1.22718463 0.1 0.09817477 302.0 2032.0 3782.0 3878.0 103000403
cell 10 -2.52 -1.12900986 0.1 0.09817477 302.0 2032.0 3782.0 3878.0 103000404
cell 10 -2.52 -1.03083509 0.1 0.09817477 302.0 2032.0 3782.0 3878.0 103000405
cell 10 -2.52 -0.93266032 0.1 0.09817477 302.0 2032.0 3782.0 3878.0 103000406
cell 10 -2.52 -0.83448555 0.1 0.09817477 302.0 2032.0 3782.0 3878.0 103000407
cell 10 -2.52 -0.73631078 0.1 0.09817477 302.0 2032.0 3782.0 3878.0 103000408
cell 10 -2.52 -0.63813601 0.1 0.09817477 302.0 2032.0 3782.0 3878.0 103000409
cell 10 -2.52 -0.53996124 0.1 0.09817477 302.0 2032.0 3782.0 3878.0 103000410
cell 10 -2.52 -0.44178647 0.1 0.09817477 302.0 2032.0 3782.0 3878.0 103000411
cell 10 -2.52 -0.3436117 0.1 0.09817477 302.0 2032.0 3782.0 3878.0 103000412
cell 10 -2.52 -0.24543693 0.1 0.09817477 302.0 2032.0 3782.0 3878.0 103000413
cell 10 -2.52 -0.14726216 0.1 0.09817477 302.0 2032.0 3782.0 3878.0 103000414
cell 10 -2.52 -0.04908739 0.1 0.09817477 302.0 2032.0 3782.0 3878.0 103000415
cell 10 -2.52 0.04908739 0.1 0.09817477 302.0 2032.0 3782.0 3878.0 103000416
cell 10 -2.52 0.14726216 0.1 0.09817477 302.0 2032.0 3782.0 3878.0 103000417
cell 10 -2.52 0.24543693 0.1 0.09817477 302.0 2032.0 3782.0 3878.0 103000418
cell 10 -2.52 0.3436117 0.1 0.09817477 302.0 2032.0 3782.0 3878.0 103000419
cell 10 -2.52 0.44178647 0.1 0.09817477 302.0 2032.0 3782.0 3878.0 103000420
cell 10 -2.52 0.53996124 0.1 0.09817477 302.0 2032.0 3782.0 3878.0 103000421
cell 10 -2.52 0.63813601 0.1 0.09817477 302.0 2032.0 3782.0 3878.0 103000422
cell 10 -2.52 0.73631078 0.1 0.09817477 302.0 2032.0 3782.0 3878.0 103000423
cell 10 -2.52 0.83448555 0.1 0.09817477 302.0 2032.0 3782.0 3878.0 103000424
cell 10 -2.52 0.93266032 0.1 0.09817477 302.0 2032.0 3782.0 3878.0 103000425
cell 10 -2.52 1.03083509 0.1 0.09817477 302.0 2032.0 3782.0 3878.0 103000426
cell 10 -2.52 1.12900986 0.1 0.09817477 302.0 2032.0 3782.0 3878.0 103000427
cell 10 -2.52 1.22718463 0.1 0.09817477 302.0 2032.0 3782.0 3878.0 103000428
cell 10 -2.52 1.3253594 0.1 0.09817477 302.0 2032.0 3782.0 3878.0 103000429
cell 10 -2.52 1.42353417 0.1 0.09817477 302.0 2032.0 3782.0 3878.0 103000430
cell 10 -2.52 1.52170894 0.1 0.09817477 302.0 2032.0 3782.0 3878.0 103000431
cell 10 -2.52 1.61988371 0.1 0.09817477 302.0 2032.0 3782.0 3878.0 103000432
cell 10 -2.52 1.71805848 0.1 0.09817477 302.0 2032.0 3782.0 3878.0 103000433
cell 10 -2.52 1.81623325 0.1 0.09817477 302.0 2032.0 3782.0 3878.0 103000434
cell 10 -2.52 1.91440802 0.1 0.09817477 302.0 2032.0 3782.0 3878.0 103000435
cell 10 -2.52 2.01258279 0.1 0.09817477 302.0 2032.0 3782.0 3878.0 103000436
cell 10 -2.52 2.11075756 0.1 0.09817477 302.0 2032.0 3782.0 3878.0 103000437
cell 10 -2.52 2.20893233 0.1 0.09817477 302.0 2032.0 3782.0 3878.0 103000438
cell 10 -2.52 2.3071071 0.1 0.09817477 302.0 2032.0 3782.0 3878.0 103000439
cell 10 -2.52 2.40528188 0.1 0.09817477 302.0 2032.0 3782.0 3878.0 103000440
cell 10 -2.52 2.50345665 0.1 0.09817477 302.0 2032.0 3782.0 3878.0 103000441
cell 10 -2.52 2.60163142 0.1 0.09817477 302.0 2032.0 3782.0 3878.0 103000442
cell 10 -2.52 2.69980619 0.1 0.09817477 302.0 2032.0 3782.0 3878.0 103000443
cell 10 -2.52 2.79798096 0.1 0.09817477 302.0 2032.0 3782.0 3878.0 103000444
cell 10 -2.52 2.89615573 0.1 0.09817477 302.0 2032.0 3782.0 3878.0 103000445
cell 10 -2.52 2.9943305 0.1 0.09817477 302.0 2032.0 3782.0 3878.0 103000446
cell 10 -2.52 3.09250527 0.1 0.09817477 302.0 2032.0 3782.0 3878.0 103000447
cell 10 -2.42 -3.09250527 0.1 0.09817477 302.0 2032.0 3782.0 3878.0 103000448
cell 10 -2.42 -2.9943305 0.1 0.09817477 302.0 2032.0 3782.0 3878.0 103000449
cell 10 -2.42 -2.89615573 0.1 0.09817477 302.0 2032.0 3782.0 3878.0 103000450
cell 10 -2.42 -2.79798096 0.1 0.09817477 302.0 2032.0 3782.0 3878.0 103000451
cell 10 -2.42 -2.69980619 0.1 0.09817477 302.0 2032.0 3782.0 3878.0 103000452
cell 10 -2.42 -2.60163142 0.1 0.09817477 302.0 2032.0 3782.0 3878.0 103000453
cell 10 -2.42 -2.50345665 0.1 0.09817477 302.0 2032.0 3782.0 3878.0 103000454
cell 10 -2.42 -2.40528188 0.1 0.09817477 302.0 2032.0 3782.0 3878.0 103000455
cell 10 -2.42 -2.3071071 0.1 0.09817477 302.0 2032.0 3782.0 3878.0 103000456
cell 10 -2.42 -2.20893233 0.1 0.09817477 302.0 2032.0 3782.0 3878.0 103000457
cell 10 -2.42 -2.11075756 0.1 0.09817477 302.0 2032.0 3782.0 3878.0 103000458
cell 10 -2.42 -2.01258279 0.1 0.09817477 302.0 2032.0 3782.0 3878.0 103000459
cell 10 -2.42 -1.91440802 0.1 0.09817477 302.0 2032.0 3782.0 3878.0 103000460
cell 10 -2.42 -1.81623325 0.1 0.09817477 302.0 2032.0 3782.0 3878.0 103000461
cell 10 -2.42 -1.71805848 0.1 0.09817477 302.0 2032.0 3782.0 3878.0 103000462
cell 10 -2.42 -1.61988371 0.1 0.09817477 302.0 2032.0 3782.0 3878.0 103000463
cell 10 -2.42 -1.52170894 0.1 0.09817477 302.0 2032.0 3782.0 3878.0 103000464
cell 10 -2.42 -1.42353417 0.1 0.09817477 302.0 2032.0 3782.0 3878.0 103000465
cell 10 -2.42 -1.3253594 0.1 0.09817477 302.0 2032.0 3782.0 3878.0 103000466
cell 10 -2.42 -1.22718463 0.1 0.09817477 302.0 2032.0 3782.0 3878.0 103000467
cell 10 -2.42 -1.12900986 0.1 0.09817477 302.0 2032.0 3782.0 3878.0 103000468
cell 10 -2.42 -1.03083509 0.1 0.09817477 302.0 2032.0 3782.0 3878.0 103000469
cell 10 -2.42 -0.93266032 0.1 0.09817477 302.0 2032.0 3782.0 3878.0 103000470
cell 10 -2.42 -0.83448555 0.1 0.09817477 302.0 2032.0 3782.0 3878.0 103000471
cell 10 -2.42 -0.73631078 0.1 0.09817477 302.0 2032.0 3782.0 3878.0 103000472
cell 10 -2.42 -0.63813601 0.1 0.09817477 302.0 2032.0 3782.0 3878.0 103000473
cell 10 -2.42 -0.53996124 0.1 0.09817477 302.0 2032.0 3782.0 3878.0 103000474
cell 10 -2.42 -0.44178647 0.1 0.09817477 302.0 2032.0 3782.0 3878.0 103000475
cell 10 -2.42 -0.3436117 0.1 0.09817477 302.0 2032.0 3782.0 3878.0 103000476
cell 10 -2.42 -0.24543693 0.1 0.09817477 302.0 2032.0 3782.0 3878.0 103000477
cell 10 -2.42 -0.14726216 0.1 0.09817477 302.0 2032.0 3782.0 3878.0 103000478
cell 10 -2.42 -0.04908739 0.1 0.09817477 302.0 2032.0 3782.0 3878.0 103000479
cell 10 -2.42 0.04908739 0.1 0.09817477 302.0 2032.0 3782.0 3878.0 103000480
cell 10 -2.42 0.14726216 0.1 0.09817477 302.0 2032.0 3782.0 3878.0 103000481
cell 10 -2.42 0.24543693 0.1 0.09817477 302.0 2032.0 3782.0 3878.0 103000482
cell 10 -2.42 0.3436117 0.1 0.09817477 302.0 2032.0 3782.0 3878.0 103000483
cell 10 -2.42 0.44178647 0.1 0.09817477 302.0 2032.0 3782.0 3878.0 103000484
cell 10 -2.42 0.53996124 0.1 0.09817477 302.0 2032.0 3782.0 3878.0 103000485
cell 10 -2.42 0.63813601 0.1 0.09817477 302.0 2032.0 3782.0 3878.0 103000486
cell 10 -2.42 0.73631078 0.1 0.09817477 302.0 2032.0 3782.0 3878.0 103000487
cell 10 -2.42 0.83448555 0.1 0.09817477 302.0 2032.0 3782.0 3878.0 103000488
cell 10 -2.42 0.93266032 0.1 0.09817477 302.0 2032.0 3782.0 3878.0 103000489
cell 10 -2.42 1.03083509 0.1 0.09817477 302.0 2032.0 3782.0 3878.0 103000490
cell 10 -2.42 1.12900986 0.1 0.09817477 302.0 2032.0 3782.0 3878.0 103000491
cell 10 -2.42 1.22718463 0.1 0.09817477 302.0 2032.0 3782.0 3878.0 103000492
cell 10 -2.42 1.3253594 0.1 0.09817477 302.0 2032.0 3782.0 3878.0 103000493
cell 10 -2.42 1.42353417 0.1 0.09817477 302.0 2032.0 3782.0 3878.0 103000494
cell 10 -2.42 1.52170894 0.1 0.09817477 302.0 2032.0 3782.0 3878.0 103000495
cell 10 -2.42 1.61988371 0.1 0.09817477 302.0 2032.0 3782.0 3878.0 103000496
cell 10 -2.42 1.71805848 0.1 0.09817477 302.0 2032.0 3782.0 3878.0 103000497
cell 10 -2.42 1.81623325 0.1 0.09817477 302.0 2032.0 3782.0 3878.0 103000498
cell 10 -2.42 1.91440802 0.1 0.09817477 302.0 2032.0 3782.0 3878.0 103000499
cell 10 -2.42 2.01258279 0.1 0.09817477 302.0 2032.0 3782.0 3878.0 103000500
cell 10 -2.42 2.11075756 0.1 0.09817477 302.0 2032.0 3782.0 3878.0 103000501
cell 10 -2.42 2.20893233 0.1 0.09817477 302.0 2032.0 3782.0 3878.0 103000502
cell 10 -2.42 2.3071071 0.1 0.09817477 302.0 2032.0 3782.0 3878.0 103000503
cell 10 -2.42 2.40528188 0.1 0.09817477 302.0 2032.0 3782.0 3878.0 103000504
cell 10 -2.42 2.50345665 0.1 0.09817477 302.0 2032.0 3782.0 3878.0 103000505
cell 10 -2.42 2.60163142 0.1 0.09817477 302.0 2032.0 3782.0 3878.0 103000506
cell 10 -2.42 2.69980619 0.1 0.09817477 302.0 2032.0 3782.0 3878.0 103000507
cell 10 -2.42 2.79798096 0.1 0.09817477 302.0 2032.0 3782.0 3878.0 103000508
cell 10 -2.42 2.89615573 0.1 0.09817477 302.0 2032.0 3782.0 3878.0 103000509
cell 10 -2.42 2.9943305 0.1 0.09817477 302.0 2032.0 3782.0 3878.0 103000510
cell 10 -2.42 3.09250527 0.1 0.09817477 302.0 2032.0 3782.0 3878.0 103000511
cell 10 2.42 -3.09250527 0.1 0.09817477 302.0 2032.0 3782.0 3878.0 103000512
cell 10 2.42 -2.9943305 0.1 0.09817477 302.0 2032.0 3782.0 3878.0 103000513
cell 10 2.42 -2.89615573 0.1 0.09817477 302.0 2032.0 3782.0 3878.0 103000514
cell 10 2.42 -2.79798096 0.1 0.09817477 302.0 2032.0 3782.0 3878.0 103000515
cell 10 2.42 -2.69980619 0.1 0.09817477 302.0 2032.0 3782.0 3878.0 103000516
cell 10 2.42 -2.60163142 0.1 0.09817477 302.0 2032.0 3782.0 3878.0 103000517
cell 10 2.42 -2.50345665 0.1 0.09817477 302.0 2032.0 3782.0 3878.0 103000518
cell 10 2.42 -2.40528188 0.1 0.09817477 302.0 2032.0 3782.0 3878.0 103000519
cell 10 2.42 -2.3071071 0.1 0.09817477 302.0 2032.0 3782.0 3878.0 103000520
cell 10 2.42 -2.20893233 0.1 0.09817477 302.0 2032.0 3782.0 3878.0 103000521
cell 10 2.42 -2.11075756 0.1 0.09817477 302.0 2032.0 3782.0 3878.0 103000522
cell 10 2.42 -2.01258279 0.1 0.09817477 302.0 2032.0 3782.0 3878.0 103000523
cell 10 2.42 -1.91440802 0.1 0.09817477 302.0 2032.0 3782.0 3878.0 103000524
cell 10 2.42 -1.81623325 0.1 0.09817477 302.0 2032.0 3782.0 3878.0 103000525
cell 10 2.42 -1.71805848 0.1 0.09817477 302.0 2032.0 3782.0 3878.0 103000526
cell 10 2.42 -1.61988371 0.1 0.09817477 302.0 2032.0 3782.0 3878.0 103000527
cell 10 2.42 -1.52170894 0.1 0.09817477 302.0 2032.0 3782.0 3878.0 103000528
cell 10 2.42 -1.42353417 0.1 0.09817477 302.0 2032.0 3782.0 3878.0 103000529
cell 10 2.42 -1.3253594 0.1 0.09817477 302.0 2032.0 3782.0 3878.0 103000530
cell 10 2.42 -1.22718463 0.1 0.09817477 302.0 2032.0 3782.0 3878.0 103000531
cell 10 2.42 -1.12900986 0.1 0.09817477 302.0 2032.0 3782.0 3878.0 103000532
cell 10 2.42 -1.03083509 0.1 0.09817477 302.0 2032.0 3782.0 3878.0 103000533
cell 10 2.42 -0.93266032 0.1 0.09817477 302.0 2032.0 3782.0 3878.0 103000534
cell 10 2.42 -0.83448555 0.1 0.09817477 302.0 2032.0 3782.0 3878.0 103000535
cell 10 2.42 -0.73631078 0.1 0.09817477 302.0 2032.0 3782.0 3878.0 103000536
cell 10 2.42 -0.63813601 0.1 0.09817477 302.0 2032.0 3782.0 3878.0 103000537
cell 10 2.42 -0.53996124 0.1 0.09817477 302.0 2032.0 3782.0 3878.0 103000538
cell 10 2.42 -0.44178647 0.1 0.09817477 302.0 2032.0 3782.0 3878.0 103000539
cell 10 2.42 -0.3436117 0.1 0.09817477 302.0 2032.0 3782.0 3878.0 103000540
cell 10 2.42 -0.24543693 0.1 0.09817477 302.0 2032.0 3782.0 3878.0 103000541
cell 10 2.42 -0.14726216 0.1 0.09817477 302.0 2032.0 3782.0 3878.0 103000542
cell 10 2.42 -0.04908739 0.1 0.09817477 302.0 2032.0 3782.0 3878.0 103000543
cell 10 2.42 0.04908739 0.1 0.09817477 302.0 2032.0 3782.0 3878.0 103000544
cell 10 2.42 0.14726216 0.1 0.09817477 302.0 2032.0 3782.0 3878.0 103000545
cell 10 2.42 0.24543693 0.1 0.09817477 302.0 2032.0 3782.0 3878.0 103000546
cell 10 2.42 0.3436117 0.1 0.09817477 302.0 2032.0 3782.0 3878.0 103000547
cell 10 2.42 0.44178647 0.1 0.09817477 302.0 2032.0 3782.0 3878.0 103000548
cell 10 2.42 0.53996124 0.1 0.09817477 302.0 2032.0 3782.0 3878.0 103000549
cell 10 2.42 0.63813601 0.1 0.09817477 302.0 2032.0 3782.0 3878.0 103000550
cell 10 2.42 0.73631078 0.1 0.09817477 302.0 2032.0 3782.0 3878.0 103000551
cell 10 2.42 0.83448555 0.1 0.09817477 302.0 2032.0 3782.0 3878.0 103000552
cell 10 2.42 0.93266032 0.1 0.09817477 302.0 2032.0 3782.0 3878.0 103000553
cell 10 2.42 1.03083509 0.1 0.09817477 302.0 2032.0 3782.0 3878.0 103000554
cell 10 2.42 1.12900986 0.1 0.09817477 302.0 2032.0 3782.0 3878.0 103000555
cell 10 2.42 1.22718463 0.1 0.09817477 302.0 2032.0 3782.0 3878.0 103000556
cell 10 2.42 1.3253594 0.1 0.09817477 302.0 2032.0 3782.0 3878.0 103000557
cell 10 2.42 1.42353417 0.1 0.09817477 302.0 2032.0 3782.0 3878.0 103000558
cell 10 2.42 1.52170894 0.1 0.09817477 302.0 2032.0 3782.0 3878.0 103000559
cell 10 2.42 1.61988371 0.1 0.09817477 302.0 2032.0 3782.0 3878.0 103000560
cell 10 2.42 1.71805848 0.1 0.09817477 302.0 2032.0 3782.0 3878.0 103000561
cell 10 2.42 1.81623325 0.1 0.09817477 302.0 2032.0 3782.0 3878.0 103000562
cell 10 2.42 1.91440802 0.1 0.09817477 302.0 2032.0 3782.0 3878.0 103000563
cell 10 2.42 2.01258279 0.1 0.09817477 302.0 2032.0 3782.0 3878.0 103000564
cell 10 2.42 2.11075756 0.1 0.09817477 302.0 2032.0 3782.0 3878.0 103000565
cell 10 2.42 2.20893233 0.1 0.09817477 302.0 2032.0 3782.0 3878.0 103000566
cell 10 2.42 2.3071071 0.1 0.09817477 302.0 2032.0 3782.0 3878.0 103000567
cell 10 2.42 2.40528188 0.1 0.09817477 302.0 2032.0 3782.0 3878.0 103000568
cell 10 2.42 2.50345665 0.1 0.09817477 302.0 2032.0 3782.0 3878.0 103000569
cell 10 2.42 2.60163142 0.1 0.09817477 302.0 2032.0 3782.0 3878.0 103000570
cell 10 2.42 2.69980619 0.1 0.09817477 302.0 2032.0 3782.0 3878.0 103000571
cell 10 2.42 2.79798096 0.1 0.09817477 302.0 2032.0 3782.0 3878.0 103000572
cell 10 2.42 2.89615573 0.1 0.09817477 302.0 2032.0 3782.0 3878.0 103000573
cell 10 2.42 2.9943305 0.1 0.09817477 302.0 2032.0 3782.0 3878.0 103000574
cell 10 2.42 3.09250527 0.1 0.09817477 302.0 2032.0 3782.0 3878.0 103000575
cell 10 2.52 -3.09250527 0.1 0.09817477 302.0 2032.0 3782.0 3878.0 103000576
cell 10 2.52 -2.9943305 0.1 0.09817477 302.0 2032.0 3782.0 3878.0 103000577
cell 10 2.52 -2.89615573 0.1 0.09817477 302.0 2032.0 3782.0 3878.0 103000578
cell 10 2.52 -2.79798096 0.1 0.09817477 302.0 2032.0 3782.0 3878.0 103000579
cell 10 2.52 -2.69980619 0.1 0.09817477 302.0 2032.0 3782.0 3878.0 103000580
cell 10 2.52 -2.60163142 0.1 0.09817477 302.0 2032.0 3782.0 3878.0 103000581
cell 10 2.52 -2.50345665 0.1 0.09817477 302.0 2032.0 3782.0 3878.0 103000582
cell 10 2.52 -2.40528188 0.1 0.09817477 302.0 2032.0 3782.0 3878.0 103000583
cell 10 2.52 -2.3071071 0.1 0.09817477 302.0 2032.0 3782.0 3878.0 103000584
cell 10 2.52 -2.20893233 0.1 0.09817477 302.0 2032.0 3782.0 3878.0 103000585
cell 10 2.52 -2.11075756 0.1 0.09817477 302.0 2032.0 3782.0 3878.0 103000586
cell 10 2.52 -2.01258279 0.1 0.09817477 302.0 2032.0 3782.0 3878.0 103000587
cell 10 2.52 -1.91440802 0.1 0.09817477 302.0 2032.0 3782.0 3878.0 103000588
cell 10 2.52 -1.81623325 0.1 0.09817477 302.0 2032.0 3782.0 3878.0 103000589
cell 10 2.52 -1.71805848 0.1 0.09817477 302.0 2032.0 3782.0 3878.0 103000590
cell 10 2.52 -1.61988371 0.1 0.09817477 302.0 2032.0 3782.0 3878.0 103000591
cell 10 2.52 -1.52170894 0.1 0.09817477 302.0 2032.0 3782.0 3878.0 103000592
cell 10 2.52 -1.42353417 0.1 0.09817477 302.0 2032.0 3782.0 3878.0 103000593
cell 10 2.52 -1.3253594 0.1 0.09817477 302.0 2032.0 3782.0 3878.0 103000594
cell 10 2.52 -1.22718463 0.1 0.09817477 302.0 2032.0 3782.0 3878.0 103000595
cell 10 2.52 -1.12900986 0.1 0.09817477 302.0 2032.0 3782.0 3878.0 103000596
cell 10 2.52 -1.03083509 0.1 0.09817477 302.0 2032.0 3782.0 3878.0 103000597
cell 10 2.52 -0.93266032 0.1 0.09817477 302.0 2032.0 3782.0 3878.0 103000598
cell 10 2.52 -0.83448555 0.1 0.09817477 302.0 2032.0 3782.0 3878.0 103000599
cell 10 2.52 -0.73631078 0.1 0.09817477 302.0 2032.0 3782.0 3878.0 103000600
cell 10 2.52 -0.63813601 0.1 0.09817477 302.0 2032.0 3782.0 3878.0 103000601
cell 10 2.52 -0.53996124 0.1 0.09817477 302.0 2032.0 3782.0 3878.0 103000602
cell 10 2.52 -0.44178647 0.1 0.09817477 302.0 2032.0 3782.0 3878.0 103000603
cell 10 2.52 -0.3436117 0.1 0.09817477 302.0 2032.0 3782.0 3878.0 103000604
cell 10 2.52 -0.24543693 0.1 0.09817477 302.0 2032.0 3782.0 3878.0 103000605
cell 10 2.52 -0.14726216 0.1 0.09817477 302.0 2032.0 3782.0 3878.0 103000606
cell 10 2.52 -0.04908739 0.1 0.09817477 302.0 2032.0 3782.0 3878.0 103000607
cell 10 2.52 0.04908739 0.1 0.09817477 302.0 2032.0 3782.0 3878.0 103000608
cell 10 2.52 0.14726216 0.1 0.09817477 302.0 2032.0 3782.0 3878.0 103000609
cell 10 2.52 0.24543693 0.1 0.09817477 302.0 2032.0 3782.0 3878.0 103000610
cell 10 2.52 0.3436117 0.1 0.09817477 302.0 2032.0 3782.0 3878.0 103000611
cell 10 2.52 0.44178647 0.1 0.09817477 302.0 2032.0 3782.0 3878.0 103000612
cell 10 2.52 0.53996124 0.1 0.09817477 302.0 2032.0 3782.0 3878.0 103000613
cell 10 2.52 0.63813601 0.1 0.09817477 302.0 2032.0 3782.0 3878.0 103000614
cell 10 2.52 0.73631078 0.1 0.09817477 302.0 2032.0 3782.0 3878.0 103000615
cell 10 2.52 0.83448555 0.1 0.09817477 302.0 2032.0 3782.0 3878.0 103000616
cell 10 2.52 0.93266032 0.1 0.09817477 302.0 2032.0 3782.0 3878.0 103000617
cell 10 2.52 1.03083509 0.1 0.09817477 302.0 2032.0 3782.0 3878.0 103000618
cell 10 2.52 1.12900986 0.1 0.09817477 302.0 2032.0 3782.0 3878.0 103000619
cell 10 2.52 1.22718463 0.1 0.09817477 302.0 2032.0 3782.0 3878.0 103000620
cell 10 2.52 1.3253594 0.1 0.09817477 302.0 2032.0 3782.0 3878.0 103000621
cell 10 2.52 1.42353417 0.1 0.09817477 302.0 2032.0 3782.0 3878.0 103000622
cell 10 2.52 1.52170894 0.1 0.09817477 302.0 2032.0 3782.0 3878.0 103000623
cell 10 2.52 1.61988371 0.1 0.09817477 302.0 2032.0 3782.0 3878.0 103000624
cell 10 2.52 1.71805848 0.1 0.09817477 302.0 2032.0 3782.0 3878.0 103000625
cell 10 2.52 1.81623325 0.1 0.09817477 302.0 2032.0 3782.0 3878.0 103000626
cell 10 2.52 1.91440802 0.1 0.09817477 302.0 2032.0 3782.0 3878.0 103000627
cell 10 2.52 2.01258279 0.1 0.09817477 302.0 2032.0 3782.0 3878.0 103000628
cell 10 2.52 2.11075756 0.1 0.09817477 302.0 2032.0 3782.0 3878.0 103000629
cell 10 2.52 2.20893233 0.1 0.09817477 302.0 2032.0 3782.0 3878.0 103000630
cell 10 2.52 2.3071071 0.1 0.09817477 302.0 2032.0 3782.0 3878.0 103000631
cell 10 2.52 2.40528188 0.1 0.09817477 302.0 2032.0 3782.0 3878.0 103000632
cell 10 2.52 2.50345665 0.1 0.09817477 302.0 2032.0 3782.0 3878.0 103000633
cell 10 2.52 2.60163142 0.1 0.09817477 302.0 2032.0 3782.0 3878.0 103000634
cell 10 2.52 2.69980619 0.1 0.09817477 302.0 2032.0 3782.0 3878.0 103000635
cell 10 2.52 2.79798096 0.1 0.09817477 302.0 2032.0 3782.0 3878.0 103000636
cell 10 2.52 2.89615573 0.1 0.09817477 302.0 2032.0 3782.0 3878.0 103000637
cell 10 2.52 2.9943305 0.1 0.09817477 302.0 2032.0 3782.0 3878.0 103000638
cell 10 2.52 3.09250527 0.1 0.09817477 302.0 2032.0 3782.0 3878.0 103000639
cell 10 2.62 -3.09250527 0.1 0.09817477 302.0 2032.0 3782.0 3878.0 103000640
cell 10 2.62 -2.9943305 0.1 0.09817477 302.0 2032.0 3782.0 3878.0 103000641
cell 10 2.62 -2.89615573 0.1 0.09817477 302.0 2032.0 3782.0 3878.0 103000642
cell 10 2.62 -2.79798096 0.1 0.09817477 302.0 2032.0 3782.0 3878.0 103000643
cell 10 2.62 -2.69980619 0.1 0.09817477 302.0 2032.0 3782.0 3878.0 103000644
cell 10 2.62 -2.60163142 0.1 0.09817477 302.0 2032.0 3782.0 3878.0 103000645
cell 10 2.62 -2.50345665 0.1 0.09817477 302.0 2032.0 3782.0 3878.0 103000646
cell 10 2.62 -2.40528188 0.1 0.09817477 302.0 2032.0 3782.0 3878.0 103000647
cell 10 2.62 -2.3071071 0.1 0.09817477 302.0 2032.0 3782.0 3878.0 103000648
cell 10 2.62 -2.20893233 0.1 0.09817477 302.0 2032.0 3782.0 3878.0 103000649
cell 10 2.62 -2.11075756 0.1 0.09817477 302.0 2032.0 3782.0 3878.0 103000650
cell 10 2.62 -2.01258279 0.1 0.09817477 302.0 2032.0 3782.0 3878.0 103000651
cell 10 2.62 -1.91440802 0.1 0.09817477 302.0 2032.0 3782.0 3878.0 103000652
cell 10 2.62 -1.81623325 0.1 0.09817477 302.0 2032.0 3782.0 3878.0 103000653
cell 10 2.62 -1.71805848 0.1 0.09817477 302.0 2032.0 3782.0 3878.0 103000654
cell 10 2.62 -1.61988371 0.1 0.09817477 302.0 2032.0 3782.0 3878.0 103000655
cell 10 2.62 -1.52170894 0.1 0.09817477 302.0 2032.0 3782.0 3878.0 103000656
cell 10 2.62 -1.42353417 0.1 0.09817477 302.0 2032.0 3782.0 3878.0 103000657
cell 10 2.62 -1.3253594 0.1 0.09817477 302.0 2032.0 3782.0 3878.0 103000658
cell 10 2.62 -1.22718463 0.1 0.09817477 302.0 2032.0 3782.0 3878.0 103000659
cell 10 2.62 -1.12900986 0.1 0.09817477 302.0 2032.0 3782.0 3878.0 103000660
cell 10 2.62 -1.03083509 0.1 0.09817477 302.0 2032.0 3782.0 3878.0 103000661
cell 10 2.62 -0.93266032 0.1 0.09817477 302.0 2032.0 3782.0 3878.0 103000662
cell 10 2.62 -0.83448555 0.1 0.09817477 302.0 2032.0 3782.0 3878.0 103000663
cell 10 2.62 -0.73631078 0.1 0.09817477 302.0 2032.0 3782.0 3878.0 103000664
cell 10 2.62 -0.63813601 0.1 0.09817477 302.0 2032.0 3782.0 3878.0 103000665
cell 10 2.62 -0.53996124 0.1 0.09817477 302.0 2032.0 3782.0 3878.0 103000666
cell 10 2.62 -0.44178647 0.1 0.09817477 302.0 2032.0 3782.0 3878.0 103000667
cell 10 2.62 -0.3436117 0.1 0.09817477 302.0 2032.0 3782.0 3878.0 103000668
cell 10 2.62 -0.24543693 0.1 0.09817477 302.0 2032.0 3782.0 3878.0 103000669
cell 10 2.62 -0.14726216 0.1 0.09817477 302.0 2032.0 3782.0 3878.0 103000670
cell 10 2.62 -0.04908739 0.1 0.09817477 302.0 2032.0 3782.0 3878.0 103000671
cell 10 2.62 0.04908739 0.1 0.09817477 302.0 2032.0 3782.0 3878.0 103000672
cell 10 2.62 0.14726216 0.1 0.09817477 302.0 2032.0 3782.0 3878.0 103000673
cell 10 2.62 0.24543693 0.1 0.09817477 302.0 2032.0 3782.0 3878.0 103000674
cell 10 2.62 0.3436117 0.1 0.09817477 302.0 2032.0 3782.0 3878.0 103000675
cell 10 2.62 0.44178647 0.1 0.09817477 302.0 2032.0 3782.0 3878.0 103000676
cell 10 2.62 0.53996124 0.1 0.09817477 302.0 2032.0 3782.0 3878.0 103000677
cell 10 2.62 0.63813601 0.1 0.09817477 302.0 2032.0 3782.0 3878.0 103000678
cell 10 2.62 0.73631078 0.1 0.09817477 302.0 2032.0 3782.0 3878.0 103000679
cell 10 2.62 0.83448555 0.1 0.09817477 302.0 2032.0 3782.0 3878.0 103000680
cell 10 2.62 0.93266032 0.1 0.09817477 302.0 2032.0 3782.0 3878.0 103000681
cell 10 2.62 1.03083509 0.1 0.09817477 302.0 2032.0 3782.0 3878.0 103000682
cell 10 2.62 1.12900986 0.1 0.09817477 302.0 2032.0 3782.0 3878.0 103000683
cell 10 2.62 1.22718463 0.1 0.09817477 302.0 2032.0 3782.0 3878.0 103000684
cell 10 2.62 1.3253594 0.1 0.09817477 302.0 2032.0 3782.0 3878.0 103000685
cell 10 2.62 1.42353417 0.1 0.09817477 302.0 2032.0 3782.0 3878.0 103000686
cell 10 2.62 1.52170894 0.1 0.09817477 302.0 2032.0 3782.0 3878.0 103000687
cell 10 2.62 1.61988371 0.1 0.09817477 302.0 2032.0 3782.0 3878.0 103000688
cell 10 2.62 1.71805848 0.1 0.09817477 302.0 2032.0 3782.0 3878.0 103000689
cell 10 2.62 1.81623325 0.1 0.09817477 302.0 2032.0 3782.0 3878.0 103000690
cell 10 2.62 1.91440802 0.1 0.09817477 302.0 2032.0 3782.0 3878.0 103000691
cell 10 2.62 2.01258279 0.1 0.09817477 302.0 2032.0 3782.0 3878.0 103000692
cell 10 2.62 2.11075756 0.1 0.09817477 302.0 2032.0 3782.0 3878.0 103000693
cell 10 2.62 2.20893233 0.1 0.09817477 302.0 2032.0 3782.0 3878.0 103000694
cell 10 2.62 2.3071071 0.1 0.09817477 302.0 2032.0 3782.0 3878.0 103000695
cell 10 2.62 2.40528188 0.1 0.09817477 302.0 2032.0 3782.0 3878.0 103000696
cell 10 2.62 2.50345665 0.1 0.09817477 302.0 2032.0 3782.0 3878.0 103000697
cell 10 2.62 2.60163142 0.1 0.09817477 302.0 2032.0 3782.0 3878.0 103000698
cell 10 2.62 2.69980619 0.1 0.09817477 302.0 2032.0 3782.0 3878.0 103000699
cell 10 2.62 2.79798096 0.1 0.09817477 302.0 2032.0 3782.0 3878.0 103000700
cell 10 2.62 2.89615573 0.1 0.09817477 302.0 2032.0 3782.0 3878.0 103000701
cell 10 2.62 2.9943305 0.1 0.09817477 302.0 2032.0 3782.0 3878.0 103000702
cell 10 2.62 3.09250527 0.1 0.09817477 302.0 2032.0 3782.0 3878.0 103000703
cell 10 2.72 -3.09250527 0.1 0.09817477 302.0 2032.0 3782.0 3878.0 103000704
cell 10 2.72 -2.9943305 0.1 0.09817477 302.0 2032.0 3782.0 3878.0 103000705
cell 10 2.72 -2.89615573 0.1 0.09817477 302.0 2032.0 3782.0 3878.0 103000706
cell 10 2.72 -2.79798096 0.1 0.09817477 302.0 2032.0 3782.0 3878.0 103000707
cell 10 2.72 -2.69980619 0.1 0.09817477 302.0 2032.0 3782.0 3878.0 103000708
cell 10 2.72 -2.60163142 0.1 0.09817477 302.0 2032.0 3782.0 3878.0 103000709
cell 10 2.72 -2.50345665 0.1 0.09817477 302.0 2032.0 3782.0 3878.0 103000710
cell 10 2.72 -2.40528188 0.1 0.09817477 302.0 2032.0 3782.0 3878.0 103000711
cell 10 2.72 -2.3071071 0.1 0.09817477 302.0 2032.0 3782.0 3878.0 103000712
cell 10 2.72 -2.20893233 0.1 0.09817477 302.0 2032.0 3782.0 3878.0 103000713
cell 10 2.72 -2.11075756 0.1 0.09817477 302.0 2032.0 3782.0 3878.0 103000714
cell 10 2.72 -2.01258279 0.1 0.09817477 302.0 2032.0 3782.0 3878.0 103000715
cell 10 2.72 -1.91440802 0.1 0.09817477 302.0 2032.0 3782.0 3878.0 103000716
cell 10 2.72 -1.81623325 0.1 0.09817477 302.0 2032.0 3782.0 3878.0 103000717
cell 10 2.72 -1.71805848 0.1 0.09817477 302.0 2032.0 3782.0 3878.0 103000718
cell 10 2.72 -1.61988371 0.1 0.09817477 302.0 2032.0 3782.0 3878.0 103000719
cell 10 2.72 -1.52170894 0.1 0.09817477 302.0 2032.0 3782.0 3878.0 103000720
cell 10 2.72 -1.42353417 0.1 0.09817477 302.0 2032.0 3782.0 3878.0 103000721
cell 10 2.72 -1.3253594 0.1 0.09817477 302.0 2032.0 3782.0 3878.0 103000722
cell 10 2.72 -1.22718463 0.1 0.09817477 302.0 2032.0 3782.0 3878.0 103000723
cell 10 2.72 -1.12900986 0.1 0.09817477 302.0 2032.0 3782.0 3878.0 103000724
cell 10 2.72 -1.03083509 0.1 0.09817477 302.0 2032.0 3782.0 3878.0 103000725
cell 10 2.72 -0.93266032 0.1 0.09817477 302.0 2032.0 3782.0 3878.0 103000726
cell 10 2.72 -0.83448555 0.1 0.09817477 302.0 2032.0 3782.0 3878.0 103000727
cell 10 2.72 -0.73631078 0.1 0.09817477 302.0 2032.0 3782.0 3878.0 103000728
cell 10 2.72 -0.63813601 0.1 0.09817477 302.0 2032.0 3782.0 3878.0 103000729
cell 10 2.72 -0.53996124 0.1 0.09817477 302.0 2032.0 3782.0 3878.0 103000730
cell 10 2.72 -0.44178647 0.1 0.09817477 302.0 2032.0 3782.0 3878.0 103000731
cell 10 2.72 -0.3436117 0.1 0.09817477 302.0 2032.0 3782.0 3878.0 103000732
cell 10 2.72 -0.24543693 0.1 0.09817477 302.0 2032.0 3782.0 3878.0 103000733
cell 10 2.72 -0.14726216 0.1 0.09817477 302.0 2032.0 3782.0 3878.0 103000734
cell 10 2.72 -0.04908739 0.1 0.09817477 302.0 2032.0 3782.0 3878.0 103000735
cell 10 2.72 0.04908739 0.1 0.09817477 302.0 2032.0 3782.0 3878.0 103000736
cell 10 2.72 0.14726216 0.1 0.09817477 302.0 2032.0 3782.0 3878.0 103000737
cell 10 2.72 0.24543693 0.1 0.09817477 302.0 2032.0 3782.0 3878.0 103000738
cell 10 2.72 0.3436117 0.1 0.09817477 302.0 2032.0 3782.0 3878.0 103000739
cell 10 2.72 0.44178647 0.1 0.09817477 302.0 2032.0 3782.0 3878.0 103000740
cell 10 2.72 0.53996124 0.1 0.09817477 302.0 2032.0 3782.0 3878.0 103000741
cell 10 2.72 0.63813601 0.1 0.09817477 302.0 2032.0 3782.0 3878.0 103000742
cell 10 2.72 0.73631078 0.1 0.09817477 302.0 2032.0 3782.0 3878.0 103000743
cell 10 2.72 0.83448555 0.1 0.09817477 302.0 2032.0 3782.0 3878.0 103000744
cell 10 2.72 0.93266032 0.1 0.09817477 302.0 2032.0 3782.0 3878.0 103000745
cell 10 2.72 1.03083509 0.1 0.09817477 302.0 2032.0 3782.0 3878.0 103000746
cell 10 2.72 1.12900986 0.1 0.09817477 302.0 2032.0 3782.0 3878.0 103000747
cell 10 2.72 1.22718463 0.1 0.09817477 302.0 2032.0 3782.0 3878.0 103000748
cell 10 2.72 1.3253594 0.1 0.09817477 302.0 2032.0 3782.0 3878.0 103000749
cell 10 2.72 1.42353417 0.1 0.09817477 302.0 2032.0 3782.0 3878.0 103000750
cell 10 2.72 1.52170894 0.1 0.09817477 302.0 2032.0 3782.0 3878.0 103000751
cell 10 2.72 1.61988371 0.1 0.09817477 302.0 2032.0 3782.0 3878.0 103000752
cell 10 2.72 1.71805848 0.1 0.09817477 302.0 2032.0 3782.0 3878.0 103000753
cell 10 2.72 1.81623325 0.1 0.09817477 302.0 2032.0 3782.0 3878.0 103000754
cell 10 2.72 1.91440802 0.1 0.09817477 302.0 2032.0 3782.0 3878.0 103000755
cell 10 2.72 2.01258279 0.1 0.09817477 302.0 2032.0 3782.0 3878.0 103000756
cell 10 2.72 2.11075756 0.1 0.09817477 302.0 2032.0 3782.0 3878.0 103000757
cell 10 2.72 2.20893233 0.1 0.09817477 302.0 2032.0 3782.0 3878.0 103000758
cell 10 2.72 2.3071071 0.1 0.09817477 302.0 2032.0 3782.0 3878.0 103000759
cell 10 2.72 2.40528188 0.1 0.09817477 302.0 2032.0 3782.0 3878.0 103000760
cell 10 2.72 2.50345665 0.1 0.09817477 302.0 2032.0 3782.0 3878.0 103000761
cell 10 2.72 2.60163142 0.1 0.09817477 302.0 2032.0 3782.0 3878.0 103000762
cell 10 2.72 2.69980619 0.1 0.09817477 302.0 2032.0 3782.0 3878.0 103000763
cell 10 2.72 2.79798096 0.1 0.09817477 302.0 2032.0 3782.0 3878.0 103000764
cell 10 2.72 2.89615573 0.1 0.09817477 302.0 2032.0 3782.0 3878.0 103000765
cell 10 2.72 2.9943305 0.1 0.09817477 302.0 2032.0 3782.0 3878.0 103000766
cell 10 2.72 3.09250527 0.1 0.09817477 302.0 2032.0 3782.0 3878.0 103000767
cell 10 2.82 -3.09250527 0.1 0.09817477 302.0 2032.0 3782.0 3878.0 103000768
cell 10 2.82 -2.9943305 0.1 0.09817477 302.0 2032.0 3782.0 3878.0 103000769
cell 10 2.82 -2.89615573 0.1 0.09817477 302.0 2032.0 3782.0 3878.0 103000770
cell 10 2.82 -2.79798096 0.1 0.09817477 302.0 2032.0 3782.0 3878.0 103000771
cell 10 2.82 -2.69980619 0.1 0.09817477 302.0 2032.0 3782.0 3878.0 103000772
cell 10 2.82 -2.60163142 0.1 0.09817477 302.0 2032.0 3782.0 3878.0 103000773
cell 10 2.82 -2.50345665 0.1 0.09817477 302.0 2032.0 3782.0 3878.0 103000774
cell 10 2.82 -2.40528188 0.1 0.09817477 302.0 2032.0 3782.0 3878.0 103000775
cell 10 2.82 -2.3071071 0.1 0.09817477 302.0 2032.0 3782.0 3878.0 103000776
cell 10 2.82 -2.20893233 0.1 0.09817477 302.0 2032.0 3782.0 3878.0 103000777
cell 10 2.82 -2.11075756 0.1 0.09817477 302.0 2032.0 3782.0 3878.0 103000778
cell 10 2.82 -2.01258279 0.1 0.09817477 302.0 2032.0 3782.0 3878.0 103000779
cell 10 2.82 -1.91440802 0.1 0.09817477 302.0 2032.0 3782.0 3878.0 103000780
cell 10 2.82 -1.81623325 0.1 0.09817477 302.0 2032.0 3782.0 3878.0 103000781
cell 10 2.82 -1.71805848 0.1 0.09817477 302.0 2032.0 3782.0 3878.0 103000782
cell 10 2.82 -1.61988371 0.1 0.09817477 302.0 2032.0 3782.0 3878.0 103000783
cell 10 2.82 -1.52170894 0.1 0.09817477 302.0 2032.0 3782.0 3878.0 103000784
cell 10 2.82 -1.42353417 0.1 0.09817477 302.0 2032.0 3782.0 3878.0 103000785
cell 10 2.82 -1.3253594 0.1 0.09817477 302.0 2032.0 3782.0 3878.0 103000786
cell 10 2.82 -1.22718463 0.1 0.09817477 302.0 2032.0 3782.0 3878.0 103000787
cell 10 2.82 -1.12900986 0.1 0.09817477 302.0 2032.0 3782.0 3878.0 103000788
cell 10 2.82 -1.03083509 0.1 0.09817477 302.0 2032.0 3782.0 3878.0 103000789
cell 10 2.82 -0.93266032 0.1 0.09817477 302.0 2032.0 3782.0 3878.0 103000790
cell 10 2.82 -0.83448555 0.1 0.09817477 302.0 2032.0 3782.0 3878.0 103000791
cell 10 2.82 -0.73631078 0.1 0.09817477 302.0 2032.0 3782.0 3878.0 103000792
cell 10 2.82 -0.63813601 0.1 0.09817477 302.0 2032.0 3782.0 3878.0 103000793
cell 10 2.82 -0.53996124 0.1 0.09817477 302.0 2032.0 3782.0 3878.0 103000794
cell 10 2.82 -0.44178647 0.1 0.09817477 302.0 2032.0 3782.0 3878.0 103000795
cell 10 2.82 -0.3436117 0.1 0.09817477 302.0 2032.0 3782.0 3878.0 103000796
cell 10 2.82 -0.24543693 0.1 0.09817477 302.0 2032.0 3782.0 3878.0 103000797
cell 10 2.82 -0.14726216 0.1 0.09817477 302.0 2032.0 3782.0 3878.0 103000798
cell 10 2.82 -0.04908739 0.1 0.09817477 302.0 2032.0 3782.0 3878.0 103000799
cell 10 2.82 0.04908739 0.1 0.09817477 302.0 2032.0 3782.0 3878.0 103000800
cell 10 2.82 0.14726216 0.1 0.09817477 302.0 2032.0 3782.0 3878.0 103000801
cell 10 2.82 0.24543693 0.1 0.09817477 302.0 2032.0 3782.0 3878.0 103000802
cell 10 2.82 0.3436117 0.1 0.09817477 302.0 2032.0 3782.0 3878.0 103000803
cell 10 2.82 0.44178647 0.1 0.09817477 302.0 2032.0 3782.0 3878.0 103000804
cell 10 2.82 0.53996124 0.1 0.09817477 302.0 2032.0 3782.0 3878.0 103000805
cell 10 2.82 0.63813601 0.1 0.09817477 302.0 2032.0 3782.0 3878.0 103000806
cell 10 2.82 0.73631078 0.1 0.09817477 302.0 2032.0 3782.0 3878.0 103000807
cell 10 2.82 0.83448555 0.1 0.09817477 302.0 2032.0 3782.0 3878.0 103000808
cell 10 2.82 0.93266032 0.1 0.09817477 302.0 2032.0 3782.0 3878.0 103000809
cell 10 2.82 1.03083509 0.1 0.09817477 302.0 2032.0 3782.0 3878.0 103000810
cell 10 2.82 1.12900986 0.1 0.09817477 302.0 2032.0 3782.0 3878.0 103000811
cell 10 2.82 1.22718463 0.1 0.09817477 302.0 2032.0 3782.0 3878.0 103000812
cell 10 2.82 1.3253594 0.1 0.09817477 302.0 2032.0 3782.0 3878.0 103000813
cell 10 2.82 1.42353417 0.1 0.09817477 302.0 2032.0 3782.0 3878.0 103000814
cell 10 2.82 1.52170894 0.1 0.09817477 302.0 2032.0 3782.0 3878.0 103000815
cell 10 2.82 1.61988371 0.1 0.09817477 302.0 2032.0 3782.0 3878.0 103000816
cell 10 2.82 1.71805848 0.1 0.09817477 302.0 2032.0 3782.0 3878.0 103000817
cell 10 2.82 1.81623325 0.1 0.09817477 302.0 2032.0 3782.0 3878.0 103000818
cell 10 2.82 1.91440802 0.1 0.09817477 302.0 2032.0 3782.0 3878.0 103000819
cell 10 2.82 2.01258279 0.1 0.09817477 302.0 2032.0 3782.0 3878.0 103000820
cell 10 2.82 2.11075756 0.1 0.09817477 302.0 2032.0 3782.0 3878.0 103000821
cell 10 2.82 2.20893233 0.1 0.09817477 302.0 2032.0 3782.0 3878.0 103000822
cell 10 2.82 2.3071071 0.1 0.09817477 302.0 2032.0 3782.0 3878.0 103000823
cell 10 2.82 2.40528188 0.1 0.09817477 302.0 2032.0 3782.0 3878.0 103000824
cell 10 2.82 2.50345665 0.1 0.09817477 302.0 2032.0 3782.0 3878.0 103000825
cell 10 2.82 2.60163142 0.1 0.09817477 302.0 2032.0 3782.0 3878.0 103000826
cell 10 2.82 2.69980619 0.1 0.09817477 302.0 2032.0 3782.0 3878.0 103000827
cell 10 2.82 2.79798096 0.1 0.09817477 302.0 2032.0 3782.0 3878.0 103000828
cell 10 2.82 2.89615573 0.1 0.09817477 302.0 2032.0 3782.0 3878.0 103000829
cell 10 2.82 2.9943305 0.1 0.09817477 302.0 2032.0 3782.0 3878.0 103000830
cell 10 2.82 3.09250527 0.1 0.09817477 302.0 2032.0 3782.0 3878.0 103000831
cell 10 2.92 -3.09250527 0.1 0.09817477 302.0 2032.0 3782.0 3878.0 103000832
cell 10 2.92 -2.9943305 0.1 0.09817477 302.0 2032.0 3782.0 3878.0 103000833
cell 10 2.92 -2.89615573 0.1 0.09817477 302.0 2032.0 3782.0 3878.0 103000834
cell 10 2.92 -2.79798096 0.1 0.09817477 302.0 2032.0 3782.0 3878.0 103000835
cell 10 2.92 -2.69980619 0.1 0.09817477 302.0 2032.0 3782.0 3878.0 103000836
cell 10 2.92 -2.60163142 0.1 0.09817477 302.0 2032.0 3782.0 3878.0 103000837
cell 10 2.92 -2.50345665 0.1 0.09817477 302.0 2032.0 3782.0 3878.0 103000838
cell 10 2.92 -2.40528188 0.1 0.09817477 302.0 2032.0 3782.0 3878.0 103000839
cell 10 2.92 -2.3071071 0.1 0.09817477 302.0 2032.0 3782.0 3878.0 103000840
cell 10 2.92 -2.20893233 0.1 0.09817477 302.0 2032.0 3782.0 3878.0 103000841
cell 10 2.92 -2.11075756 0.1 0.09817477 302.0 2032.0 3782.0 3878.0 103000842
cell 10 2.92 -2.01258279 0.1 0.09817477 302.0 2032.0 3782.0 3878.0 103000843
cell 10 2.92 -1.91440802 0.1 0.09817477 302.0 2032.0 3782.0 3878.0 103000844
cell 10 2.92 -1.81623325 0.1 0.09817477 302.0 2032.0 3782.0 3878.0 103000845
cell 10 2.92 -1.71805848 0.1 0.09817477 302.0 2032.0 3782.0 3878.0 103000846
cell 10 2.92 -1.61988371 0.1 0.09817477 302.0 2032.0 3782.0 3878.0 103000847
cell 10 2.92 -1.52170894 0.1 0.09817477 302.0 2032.0 3782.0 3878.0 103000848
cell 10 2.92 -1.42353417 0.1 0.09817477 302.0 2032.0 3782.0 3878.0 103000849
cell 10 2.92 -1.3253594 0.1 0.09817477 302.0 2032.0 3782.0 3878.0 103000850
cell 10 2.92 -1.22718463 0.1 0.09817477 302.0 2032.0 3782.0 3878.0 103000851
cell 10 2.92 -1.12900986 0.1 0.09817477 302.0 2032.0 3782.0 3878.0 103000852
cell 10 2.92 -1.03083509 0.1 0.09817477 302.0 2032.0 3782.0 3878.0 103000853
cell 10 2.92 -0.93266032 0.1 0.09817477 302.0 2032.0 3782.0 3878.0 103000854
cell 10 2.92 -0.83448555 0.1 0.09817477 302.0 2032.0 3782.0 3878.0 103000855
cell 10 2.92 -0.73631078 0.1 0.09817477 302.0 2032.0 3782.0 3878.0 103000856
cell 10 2.92 -0.63813601 0.1 0.09817477 302.0 2032.0 3782.0 3878.0 103000857
cell 10 2.92 -0.53996124 0.1 0.09817477 302.0 2032.0 3782.0 3878.0 103000858
cell 10 2.92 -0.44178647 0.1 0.09817477 302.0 2032.0 3782.0 3878.0 103000859
cell 10 2.92 -0.3436117 0.1 0.09817477 302.0 2032.0 3782.0 3878.0 103000860
cell 10 2.92 -0.24543693 0.1 0.09817477 302.0 2032.0 3782.0 3878.0 103000861
cell 10 2.92 -0.14726216 0.1 0.09817477 302.0 2032.0 3782.0 3878.0 103000862
cell 10 2.92 -0.04908739 0.1 0.09817477 302.0 2032.0 3782.0 3878.0 103000863
cell 10 2.92 0.04908739 0.1 0.09817477 302.0 2032.0 3782.0 3878.0 103000864
cell 10 2.92 0.14726216 0.1 0.09817477 302.0 2032.0 3782.0 3878.0 103000865
cell 10 2.92 0.24543693 0.1 0.09817477 302.0 2032.0 3782.0 3878.0 103000866
cell 10 2.92 0.3436117 0.1 0.09817477 302.0 2032.0 3782.0 3878.0 103000867
cell 10 2.92 0.44178647 0.1 0.09817477 302.0 2032.0 3782.0 3878.0 103000868
cell 10 2.92 0.53996124 0.1 0.09817477 302.0 2032.0 3782.0 3878.0 103000869
cell 10 2.92 0.63813601 0.1 0.09817477 302.0 2032.0 3782.0 3878.0 103000870
cell 10 2.92 0.73631078 0.1 0.09817477 302.0 2032.0 3782.0 3878.0 103000871
cell 10 2.92 0.83448555 0.1 0.09817477 302.0 2032.0 3782.0 3878.0 103000872
cell 10 2.92 0.93266032 0.1 0.09817477 302.0 2032.0 3782.0 3878.0 103000873
cell 10 2.92 1.03083509 0.1 0.09817477 302.0 2032.0 3782.0 3878.0 103000874
cell 10 2.92 1.12900986 0.1 0.09817477 302.0 2032.0 3782.0 3878.0 103000875
cell 10 2.92 1.22718463 0.1 0.09817477 302.0 2032.0 3782.0 3878.0 103000876
cell 10 2.92 1.3253594 0.1 0.09817477 302.0 2032.0 3782.0 3878.0 103000877
cell 10 2.92 1.42353417 0.1 0.09817477 302.0 2032.0 3782.0 3878.0 103000878
cell 10 2.92 1.52170894 0.1 0.09817477 302.0 2032.0 3782.0 3878.0 103000879
cell 10 2.92 1.61988371 0.1 0.09817477 302.0 2032.0 3782.0 3878.0 103000880
cell 10 2.92 1.71805848 0.1 0.09817477 302.0 2032.0 3782.0 3878.0 103000881
cell 10 2.92 1.81623325 0.1 0.09817477 302.0 2032.0 3782.0 3878.0 103000882
cell 10 2.92 1.91440802 0.1 0.09817477 302.0 2032.0 3782.0 3878.0 103000883
cell 10 2.92 2.01258279 0.1 0.09817477 302.0 2032.0 3782.0 3878.0 103000884
cell 10 2.92 2.11075756 0.1 0.09817477 302.0 2032.0 3782.0 3878.0 103000885
cell 10 2.92 2.20893233 0.1 0.09817477 302.0 2032.0 3782.0 3878.0 103000886
cell 10 2.92 2.3071071 0.1 0.09817477 302.0 2032.0 3782.0 3878.0 103000887
cell 10 2.92 2.40528188 0.1 0.09817477 302.0 2032.0 3782.0 3878.0 103000888
cell 10 2.92 2.50345665 0.1 0.09817477 302.0 2032.0 3782.0 3878.0 103000889
cell 10 2.92 2.60163142 0.1 0.09817477 302.0 2032.0 3782.0 3878.0 103000890
cell 10 2.92 2.69980619 0.1 0.09817477 302.0 2032.0 3782.0 3878.0 103000891
cell 10 2.92 2.79798096 0.1 0.09817477 302.0 2032.0 3782.0 3878.0 103000892
cell 10 2.92 2.89615573 0.1 0.09817477 302.0 2032.0 3782.0 3878.0 103000893
cell 10 2.92 2.9943305 0.1 0.09817477 302.0 2032.0 3782.0 3878.0 103000894
cell 10 2.92 3.09250527 0.1 0.09817477 302.0 2032.0 3782.0 3878.0 103000895
cell 10 3.02 -3.09250527 0.1 0.09817477 302.0 2032.0 3782.0 3878.0 103000896
cell 10 3.02 -2.9943305 0.1 0.09817477 302.0 2032.0 3782.0 3878.0 103000897
cell 10 3.02 -2.89615573 0.1 0.09817477 302.0 2032.0 3782.0 3878.0 103000898
cell 10 3.02 -2.79798096 0.1 0.09817477 302.0 2032.0 3782.0 3878.0 103000899
cell 10 3.02 -2.69980619 0.1 0.09817477 302.0 2032.0 3782.0 3878.0 103000900
cell 10 3.02 -2.60163142 0.1 0.09817477 302.0 2032.0 3782.0 3878.0 103000901
cell 10 3.02 -2.50345665 0.1 0.09817477 302.0 2032.0 3782.0 3878.0 103000902
cell 10 3.02 -2.40528188 0.1 0.09817477 302.0 2032.0 3782.0 3878.0 103000903
cell 10 3.02 -2.3071071 0.1 0.09817477 302.0 2032.0 3782.0 3878.0 103000904
cell 10 3.02 -2.20893233 0.1 0.09817477 302.0 2032.0 3782.0 3878.0 103000905
cell 10 3.02 -2.11075756 0.1 0.09817477 302.0 2032.0 3782.0 3878.0 103000906
cell 10 3.02 -2.01258279 0.1 0.09817477 302.0 2032.0 3782.0 3878.0 103000907
cell 10 3.02 -1.91440802 0.1 0.09817477 302.0 2032.0 3782.0 3878.0 103000908
cell 10 3.02 -1.81623325 0.1 0.09817477 302.0 2032.0 3782.0 3878.0 103000909
cell 10 3.02 -1.71805848 0.1 0.09817477 302.0 2032.0 3782.0 3878.0 103000910
cell 10 3.02 -1.61988371 0.1 0.09817477 302.0 2032.0 3782.0 3878.0 103000911
cell 10 3.02 -1.52170894 0.1 0.09817477 302.0 2032.0 3782.0 3878.0 103000912
cell 10 3.02 -1.42353417 0.1 0.09817477 302.0 2032.0 3782.0 3878.0 103000913
cell 10 3.02 -1.3253594 0.1 0.09817477 302.0 2032.0 3782.0 3878.0 103000914
cell 10 3.02 -1.22718463 0.1 0.09817477 302.0 2032.0 3782.0 3878.0 103000915
cell 10 3.02 -1.12900986 0.1 0.09817477 302.0 2032.0 3782.0 3878.0 103000916
cell 10 3.02 -1.03083509 0.1 0.09817477 302.0 2032.0 3782.0 3878.0 103000917
cell 10 3.02 -0.93266032 0.1 0.09817477 302.0 2032.0 3782.0 3878.0 103000918
cell 10 3.02 -0.83448555 0.1 0.09817477 302.0 2032.0 3782.0 3878.0 103000919
cell 10 3.02 -0.73631078 0.1 0.09817477 302.0 2032.0 3782.0 3878.0 103000920
cell 10 3.02 -0.63813601 0.1 0.09817477 302.0 2032.0 3782.0 3878.0 103000921
cell 10 3.02 -0.53996124 0.1 0.09817477 302.0 2032.0 3782.0 3878.0 103000922
cell 10 3.02 -0.44178647 0.1 0.09817477 302.0 2032.0 3782.0 3878.0 103000923
cell 10 3.02 -0.3436117 0.1 0.09817477 302.0 2032.0 3782.0 3878.0 103000924
cell 10 3.02 -0.24543693 0.1 0.09817477 302.0 2032.0 3782.0 3878.0 103000925
cell 10 3.02 -0.14726216 0.1 0.09817477 302.0 2032.0 3782.0 3878.0 103000926
cell 10 3.02 -0.04908739 0.1 0.09817477 302.0 2032.0 3782.0 3878.0 103000927
cell 10 3.02 0.04908739 0.1 0.09817477 302.0 2032.0 3782.0 3878.0 103000928
cell 10 3.02 0.14726216 0.1 0.09817477 302.0 2032.0 3782.0 3878.0 103000929
cell 10 3.02 0.24543693 0.1 0.09817477 302.0 2032.0 3782.0 3878.0 103000930
cell 10 3.02 0.3436117 0.1 0.09817477 302.0 2032.0 3782.0 3878.0 103000931
cell 10 3.02 0.44178647 0.1 0.09817477 302.0 2032.0 3782.0 3878.0 103000932
cell 10 3.02 0.53996124 0.1 0.09817477 302.0 2032.0 3782.0 3878.0 103000933
cell 10 3.02 0.63813601 0.1 0.09817477 302.0 2032.0 3782.0 3878.0 103000934
cell 10 3.02 0.73631078 0.1 0.09817477 302.0 2032.0 3782.0 3878.0 103000935
cell 10 3.02 0.83448555 0.1 0.09817477 302.0 2032.0 3782.0 3878.0 103000936
cell 10 3.02 0.93266032 0.1 0.09817477 302.0 2032.0 3782.0 3878.0 103000937
cell 10 3.02 1.03083509 0.1 0.09817477 302.0 2032.0 3782.0 3878.0 103000938
cell 10 3.02 1.12900986 0.1 0.09817477 302.0 2032.0 3782.0 3878.0 103000939
cell 10 3.02 1.22718463 0.1 0.09817477 302.0 2032.0 3782.0 3878.0 103000940
cell 10 3.02 1.3253594 0.1 0.09817477 302.0 2032.0 3782.0 3878.0 103000941
cell 10 3.02 1.42353417 0.1 0.09817477 302.0 2032.0 3782.0 3878.0 103000942
cell 10 3.02 1.52170894 0.1 0.09817477 302.0 2032.0 3782.0 3878.0 103000943
cell 10 3.02 1.61988371 0.1 0.09817477 302.0 2032.0 3782.0 3878.0 103000944
cell 10 3.02 1.71805848 0.1 0.09817477 302.0 2032.0 3782.0 3878.0 103000945
cell 10 3.02 1.81623325 0.1 0.09817477 302.0 2032.0 3782.0 3878.0 103000946
cell 10 3.02 1.91440802 0.1 0.09817477 302.0 2032.0 3782.0 3878.0 103000947
cell 10 3.02 2.01258279 0.1 0.09817477 302.0 2032.0 3782.0 3878.0 103000948
cell 10 3.02 2.11075756 0.1 0.09817477 302.0 2032.0 3782.0 3878.0 103000949
cell 10 3.02 2.20893233 0.1 0.09817477 302.0 2032.0 3782.0 3878.0 103000950
cell 10 3.02 2.3071071 0.1 0.09817477 302.0 2032.0 3782.0 3878.0 103000951
cell 10 3.02 2.40528188 0.1 0.09817477 302.0 2032.0 3782.0 3878.0 103000952
cell 10 3.02 2.50345665 0.1 0.09817477 302.0 2032.0 3782.0 3878.0 103000953
cell 10 3.02 2.60163142 0.1 0.09817477 302.0 2032.0 3782.0 3878.0 103000954
cell 10 3.02 2.69980619 0.1 0.09817477 302.0 2032.0 3782.0 3878.0 103000955
cell 10 3.02 2.79798096 0.1 0.09817477 302.0 2032.0 3782.0 3878.0 103000956
cell 10 3.02 2.89615573 0.1 0.09817477 302.0 2032.0 3782.0 3878.0 103000957
cell 10 3.02 2.9943305 0.1 0.09817477 302.0 2032.0 3782.0 3878.0 103000958
cell 10 3.02 3.09250527 0.1 0.09817477 302.0 2032.0 3782.0 3878.0 103000959
cell 10 3.12 -3.09250527 0.1 0.09817477 302.0 2032.0 3782.0 3878.0 103000960
cell 10 3.12 -2.9943305 0.1 0.09817477 302.0 2032.0 3782.0 3878.0 103000961
cell 10 3.12 -2.89615573 0.1 0.09817477 302.0 2032.0 3782.0 3878.0 103000962
cell 10 3.12 -2.79798096 0.1 0.09817477 302.0 2032.0 3782.0 3878.0 103000963
cell 10 3.12 -2.69980619 0.1 0.09817477 302.0 2032.0 3782.0 3878.0 103000964
cell 10 3.12 -2.60163142 0.1 0.09817477 302.0 2032.0 3782.0 3878.0 103000965
cell 10 3.12 -2.50345665 0.1 0.09817477 302.0 2032.0 3782.0 3878.0 103000966
cell 10 3.12 -2.40528188 0.1 0.09817477 302.0 2032.0 3782.0 3878.0 103000967
cell 10 3.12 -2.3071071 0.1 0.09817477 302.0 2032.0 3782.0 3878.0 103000968
cell 10 3.12 -2.20893233 0.1 0.09817477 302.0 2032.0 3782.0 3878.0 103000969
cell 10 3.12 -2.11075756 0.1 0.09817477 302.0 2032.0 3782.0 3878.0 103000970
cell 10 3.12 -2.01258279 0.1 0.09817477 302.0 2032.0 3782.0 3878.0 103000971
cell 10 3.12 -1.91440802 0.1 0.09817477 302.0 2032.0 3782.0 3878.0 103000972
cell 10 3.12 -1.81623325 0.1 0.09817477 302.0 2032.0 3782.0 3878.0 103000973
cell 10 3.12 -1.71805848 0.1 0.09817477 302.0 2032.0 3782.0 3878.0 103000974
cell 10 3.12 -1.61988371 0.1 0.09817477 302.0 2032.0 3782.0 3878.0 103000975
cell 10 3.12 -1.52170894 0.1 0.09817477 302.0 2032.0 3782.0 3878.0 103000976
cell 10 3.12 -1.42353417 0.1 0.09817477 302.0 2032.0 3782.0 3878.0 103000977
cell 10 3.12 -1.3253594 0.1 0.09817477 302.0 2032.0 3782.0 3878.0 103000978
cell 10 3.12 -1.22718463 0.1 0.09817477 302.0 2032.0 3782.0 3878.0 103000979
cell 10 3.12 -1.12900986 0.1 0.09817477 302.0 2032.0 3782.0 3878.0 103000980
cell 10 3.12 -1.03083509 0.1 0.09817477 302.0 2032.0 3782.0 3878.0 103000981
cell 10 3.12 -0.93266032 0.1 0.09817477 302.0 2032.0 3782.0 3878.0 103000982
cell 10 3.12 -0.83448555 0.1 0.09817477 302.0 2032.0 3782.0 3878.0 103000983
cell 10 3.12 -0.73631078 0.1 0.09817477 302.0 2032.0 3782.0 3878.0 103000984
cell 10 3.12 -0.63813601 0.1 0.09817477 302.0 2032.0 3782.0 3878.0 103000985
cell 10 3.12 -0.53996124 0.1 0.09817477 302.0 2032.0 3782.0 3878.0 103000986
cell 10 3.12 -0.44178647 0.1 0.09817477 302.0 2032.0 3782.0 3878.0 103000987
cell 10 3.12 -0.3436117 0.1 0.09817477 302.0 2032.0 3782.0 3878.0 103000988
cell 10 3.12 -0.24543693 0.1 0.09817477 302.0 2032.0 3782.0 3878.0 103000989
cell 10 3.12 -0.14726216 0.1 0.09817477 302.0 2032.0 3782.0 3878.0 103000990
cell 10 3.12 -0.04908739 0.1 0.09817477 302.0 2032.0 3782.0 3878.0 103000991
cell 10 3.12 0.04908739 0.1 0.09817477 302.0 2032.0 3782.0 3878.0 103000992
cell 10 3.12 0.14726216 0.1 0.09817477 302.0 2032.0 3782.0 3878.0 103000993
cell 10 3.12 0.24543693 0.1 0.09817477 302.0 2032.0 3782.0 3878.0 103000994
cell 10 3.12 0.3436117 0.1 0.09817477 302.0 2032.0 3782.0 3878.0 103000995
cell 10 3.12 0.44178647 0.1 0.09817477 302.0 2032.0 3782.0 3878.0 103000996
cell 10 3.12 0.53996124 0.1 0.09817477 302.0 2032.0 3782.0 3878.0 103000997
cell 10 3.12 0.63813601 0.1 0.09817477 302.0 2032.0 3782.0 3878.0 103000998
cell 10 3.12 0.73631078 0.1 0.09817477 302.0 2032.0 3782.0 3878.0 103000999
cell 10 3.12 0.83448555 0.1 0.09817477 302.0 2032.0 3782.0 3878.0 103001000
cell 10 3.12 0.93266032 0.1 0.09817477 302.0 2032.0 3782.0 3878.0 103001001
cell 10 3.12 1.03083509 0.1 0.09817477 302.0 2032.0 3782.0 3878.0 103001002
cell 10 3.12 1.12900986 0.1 0.09817477 302.0 2032.0 3782.0 3878.0 103001003
cell 10 3.12 1.22718463 0.1 0.09817477 302.0 2032.0 3782.0 3878.0 103001004
cell 10 3.12 1.3253594 0.1 0.09817477 302.0 2032.0 3782.0 3878.0 103001005
cell 10 3.12 1.42353417 0.1 0.09817477 302.0 2032.0 3782.0 3878.0 103001006
cell 10 3.12 1.52170894 0.1 0.09817477 302.0 2032.0 3782.0 3878.0 103001007
cell 10 3.12 1.61988371 0.1 0.09817477 302.0 2032.0 3782.0 3878.0 103001008
cell 10 3.12 1.71805848 0.1 0.09817477 302.0 2032.0 3782.0 3878.0 103001009
cell 10 3.12 1.81623325 0.1 0.09817477 302.0 2032.0 3782.0 3878.0 103001010
cell 10 3.12 1.91440802 0.1 0.09817477 302.0 2032.0 3782.0 3878.0 103001011
cell 10 3.12 2.01258279 0.1 0.09817477 302.0 2032.0 3782.0 3878.0 103001012
cell 10 3.12 2.11075756 0.1 0.09817477 302.0 2032.0 3782.0 3878.0 103001013
cell 10 3.12 2.20893233 0.1 0.09817477 302.0 2032.0 3782.0 3878.0 103001014
cell 10 3.12 2.3071071 0.1 0.09817477 302.0 2032.0 3782.0 3878.0 103001015
cell 10 3.12 2.40528188 0.1 0.09817477 302.0 2032.0 3782.0 3878.0 103001016
cell 10 3.12 2.50345665 0.1 0.09817477 302.0 2032.0 3782.0 3878.0 103001017
cell 10 3.12 2.60163142 0.1 0.09817477 302.0 2032.0 3782.0 3878.0 103001018
cell 10 3.12 2.69980619 0.1 0.09817477 302.0 2032.0 3782.0 3878.0 103001019
cell 10 3.12 2.79798096 0.1 0.09817477 302.0 2032.0 3782.0 3878.0 103001020
cell 10 3.12 2.89615573 0.1 0.09817477 302.0 2032.0 3782.0 3878.0 103001021
cell 10 3.12 2.9943305 0.1 0.09817477 302.0 2032.0 3782.0 3878.0 103001022
cell 10 3.12 3.09250527 0.1 0.09817477 302.0 2032.0 3782.0 3878.0 103001023
