# sample segmentation eta phi delta_eta delta_phi rmin rmax zmin zmax
config 14 0 1.5 2.5 475.0 2030.0 5087.0 6056.5
eta_bins -2.5 -2.4 -2.3 -2.2 -2.1 -2.0 -1.9 -1.8 -1.7 -1.6 1.5 1.6 1.7 1.8 1.9 2.0 2.1 2.2 2.3 2.4 2.5
phi_bins -3.1416 -3.0434 -2.9452 -2.8471 -2.7489 -2.6507 -2.5525 -2.4544 -2.3562 -2.258 -2.1598 -2.0617 -1.9635 -1.8653 -1.7671 -1.669 -1.5708 -1.4726 -1.3744 -1.2763 -1.1781 -1.0799 -0.9817 -0.8836 -0.7854 -0.6872 -0.589 -0.4909 -0.3927 -0.2945 -0.1963 -0.0982 0.0 0.0982 0.1963 0.2945 0.3927 0.4909 0.589 0.6872 0.7854 0.8836 0.9817 1.0799 1.1781 1.2763 1.3744 1.4726 1.5708 1.669 1.7671 1.8653 1.9635 2.0617 2.1598 2.258 2.3562 2.4544 2.5525 2.6507 2.7489 2.8471 2.9452 3.0434 3.1416
cell 14 -2.45 -3.09250527 0.1 0.09817477 475.0 2030.0 5087.0 6056.5 140000000
cell 14 -2.45 -2.9943305 0.1 0.09817477 475.0 2030.0 5087.0 6056.5 140000001
cell 14 -2.45 -2.89615573 0.1 0.09817477 475.0 2030.0 5087.0 6056.5 140000002
cell 14 -2.45 -2.79798096 0.1 0.09817477 475.0 2030.0 5087.0 6056.5 140000003
cell 14 -2.45 -2.69980619 0.1 0.09817477 475.0 2030.0 5087.0 6056.5 140000004
cell 14 -2.45 -2.60163142 0.1 0.09817477 475.0 2030.0 5087.0 6056.5 140000005
cell 14 -2.45 -2.50345665 0.1 0.09817477 475.0 2030.0 5087.0 6056.5 140000006
cell 14 -2.45 -2.40528188 0.1 0.09817477 475.0 2030.0 5087.0 6056.5 140000007
cell 14 -2.45 -2.3071071 0.1 0.09817477 475.0 2030.0 5087.0 6056.5 140000008
cell 14 -2.45 -2.20893233 0.1 0.09817477 475.0 2030.0 5087.0 6056.5 140000009
cell 14 -2.45 -2.11075756 0.1 0.09817477 475.0 2030.0 5087.0 6056.5 140000010
cell 14 -2.45 -2.01258279 0.1 0.09817477 475.0 2030.0 5087.0 6056.5 140000011
cell 14 -2.45 -1.91440802 0.1 0.09817477 475.0 2030.0 5087.0 6056.5 140000012
cell 14 -2.45 -1.81623325 0.1 0.09817477 475.0 2030.0 5087.0 6056.5 140000013
cell 14 -2.45 -1.71805848 0.1 0.09817477 475.0 2030.0 5087.0 6056.5 140000014
cell 14 -2.45 -1.61988371 0.1 0.09817477 475.0 2030.0 5087.0 6056.5 140000015
cell 14 -2.45 -1.52170894 0.1 0.09817477 475.0 2030.0 5087.0 6056.5 140000016
cell 14 -2.45 -1.42353417 0.1 0.09817477 475.0 2030.0 5087.0 6056.5 140000017
cell 14 -2.45 -1.3253594 0.1 0.09817477 475.0 2030.0 5087.0 6056.5 140000018
cell 14 -2.45 -1.22718463 0.1 0.09817477 475.0 2030.0 5087.0 6056.5 140000019
cell 14 -2.45 -1.12900986 0.1 0.09817477 475.0 2030.0 5087.0 6056.5 140000020
cell 14 -2.45 -1.03083509 0.1 0.09817477 475.0 2030.0 5087.0 6056.5 140000021
cell 14 -2.45 -0.93266032 0.1 0.09817477 475.0 2030.0 5087.0 6056.5 140000022
cell 14 -2.45 -0.83448555 0.1 0.09817477 475.0 2030.0 5087.0 6056.5 140000023
cell 14 -2.45 -0.73631078 0.1 0.09817477 475.0 2030.0 5087.0 6056.5 140000024
cell 14 -2.45 -0.63813601 0.1 0.09817477 475.0 2030.0 5087.0 6056.5 140000025
cell 14 -2.45 -0.53996124 0.1 0.09817477 475.0 2030.0 5087.0 6056.5 140000026
cell 14 -2.45 -0.44178647 0.1 0.09817477 475.0 2030.0 5087.0 6056.5 140000027
cell 14 -2.45 -0.3436117 0.1 0.09817477 475.0 2030.0 5087.0 6056.5 140000028
cell 14 -2.45 -0.24543693 0.1 0.09817477 475.0 2030.0 5087.0 6056.5 140000029
cell 14 -2.45 -0.14726216 0.1 0.09817477 475.0 2030.0 5087.0 6056.5 140000030
cell 14 -2.45 -0.04908739 0.1 0.09817477 475.0 2030.0 5087.0 6056.5 140000031
cell 14 -2.45 0.04908739 0.1 0.09817477 475.0 2030.0 5087.0 6056.5 140000032
cell 14 -2.45 0.14726216 0.1 0.09817477 475.0 2030.0 5087.0 6056.5 140000033
cell 14 -2.45 0.24543693 0.1 0.09817477 475.0 2030.0 5087.0 6056.5 140000034
cell 14 -2.45 0.3436117 0.1 0.09817477 475.0 2030.0 5087.0 6056.5 140000035
cell 14 -2.45 0.44178647 0.1 0.09817477 475.0 2030.0 5087.0 6056.5 140000036
cell 14 -2.45 0.53996124 0.1 0.09817477 475.0 2030.0 5087.0 6056.5 140000037
cell 14 -2.45 0.63813601 0.1 0.09817477 475.0 2030.0 5087.0 6056.5 140000038
cell 14 -2.45 0.73631078 0.1 0.09817477 475.0 2030.0 5087.0 6056.5 140000039
cell 14 -2.45 0.83448555 0.1 0.09817477 475.0 2030.0 5087.0 6056.5 140000040
cell 14 -2.45 0.93266032 0.1 0.09817477 475.0 2030.0 5087.0 6056.5 140000041
cell 14 -2.45 1.03083509 0.1 0.09817477 475.0 2030.0 5087.0 6056.5 140000042
cell 14 -2.45 1.12900986 0.1 0.09817477 475.0 2030.0 5087.0 6056.5 140000043
cell 14 -2.45 1.22718463 0.1 0.09817477 475.0 2030.0 5087.0 6056.5 140000044
cell 14 -2.45 1.3253594 0.1 0.09817477 475.0 2030.0 5087.0 6056.5 140000045
cell 14 -2.45 1.42353417 0.1 0.09817477 475.0 2030.0 5087.0 6056.5 140000046
cell 14 -2.45 1.52170894 0.1 0.09817477 475.0 2030.0 5087.0 6056.5 140000047
cell 14 -2.45 1.61988371 0.1 0.09817477 475.0 2030.0 5087.0 6056.5 140000048
cell 14 -2.45 1.71805848 0.1 0.09817477 475.0 2030.0 5087.0 6056.5 140000049
cell 14 -2.45 1.81623325 0.1 0.09817477 475.0 2030.0 5087.0 6056.5 140000050
cell 14 -2.45 1.91440802 0.1 0.09817477 475.0 2030.0 5087.0 6056.5 140000051
cell 14 -2.45 2.01258279 0.1 0.09817477 475.0 2030.0 5087.0 6056.5 140000052
cell 14 -2.45 2.11075756 0.1 0.09817477 475.0 2030.0 5087.0 6056.5 140000053
cell 14 -2.45 2.20893233 0.1 0.09817477 475.0 2030.0 5087.0 6056.5 140000054
cell 14 -2.45 2.3071071 0.1 0.09817477 475.0 2030.0 5087.0 6056.5 140000055
cell 14 -2.45 2.40528188 0.1 0.09817477 475.0 2030.0 5087.0 6056.5 140000056
cell 14 -2.45 2.50345665 0.1 0.09817477 475.0 2030.0 5087.0 6056.5 140000057
cell 14 -2.45 2.60163142 0.1 0.09817477 475.0 2030.0 5087.0 6056.5 140000058
cell 14 -2.45 2.69980619 0.1 0.09817477 475.0 2030.0 5087.0 6056.5 140000059
cell 14 -2.45 2.79798096 0.1 0.09817477 475.0 2030.0 5087.0 6056.5 140000060
cell 14 -2.45 2.89615573 0.1 0.09817477 475.0 2030.0 5087.0 6056.5 140000061
cell 14 -2.45 2.9943305 0.1 0.09817477 475.0 2030.0 5087.0 6056.5 140000062
cell 14 -2.45 3.09250527 0.1 0.09817477 475.0 2030.0 5087.0 6056.5 140000063
cell 14 -2.35 -3.09250527 0.1 0.09817477 475.0 2030.0 5087.0 6056.5 140000064
cell 14 -2.35 -2.9943305 0.1 0.09817477 475.0 2030.0 5087.0 6056.5 140000065
cell 14 -2.35 -2.89615573 0.1 0.09817477 475.0 2030.0 5087.0 6056.5 140000066
cell 14 -2.35 -2.79798096 0.1 0.09817477 475.0 2030.0 5087.0 6056.5 140000067
cell 14 -2.35 -2.69980619 0.1 0.09817477 475.0 2030.0 5087.0 6056.5 140000068
cell 14 -2.35 -2.60163142 0.1 0.09817477 475.0 2030.0 5087.0 6056.5 140000069
cell 14 -2.35 -2.50345665 0.1 0.09817477 475.0 2030.0 5087.0 6056.5 140000070
cell 14 -2.35 -2.40528188 0.1 0.09817477 475.0 2030.0 5087.0 6056.5 140000071
cell 14 -2.35 -2.3071071 0.1 0.09817477 475.0 2030.0 5087.0 6056.5 140000072
cell 14 -2.35 -2.20893233 0.1 0.09817477 475.0 2030.0 5087.0 6056.5 140000073
cell 14 -2.35 -2.11075756 0.1 0.09817477 475.0 2030.0 5087.0 6056.5 140000074
cell 14 -2.35 -2.01258279 0.1 0.09817477 475.0 2030.0 5087.0 6056.5 140000075
cell 14 -2.35 -1.91440802 0.1 0.09817477 475.0 2030.0 5087.0 6056.5 140000076
cell 14 -2.35 -1.81623325 0.1 0.09817477 475.0 2030.0 5087.0 6056.5 140000077
cell 14 -2.35 -1.71805848 0.1 0.09817477 475.0 2030.0 5087.0 6056.5 140000078
cell 14 -2.35 -1.61988371 0.1 0.09817477 475.0 2030.0 5087.0 6056.5 140000079
cell 14 -2.35 -1.52170894 0.1 0.09817477 475.0 2030.0 5087.0 6056.5 140000080
cell 14 -2.35 -1.42353417 0.1 0.09817477 475.0 2030.0 5087.0 6056.5 140000081
cell 14 -2.35 -1.3253594 0.1 0.09817477 475.0 2030.0 5087.0 6056.5 140000082
cell 14 -2.35 -1.22718463 0.1 0.09817477 475.0 2030.0 5087.0 6056.5 140000083
cell 14 -2.35 -1.12900986 0.1 0.09817477 475.0 2030.0 5087.0 6056.5 140000084
cell 14 -2.35 -1.03083509 0.1 0.09817477 475.0 2030.0 5087.0 6056.5 140000085
cell 14 -2.35 -0.93266032 0.1 0.09817477 475.0 2030.0 5087.0 6056.5 140000086
cell 14 -2.35 -0.83448555 0.1 0.09817477 475.0 2030.0 5087.0 6056.5 140000087
cell 14 -2.35 -0.73631078 0.1 0.09817477 475.0 2030.0 5087.0 6056.5 140000088
cell 14 -2.35 -0.63813601 0.1 0.09817477 475.0 2030.0 5087.0 6056.5 140000089
cell 14 -2.35 -0.53996124 0.1 0.09817477 475.0 2030.0 5087.0 6056.5 140000090
cell 14 -2.35 -0.44178647 0.1 0.09817477 475.0 2030.0 5087.0 6056.5 140000091
cell 14 -2.35 -0.3436117 0.1 0.09817477 475.0 2030.0 5087.0 6056.5 140000092
cell 14 -2.35 -0.24543693 0.1 0.09817477 475.0 2030.0 5087.0 6056.5 140000093
cell 14 -2.35 -0.14726216 0.1 0.09817477 475.0 2030.0 5087.0 6056.5 140000094
cell 14 -2.35 -0.04908739 0.1 0.09817477 475.0 2030.0 5087.0 6056.5 140000095
cell 14 -2.35 0.04908739 0.1 0.09817477 475.0 2030.0 5087.0 6056.5 140000096
cell 14 -2.35 0.14726216 0.1 0.09817477 475.0 2030.0 5087.0 6056.5 140000097
cell 14 -2.35 0.24543693 0.1 0.09817477 475.0 2030.0 5087.0 6056.5 140000098
cell 14 -2.35 0.3436117 0.1 0.09817477 475.0 2030.0 5087.0 6056.5 140000099
cell 14 -2.35 0.44178647 0.1 0.09817477 475.0 2030.0 5087.0 6056.5 140000100
cell 14 -2.35 0.53996124 0.1 0.09817477 475.0 2030.0 5087.0 6056.5 140000101
cell 14 -2.35 0.63813601 0.1 0.09817477 475.0 2030.0 5087.0 6056.5 140000102
cell 14 -2.35 0.73631078 0.1 0.09817477 475.0 2030.0 5087.0 6056.5 140000103
cell 14 -2.35 0.83448555 0.1 0.09817477 475.0 2030.0 5087.0 6056.5 140000104
cell 14 -2.35 0.93266032 0.1 0.09817477 475.0 2030.0 5087.0 6056.5 140000105
cell 14 -2.35 1.03083509 0.1 0.09817477 475.0 2030.0 5087.0 6056.5 140000106
cell 14 -2.35 1.12900986 0.1 0.09817477 475.0 2030.0 5087.0 6056.5 140000107
cell 14 -2.35 1.22718463 0.1 0.09817477 475.0 2030.0 5087.0 6056.5 140000108
cell 14 -2.35 1.3253594 0.1 0.09817477 475.0 2030.0 5087.0 6056.5 140000109
cell 14 -2.35 1.42353417 0.1 0.09817477 475.0 2030.0 5087.0 6056.5 140000110
cell 14 -2.35 1.52170894 0.1 0.09817477 475.0 2030.0 5087.0 6056.5 140000111
cell 14 -2.35 1.61988371 0.1 0.09817477 475.0 2030.0 5087.0 6056.5 140000112
cell 14 -2.35 1.71805848 0.1 0.09817477 475.0 2030.0 5087.0 6056.5 140000113
cell 14 -2.35 1.81623325 0.1 0.09817477 475.0 2030.0 5087.0 6056.5 140000114
cell 14 -2.35 1.91440802 0.1 0.09817477 475.0 2030.0 5087.0 6056.5 140000115
cell 14 -2.35 2.01258279 0.1 0.09817477 475.0 2030.0 5087.0 6056.5 140000116
cell 14 -2.35 2.11075756 0.1 0.09817477 475.0 2030.0 5087.0 6056.5 140000117
cell 14 -2.35 2.20893233 0.1 0.09817477 475.0 2030.0 5087.0 6056.5 140000118
cell 14 -2.35 2.3071071 0.1 0.09817477 475.0 2030.0 5087.0 6056.5 140000119
cell 14 -2.35 2.40528188 0.1 0.09817477 475.0 2030.0 5087.0 6056.5 140000120
cell 14 -2.35 2.50345665 0.1 0.09817477 475.0 2030.0 5087.0 6056.5 140000121
cell 14 -2.35 2.60163142 0.1 0.09817477 475.0 2030.0 5087.0 6056.5 140000122
cell 14 -2.35 2.69980619 0.1 0.09817477 475.0 2030.0 5087.0 6056.5 140000123
cell 14 -2.35 2.79798096 0.1 0.09817477 475.0 2030.0 5087.0 6056.5 140000124
cell 14 -2.35 2.89615573 0.1 0.09817477 475.0 2030.0 5087.0 6056.5 140000125
cell 14 -2.35 2.9943305 0.1 0.09817477 475.0 2030.0 5087.0 6056.5 140000126
cell 14 -2.35 3.09250527 0.1 0.09817477 475.0 2030.0 5087.0 6056.5 140000127
cell 14 -2.25 -3.09250527 0.1 0.09817477 475.0 2030.0 5087.0 6056.5 140000128
cell 14 -2.25 -2.9943305 0.1 0.09817477 475.0 2030.0 5087.0 6056.5 140000129
cell 14 -2.25 -2.89615573 0.1 0.09817477 475.0 2030.0 5087.0 6056.5 140000130
cell 14 -2.25 -2.79798096 0.1 0.09817477 475.0 2030.0 5087.0 6056.5 140000131
cell 14 -2.25 -2.69980619 0.1 0.09817477 475.0 2030.0 5087.0 6056.5 140000132
cell 14 -2.25 -2.60163142 0.1 0.09817477 475.0 2030.0 5087.0 6056.5 140000133
cell 14 -2.25 -2.50345665 0.1 0.09817477 475.0 2030.0 5087.0 6056.5 140000134
cell 14 -2.25 -2.40528188 0.1 0.09817477 475.0 2030.0 5087.0 6056.5 140000135
cell 14 -2.25 -2.3071071 0.1 0.09817477 475.0 2030.0 5087.0 6056.5 140000136
cell 14 -2.25 -2.20893233 0.1 0.09817477 475.0 2030.0 5087.0 6056.5 140000137
cell 14 -2.25 -2.11075756 0.1 0.09817477 475.0 2030.0 5087.0 6056.5 140000138
cell 14 -2.25 -2.01258279 0.1 0.09817477 475.0 2030.0 5087.0 6056.5 140000139
cell 14 -2.25 -1.91440802 0.1 0.09817477 475.0 2030.0 5087.0 6056.5 140000140
cell 14 -2.25 -1.81623325 0.1 0.09817477 475.0 2030.0 5087.0 6056.5 140000141
cell 14 -2.25 -1.71805848 0.1 0.09817477 475.0 2030.0 5087.0 6056.5 140000142
cell 14 -2.25 -1.61988371 0.1 0.09817477 475.0 2030.0 5087.0 6056.5 140000143
cell 14 -2.25 -1.52170894 0.1 0.09817477 475.0 2030.0 5087.0 6056.5 140000144
cell 14 -2.25 -1.42353417 0.1 0.09817477 475.0 2030.0 5087.0 6056.5 140000145
cell 14 -2.25 -1.3253594 0.1 0.09817477 475.0 2030.0 5087.0 6056.5 140000146
cell 14 -2.25 -1.22718463 0.1 0.09817477 475.0 2030.0 5087.0 6056.5 140000147
cell 14 -2.25 -1.12900986 0.1 0.09817477 475.0 2030.0 5087.0 6056.5 140000148
cell 14 -2.25 -1.03083509 0.1 0.09817477 475.0 2030.0 5087.0 6056.5 140000149
cell 14 -2.25 -0.93266032 0.1 0.09817477 475.0 2030.0 5087.0 6056.5 140000150
cell 14 -2.25 -0.83448555 0.1 0.09817477 475.0 2030.0 5087.0 6056.5 140000151
cell 14 -2.25 -0.73631078 0.1 0.09817477 475.0 2030.0 5087.0 6056.5 140000152
cell 14 -2.25 -0.63813601 0.1 0.09817477 475.0 2030.0 5087.0 6056.5 140000153
cell 14 -2.25 -0.53996124 0.1 0.09817477 475.0 2030.0 5087.0 6056.5 140000154
cell 14 -2.25 -0.44178647 0.1 0.09817477 475.0 2030.0 5087.0 6056.5 140000155
cell 14 -2.25 -0.3436117 0.1 0.09817477 475.0 2030.0 5087.0 6056.5 140000156
cell 14 -2.25 -0.24543693 0.1 0.09817477 475.0 2030.0 5087.0 6056.5 140000157
cell 14 -2.25 -0.14726216 0.1 0.09817477 475.0 2030.0 5087.0 6056.5 140000158
cell 14 -2.25 -0.04908739 0.1 0.09817477 475.0 2030.0 5087.0 6056.5 140000159
cell 14 -2.25 0.04908739 0.1 0.09817477 475.0 2030.0 5087.0 6056.5 140000160
cell 14 -2.25 0.14726216 0.1 0.09817477 475.0 2030.0 5087.0 6056.5 140000161
cell 14 -2.25 0.24543693 0.1 0.09817477 475.0 2030.0 5087.0 6056.5 140000162
cell 14 -2.25 0.3436117 0.1 0.09817477 475.0 2030.0 5087.0 6056.5 140000163
cell 14 -2.25 0.44178647 0.1 0.09817477 475.0 2030.0 5087.0 6056.5 140000164
cell 14 -2.25 0.53996124 0.1 0.09817477 475.0 2030.0 5087.0 6056.5 140000165
cell 14 -2.25 0.63813601 0.1 0.09817477 475.0 2030.0 5087.0 6056.5 140000166
cell 14 -2.25 0.73631078 0.1 0.09817477 475.0 2030.0 5087.0 6056.5 140000167
cell 14 -2.25 0.83448555 0.1 0.09817477 475.0 2030.0 5087.0 6056.5 140000168
cell 14 -2.25 0.93266032 0.1 0.09817477 475.0 2030.0 5087.0 6056.5 140000169
cell 14 -2.25 1.03083509 0.1 0.09817477 475.0 2030.0 5087.0 6056.5 140000170
cell 14 -2.25 1.12900986 0.1 0.09817477 475.0 2030.0 5087.0 6056.5 140000171
cell 14 -2.25 1.22718463 0.1 0.09817477 475.0 2030.0 5087.0 6056.5 140000172
cell 14 -2.25 1.3253594 0.1 0.09817477 475.0 2030.0 5087.0 6056.5 140000173
cell 14 -2.25 1.42353417 0.1 0.09817477 475.0 2030.0 5087.0 6056.5 140000174
cell 14 -2.25 1.52170894 0.1 0.09817477 475.0 2030.0 5087.0 6056.5 140000175
cell 14 -2.25 1.61988371 0.1 0.09817477 475.0 2030.0 5087.0 6056.5 140000176
cell 14 -2.25 1.71805848 0.1 0.09817477 475.0 2030.0 5087.0 6056.5 140000177
cell 14 -2.25 1.81623325 0.1 0.09817477 475.0 2030.0 5087.0 6056.5 140000178
cell 14 -2.25 1.91440802 0.1 0.09817477 475.0 2030.0 5087.0 6056.5 140000179
cell 14 -2.25 2.01258279 0.1 0.09817477 475.0 2030.0 5087.0 6056.5 140000180
cell 14 -2.25 2.11075756 0.1 0.09817477 475.0 2030.0 5087.0 6056.5 140000181
cell 14 -2.25 2.20893233 0.1 0.09817477 475.0 2030.0 5087.0 6056.5 140000182
cell 14 -2.25 2.3071071 0.1 0.09817477 475.0 2030.0 5087.0 6056.5 140000183
cell 14 -2.25 2.40528188 0.1 0.09817477 475.0 2030.0 5087.0 6056.5 140000184
cell 14 -2.25 2.50345665 0.1 0.09817477 475.0 2030.0 5087.0 6056.5 140000185
cell 14 -2.25 2.60163142 0.1 0.09817477 475.0 2030.0 5087.0 6056.5 140000186
cell 14 -2.25 2.69980619 0.1 0.09817477 475.0 2030.0 5087.0 6056.5 140000187
cell 14 -2.25 2.79798096 0.1 0.09817477 475.0 2030.0 5087.0 6056.5 140000188
cell 14 -2.25 2.89615573 0.1 0.09817477 475.0 2030.0 5087.0 6056.5 140000189
cell 14 -2.25 2.9943305 0.1 0.09817477 475.0 2030.0 5087.0 6056.5 140000190
cell 14 -2.25 3.09250527 0.1 0.09817477 475.0 2030.0 5087.0 6056.5 140000191
cell 14 -2.15 -3.09250527 0.1 0.09817477 475.0 2030.0 5087.0 6056.5 140000192
cell 14 -2.15 -2.9943305 0.1 0.09817477 475.0 2030.0 5087.0 6056.5 140000193
cell 14 -2.15 -2.89615573 0.1 0.09817477 475.0 2030.0 5087.0 6056.5 140000194
cell 14 -2.15 -2.79798096 0.1 0.09817477 475.0 2030.0 5087.0 6056.5 140000195
cell 14 -2.15 -2.69980619 0.1 0.09817477 475.0 2030.0 5087.0 6056.5 140000196
cell 14 -2.15 -2.60163142 0.1 0.09817477 475.0 2030.0 5087.0 6056.5 140000197
cell 14 -2.15 -2.50345665 0.1 0.09817477 475.0 2030.0 5087.0 6056.5 140000198
cell 14 -2.15 -2.40528188 0.1 0.09817477 475.0 2030.0 5087.0 6056.5 140000199
cell 14 -2.15 -2.3071071 0.1 0.09817477 475.0 2030.0 5087.0 6056.5 140000200
cell 14 -2.15 -2.20893233 0.1 0.09817477 475.0 2030.0 5087.0 6056.5 140000201
cell 14 -2.15 -2.11075756 0.1 0.09817477 475.0 2030.0 5087.0 6056.5 140000202
cell 14 -2.15 -2.01258279 0.1 0.09817477 475.0 2030.0 5087.0 6056.5 140000203
cell 14 -2.15 -1.91440802 0.1 0.09817477 475.0 2030.0 5087.0 6056.5 140000204
cell 14 -2.15 -1.81623325 0.1 0.09817477 475.0 2030.0 5087.0 6056.5 140000205
cell 14 -2.15 -1.71805848 0.1 0.09817477 475.0 2030.0 5087.0 6056.5 140000206
cell 14 -2.15 -1.61988371 0.1 0.09817477 475.0 2030.0 5087.0 6056.5 140000207
cell 14 -2.15 -1.52170894 0.1 0.09817477 475.0 2030.0 5087.0 6056.5 140000208
cell 14 -2.15 -1.42353417 0.1 0.09817477 475.0 2030.0 5087.0 6056.5 140000209
cell 14 -2.15 -1.3253594 0.1 0.09817477 475.0 2030.0 5087.0 6056.5 140000210
cell 14 -2.15 -1.22718463 0.1 0.09817477 475.0 2030.0 5087.0 6056.5 140000211
cell 14 -2.15 -1.12900986 0.1 0.09817477 475.0 2030.0 5087.0 6056.5 140000212
cell 14 -2.15 -1.03083509 0.1 0.09817477 475.0 2030.0 5087.0 6056.5 140000213
cell 14 -2.15 -0.93266032 0.1 0.09817477 475.0 2030.0 5087.0 6056.5 140000214
cell 14 -2.15 -0.83448555 0.1 0.09817477 475.0 2030.0 5087.0 6056.5 140000215
cell 14 -2.15 -0.73631078 0.1 0.09817477 475.0 2030.0 5087.0 6056.5 140000216
cell 14 -2.15 -0.63813601 0.1 0.09817477 475.0 2030.0 5087.0 6056.5 140000217
cell 14 -2.15 -0.53996124 0.1 0.09817477 475.0 2030.0 5087.0 6056.5 140000218
cell 14 -2.15 -0.44178647 0.1 0.09817477 475.0 2030.0 5087.0 6056.5 140000219
cell 14 -2.15 -0.3436117 0.1 0.09817477 475.0 2030.0 5087.0 6056.5 140000220
cell 14 -2.15 -0.24543693 0.1 0.09817477 475.0 2030.0 5087.0 6056.5 140000221
cell 14 -2.15 -0.14726216 0.1 0.09817477 475.0 2030.0 5087.0 6056.5 140000222
cell 14 -2.15 -0.04908739 0.1 0.09817477 475.0 2030.0 5087.0 6056.5 140000223
cell 14 -2.15 0.04908739 0.1 0.09817477 475.0 2030.0 5087.0 6056.5 140000224
cell 14 -2.15 0.14726216 0.1 0.09817477 475.0 2030.0 5087.0 6056.5 140000225
cell 14 -2.15 0.24543693 0.1 0.09817477 475.0 2030.0 5087.0 6056.5 140000226
cell 14 -2.15 0.3436117 0.1 0.09817477 475.0 2030.0 5087.0 6056.5 140000227
cell 14 -2.15 0.44178647 0.1 0.09817477 475.0 2030.0 5087.0 6056.5 140000228
cell 14 -2.15 0.53996124 0.1 0.09817477 475.0 2030.0 5087.0 6056.5 140000229
cell 14 -2.15 0.63813601 0.1 0.09817477 475.0 2030.0 5087.0 6056.5 140000230
cell 14 -2.15 0.73631078 0.1 0.09817477 475.0 2030.0 5087.0 6056.5 140000231
cell 14 -2.15 0.83448555 0.1 0.09817477 475.0 2030.0 5087.0 6056.5 140000232
cell 14 -2.15 0.93266032 0.1 0.09817477 475.0 2030.0 5087.0 6056.5 140000233
cell 14 -2.15 1.03083509 0.1 0.09817477 475.0 2030.0 5087.0 6056.5 140000234
cell 14 -2.15 1.12900986 0.1 0.09817477 475.0 2030.0 5087.0 6056.5 140000235
cell 14 -2.15 1.22718463 0.1 0.09817477 475.0 2030.0 5087.0 6056.5 140000236
cell 14 -2.15 1.3253594 0.1 0.09817477 475.0 2030.0 5087.0 6056.5 140000237
cell 14 -2.15 1.42353417 0.1 0.09817477 475.0 2030.0 5087.0 6056.5 140000238
cell 14 -2.15 1.52170894 0.1 0.09817477 475.0 2030.0 5087.0 6056.5 140000239
cell 14 -2.15 1.61988371 0.1 0.09817477 475.0 2030.0 5087.0 6056.5 140000240
cell 14 -2.15 1.71805848 0.1 0.09817477 475.0 2030.0 5087.0 6056.5 140000241
cell 14 -2.15 1.81623325 0.1 0.09817477 475.0 2030.0 5087.0 6056.5 140000242
cell 14 -2.15 1.91440802 0.1 0.09817477 475.0 2030.0 5087.0 6056.5 140000243
cell 14 -2.15 2.01258279 0.1 0.09817477 475.0 2030.0 5087.0 6056.5 140000244
cell 14 -2.15 2.11075756 0.1 0.09817477 475.0 2030.0 5087.0 6056.5 140000245
cell 14 -2.15 2.20893233 0.1 0.09817477 475.0 2030.0 5087.0 6056.5 140000246
cell 14 -2.15 2.3071071 0.1 0.09817477 475.0 2030.0 5087.0 6056.5 140000247
cell 14 -2.15 2.40528188 0.1 0.09817477 475.0 2030.0 5087.0 6056.5 140000248
cell 14 -2.15 2.50345665 0.1 0.09817477 475.0 2030.0 5087.0 6056.5 140000249
cell 14 -2.15 2.60163142 0.1 0.09817477 475.0 2030.0 5087.0 6056.5 140000250
cell 14 -2.15 2.69980619 0.1 0.09817477 475.0 2030.0 5087.0 6056.5 140000251
cell 14 -2.15 2.79798096 0.1 0.09817477 475.0 2030.0 5087.0 6056.5 140000252
cell 14 -2.15 2.89615573 0.1 0.09817477 475.0 2030.0 5087.0 6056.5 140000253
cell 14 -2.15 2.9943305 0.1 0.09817477 475.0 2030.0 5087.0 6056.5 140000254
cell 14 -2.15 3.09250527 0.1 0.09817477 475.0 2030.0 5087.0 6056.5 140000255
cell 14 -2.05 -3.09250527 0.1 0.09817477 475.0 2030.0 5087.0 6056.5 140000256
cell 14 -2.05 -2.9943305 0.1 0.09817477 475.0 2030.0 5087.0 6056.5 140000257
cell 14 -2.05 -2.89615573 0.1 0.09817477 475.0 2030.0 5087.0 6056.5 140000258
cell 14 -2.05 -2.79798096 0.1 0.09817477 475.0 2030.0 5087.0 6056.5 140000259
cell 14 -2.05 -2.69980619 0.1 0.09817477 475.0 2030.0 5087.0 6056.5 140000260
cell 14 -2.05 -2.60163142 0.1 0.09817477 475.0 2030.0 5087.0 6056.5 140000261
cell 14 -2.05 -2.50345665 0.1 0.09817477 475.0 2030.0 5087.0 6056.5 140000262
cell 14 -2.05 -2.40528188 0.1 0.09817477 475.0 2030.0 5087.0 6056.5 140000263
cell 14 -2.05 -2.3071071 0.1 0.09817477 475.0 2030.0 5087.0 6056.5 140000264
cell 14 -2.05 -2.20893233 0.1 0.09817477 475.0 2030.0 5087.0 6056.5 140000265
cell 14 -2.05 -2.11075756 0.1 0.09817477 475.0 2030.0 5087.0 6056.5 140000266
cell 14 -2.05 -2.01258279 0.1 0.09817477 475.0 2030.0 5087.0 6056.5 140000267
cell 14 -2.05 -1.91440802 0.1 0.09817477 475.0 2030.0 5087.0 6056.5 140000268
cell 14 -2.05 -1.81623325 0.1 0.09817477 475.0 2030.0 5087.0 6056.5 140000269
cell 14 -2.05 -1.71805848 0.1 0.09817477 475.0 2030.0 5087.0 6056.5 140000270
cell 14 -2.05 -1.61988371 0.1 0.09817477 475.0 2030.0 5087.0 6056.5 140000271
cell 14 -2.05 -1.52170894 0.1 0.09817477 475.0 2030.0 5087.0 6056.5 140000272
cell 14 -2.05 -1.42353417 0.1 0.09817477 475.0 2030.0 5087.0 6056.5 140000273
cell 14 -2.05 -1.3253594 0.1 0.09817477 475.0 2030.0 5087.0 6056.5 140000274
cell 14 -2.05 -1.22718463 0.1 0.09817477 475.0 2030.0 5087.0 6056.5 140000275
cell 14 -2.05 -1.12900986 0.1 0.09817477 475.0 2030.0 5087.0 6056.5 140000276
cell 14 -2.05 -1.03083509 0.1 0.09817477 475.0 2030.0 5087.0 6056.5 140000277
cell 14 -2.05 -0.93266032 0.1 0.09817477 475.0 2030.0 5087.0 6056.5 140000278
cell 14 -2.05 -0.83448555 0.1 0.09817477 475.0 2030.0 5087.0 6056.5 140000279
cell 14 -2.05 -0.73631078 0.1 0.09817477 475.0 2030.0 5087.0 6056.5 140000280
cell 14 -2.05 -0.63813601 0.1 0.09817477 475.0 2030.0 5087.0 6056.5 140000281
cell 14 -2.05 -0.53996124 0.1 0.09817477 475.0 2030.0 5087.0 6056.5 140000282
cell 14 -2.05 -0.44178647 0.1 0.09817477 475.0 2030.0 5087.0 6056.5 140000283
cell 14 -2.05 -0.3436117 0.1 0.09817477 475.0 2030.0 5087.0 6056.5 140000284
cell 14 -2.05 -0.24543693 0.1 0.09817477 475.0 2030.0 5087.0 6056.5 140000285
cell 14 -2.05 -0.14726216 0.1 0.09817477 475.0 2030.0 5087.0 6056.5 140000286
cell 14 -2.05 -0.04908739 0.1 0.09817477 475.0 2030.0 5087.0 6056.5 140000287
cell 14 -2.05 0.04908739 0.1 0.09817477 475.0 2030.0 5087.0 6056.5 140000288
cell 14 -2.05 0.14726216 0.1 0.09817477 475.0 2030.0 5087.0 6056.5 140000289
cell 14 -2.05 0.24543693 0.1 0.09817477 475.0 2030.0 5087.0 6056.5 140000290
cell 14 -2.05 0.3436117 0.1 0.09817477 475.0 2030.0 5087.0 6056.5 140000291
cell 14 -2.05 0.44178647 0.1 0.09817477 475.0 2030.0 5087.0 6056.5 140000292
cell 14 -2.05 0.53996124 0.1 0.09817477 475.0 2030.0 5087.0 6056.5 140000293
cell 14 -2.05 0.63813601 0.1 0.09817477 475.0 2030.0 5087.0 6056.5 140000294
cell 14 -2.05 0.73631078 0.1 0.09817477 475.0 2030.0 5087.0 6056.5 140000295
cell 14 -2.05 0.83448555 0.1 0.09817477 475.0 2030.0 5087.0 6056.5 140000296
cell 14 -2.05 0.93266032 0.1 0.09817477 475.0 2030.0 5087.0 6056.5 140000297
cell 14 -2.05 1.03083509 0.1 0.09817477 475.0 2030.0 5087.0 6056.5 140000298
cell 14 -2.05 1.12900986 0.1 0.09817477 475.0 2030.0 5087.0 6056.5 140000299
cell 14 -2.05 1.22718463 0.1 0.09817477 475.0 2030.0 5087.0 6056.5 140000300
cell 14 -2.05 1.3253594 0.1 0.09817477 475.0 2030.0 5087.0 6056.5 140000301
cell 14 -2.05 1.42353417 0.1 0.09817477 475.0 2030.0 5087.0 6056.5 140000302
cell 14 -2.05 1.52170894 0.1 0.09817477 475.0 2030.0 5087.0 6056.5 140000303
cell 14 -2.05 1.61988371 0.1 0.09817477 475.0 2030.0 5087.0 6056.5 140000304
cell 14 -2.05 1.71805848 0.1 0.09817477 475.0 2030.0 5087.0 6056.5 140000305
cell 14 -2.05 1.81623325 0.1 0.09817477 475.0 2030.0 5087.0 6056.5 140000306
cell 14 -2.05 1.91440802 0.1 0.09817477 475.0 2030.0 5087.0 6056.5 140000307
cell 14 -2.05 2.01258279 0.1 0.09817477 475.0 2030.0 5087.0 6056.5 140000308
cell 14 -2.05 2.11075756 0.1 0.09817477 475.0 2030.0 5087.0 6056.5 140000309
cell 14 -2.05 2.20893233 0.1 0.09817477 475.0 2030.0 5087.0 6056.5 140000310
cell 14 -2.05 2.3071071 0.1 0.09817477 475.0 2030.0 5087.0 6056.5 140000311
cell 14 -2.05 2.40528188 0.1 0.09817477 475.0 2030.0 5087.0 6056.5 140000312
cell 14 -2.05 2.50345665 0.1 0.09817477 475.0 2030.0 5087.0 6056.5 140000313
cell 14 -2.05 2.60163142 0.1 0.09817477 475.0 2030.0 5087.0 6056.5 140000314
cell 14 -2.05 2.69980619 0.1 0.09817477 475.0 2030.0 5087.0 6056.5 140000315
cell 14 -2.05 2.79798096 0.1 0.09817477 475.0 2030.0 5087.0 6056.5 140000316
cell 14 -2.05 2.89615573 0.1 0.09817477 475.0 2030.0 5087.0 6056.5 140000317
cell 14 -2.05 2.9943305 0.1 0.09817477 475.0 2030.0 5087.0 6056.5 140000318
cell 14 -2.05 3.09250527 0.1 0.09817477 475.0 2030.0 5087.0 6056.5 140000319
cell 14 -1.95 -3.09250527 0.1 0.09817477 475.0 2030.0 5087.0 6056.5 140000320
cell 14 -1.95 -2.9943305 0.1 0.09817477 475.0 2030.0 5087.0 6056.5 140000321
cell 14 -1.95 -2.89615573 0.1 0.09817477 475.0 2030.0 5087.0 6056.5 140000322
cell 14 -1.95 -2.79798096 0.1 0.09817477 475.0 2030.0 5087.0 6056.5 140000323
cell 14 -1.95 -2.69980619 0.1 0.09817477 475.0 2030.0 5087.0 6056.5 140000324
cell 14 -1.95 -2.60163142 0.1 0.09817477 475.0 2030.0 5087.0 6056.5 140000325
cell 14 -1.95 -2.50345665 0.1 0.09817477 475.0 2030.0 5087.0 6056.5 140000326
cell 14 -1.95 -2.40528188 0.1 0.09817477 475.0 2030.0 5087.0 6056.5 140000327
cell 14 -1.95 -2.3071071 0.1 0.09817477 475.0 2030.0 5087.0 6056.5 140000328
cell 14 -1.95 -2.20893233 0.1 0.09817477 475.0 2030.0 5087.0 6056.5 140000329
cell 14 -1.95 -2.11075756 0.1 0.09817477 475.0 2030.0 5087.0 6056.5 140000330
cell 14 -1.95 -2.01258279 0.1 0.09817477 475.0 2030.0 5087.0 6056.5 140000331
cell 14 -1.95 -1.91440802 0.1 0.09817477 475.0 2030.0 5087.0 6056.5 140000332
cell 14 -1.95 -1.81623325 0.1 0.09817477 475.0 2030.0 5087.0 6056.5 140000333
cell 14 -1.95 -1.71805848 0.1 0.09817477 475.0 2030.0 5087.0 6056.5 140000334
cell 14 -1.95 -1.61988371 0.1 0.09817477 475.0 2030.0 5087.0 6056.5 140000335
cell 14 -1.95 -1.52170894 0.1 0.09817477 475.0 2030.0 5087.0 6056.5 140000336
cell 14 -1.95 -1.42353417 0.1 0.09817477 475.0 2030.0 5087.0 6056.5 140000337
cell 14 -1.95 -1.3253594 0.1 0.09817477 475.0 2030.0 5087.0 6056.5 140000338
cell 14 -1.95 -1.22718463 0.1 0.09817477 475.0 2030.0 5087.0 6056.5 140000339
cell 14 -1.95 -1.12900986 0.1 0.09817477 475.0 2030.0 5087.0 6056.5 140000340
cell 14 -1.95 -1.03083509 0.1 0.09817477 475.0 2030.0 5087.0 6056.5 140000341
cell 14 -1.95 -0.93266032 0.1 0.09817477 475.0 2030.0 5087.0 6056.5 140000342
cell 14 -1.95 -0.83448555 0.1 0.09817477 475.0 2030.0 5087.0 6056.5 140000343
cell 14 -1.95 -0.73631078 0.1 0.09817477 475.0 2030.0 5087.0 6056.5 140000344
cell 14 -1.95 -0.63813601 0.1 0.09817477 475.0 2030.0 5087.0 6056.5 140000345
cell 14 -1.95 -0.53996124 0.1 0.09817477 475.0 2030.0 5087.0 6056.5 140000346
cell 14 -1.95 -0.44178647 0.1 0.09817477 475.0 2030.0 5087.0 6056.5 140000347
cell 14 -1.95 -0.3436117 0.1 0.09817477 475.0 2030.0 5087.0 6056.5 140000348
cell 14 -1.95 -0.24543693 0.1 0.09817477 475.0 2030.0 5087.0 6056.5 140000349
cell 14 -1.95 -0.14726216 0.1 0.09817477 475.0 2030.0 5087.0 6056.5 140000350
cell 14 -1.95 -0.04908739 0.1 0.09817477 475.0 2030.0 5087.0 6056.5 140000351
cell 14 -1.95 0.04908739 0.1 0.09817477 475.0 2030.0 5087.0 6056.5 140000352
cell 14 -1.95 0.14726216 0.1 0.09817477 475.0 2030.0 5087.0 6056.5 140000353
cell 14 -1.95 0.24543693 0.1 0.09817477 475.0 2030.0 5087.0 6056.5 140000354
cell 14 -1.95 0.3436117 0.1 0.09817477 475.0 2030.0 5087.0 6056.5 140000355
cell 14 -1.95 0.44178647 0.1 0.09817477 475.0 2030.0 5087.0 6056.5 140000356
cell 14 -1.95 0.53996124 0.1 0.09817477 475.0 2030.0 5087.0 6056.5 140000357
cell 14 -1.95 0.63813601 0.1 0.09817477 475.0 2030.0 5087.0 6056.5 140000358
cell 14 -1.95 0.73631078 0.1 0.09817477 475.0 2030.0 5087.0 6056.5 140000359
cell 14 -1.95 0.83448555 0.1 0.09817477 475.0 2030.0 5087.0 6056.5 140000360
cell 14 -1.95 0.93266032 0.1 0.09817477 475.0 2030.0 5087.0 6056.5 140000361
cell 14 -1.95 1.03083509 0.1 0.09817477 475.0 2030.0 5087.0 6056.5 140000362
cell 14 -1.95 1.12900986 0.1 0.09817477 475.0 2030.0 5087.0 6056.5 140000363
cell 14 -1.95 1.22718463 0.1 0.09817477 475.0 2030.0 5087.0 6056.5 140000364
cell 14 -1.95 1.3253594 0.1 0.09817477 475.0 2030.0 5087.0 6056.5 140000365
cell 14 -1.95 1.42353417 0.1 0.09817477 475.0 2030.0 5087.0 6056.5 140000366
cell 14 -1.95 1.52170894 0.1 0.09817477 475.0 2030.0 5087.0 6056.5 140000367
cell 14 -1.95 1.61988371 0.1 0.09817477 475.0 2030.0 5087.0 6056.5 140000368
cell 14 -1.95 1.71805848 0.1 0.09817477 475.0 2030.0 5087.0 6056.5 140000369
cell 14 -1.95 1.81623325 0.1 0.09817477 475.0 2030.0 5087.0 6056.5 140000370
cell 14 -1.95 1.91440802 0.1 0.09817477 475.0 2030.0 5087.0 6056.5 140000371
cell 14 -1.95 2.01258279 0.1 0.09817477 475.0 2030.0 5087.0 6056.5 140000372
cell 14 -1.95 2.11075756 0.1 0.09817477 475.0 2030.0 5087.0 6056.5 140000373
cell 14 -1.95 2.20893233 0.1 0.09817477 475.0 2030.0 5087.0 6056.5 140000374
cell 14 -1.95 2.3071071 0.1 0.09817477 475.0 2030.0 5087.0 6056.5 140000375
cell 14 -1.95 2.40528188 0.1 0.09817477 475.0 2030.0 5087.0 6056.5 140000376
cell 14 -1.95 2.50345665 0.1 0.09817477 475.0 2030.0 5087.0 6056.5 140000377
cell 14 -1.95 2.60163142 0.1 0.09817477 475.0 2030.0 5087.0 6056.5 140000378
cell 14 -1.95 2.69980619 0.1 0.09817477 475.0 2030.0 5087.0 6056.5 140000379
cell 14 -1.95 2.79798096 0.1 0.09817477 475.0 2030.0 5087.0 6056.5 140000380
cell 14 -1.95 2.89615573 0.1 0.09817477 475.0 2030.0 5087.0 6056.5 140000381
cell 14 -1.95 2.9943305 0.1 0.09817477 475.0 2030.0 5087.0 6056.5 140000382
cell 14 -1.95 3.09250527 0.1 0.09817477 475.0 2030.0 5087.0 6056.5 140000383
cell 14 -1.85 -3.09250527 0.1 0.09817477 475.0 2030.0 5087.0 6056.5 140000384
cell 14 -1.85 -2.9943305 0.1 0.09817477 475.0 2030.0 5087.0 6056.5 140000385
cell 14 -1.85 -2.89615573 0.1 0.09817477 475.0 2030.0 5087.0 6056.5 140000386
cell 14 -1.85 -2.79798096 0.1 0.09817477 475.0 2030.0 5087.0 6056.5 140000387
cell 14 -1.85 -2.69980619 0.1 0.09817477 475.0 2030.0 5087.0 6056.5 140000388
cell 14 -1.85 -2.60163142 0.1 0.09817477 475.0 2030.0 5087.0 6056.5 140000389
cell 14 -1.85 -2.50345665 0.1 0.09817477 475.0 2030.0 5087.0 6056.5 140000390
cell 14 -1.85 -2.40528188 0.1 0.09817477 475.0 2030.0 5087.0 6056.5 140000391
cell 14 -1.85 -2.3071071 0.1 0.09817477 475.0 2030.0 5087.0 6056.5 140000392
cell 14 -1.85 -2.20893233 0.1 0.09817477 475.0 2030.0 5087.0 6056.5 140000393
cell 14 -1.85 -2.11075756 0.1 0.09817477 475.0 2030.0 5087.0 6056.5 140000394
cell 14 -1.85 -2.01258279 0.1 0.09817477 475.0 2030.0 5087.0 6056.5 140000395
cell 14 -1.85 -1.91440802 0.1 0.09817477 475.0 2030.0 5087.0 6056.5 140000396
cell 14 -1.85 -1.81623325 0.1 0.09817477 475.0 2030.0 5087.0 6056.5 140000397
cell 14 -1.85 -1.71805848 0.1 0.09817477 475.0 2030.0 5087.0 6056.5 140000398
cell 14 -1.85 -1.61988371 0.1 0.09817477 475.0 2030.0 5087.0 6056.5 140000399
cell 14 -1.85 -1.52170894 0.1 0.09817477 475.0 2030.0 5087.0 6056.5 140000400
cell 14 -1.85 -1.42353417 0.1 0.09817477 475.0 2030.0 5087.0 6056.5 140000401
cell 14 -1.85 -1.3253594 0.1 0.09817477 475.0 2030.0 5087.0 6056.5 140000402
cell 14 -1.85 -1.22718463 0.1 0.09817477 475.0 2030.0 5087.0 6056.5 140000403
cell 14 -1.85 -1.12900986 0.1 0.09817477 475.0 2030.0 5087.0 6056.5 140000404
cell 14 -1.85 -1.03083509 0.1 0.09817477 475.0 2030.0 5087.0 6056.5 140000405
cell 14 -1.85 -0.93266032 0.1 0.09817477 475.0 2030.0 5087.0 6056.5 140000406
cell 14 -1.85 -0.83448555 0.1 0.09817477 475.0 2030.0 5087.0 6056.5 140000407
cell 14 -1.85 -0.73631078 0.1 0.09817477 475.0 2030.0 5087.0 6056.5 140000408
cell 14 -1.85 -0.63813601 0.1 0.09817477 475.0 2030.0 5087.0 6056.5 140000409
cell 14 -1.85 -0.53996124 0.1 0.09817477 475.0 2030.0 5087.0 6056.5 140000410
cell 14 -1.85 -0.44178647 0.1 0.09817477 475.0 2030.0 5087.0 6056.5 140000411
cell 14 -1.85 -0.3436117 0.1 0.09817477 475.0 2030.0 5087.0 6056.5 140000412
cell 14 -1.85 -0.24543693 0.1 0.09817477 475.0 2030.0 5087.0 6056.5 140000413
cell 14 -1.85 -0.14726216 0.1 0.09817477 475.0 2030.0 5087.0 6056.5 140000414
cell 14 -1.85 -0.04908739 0.1 0.09817477 475.0 2030.0 5087.0 6056.5 140000415
cell 14 -1.85 0.04908739 0.1 0.09817477 475.0 2030.0 5087.0 6056.5 140000416
cell 14 -1.85 0.14726216 0.1 0.09817477 475.0 2030.0 5087.0 6056.5 140000417
cell 14 -1.85 0.24543693 0.1 0.09817477 475.0 2030.0 5087.0 6056.5 140000418
cell 14 -1.85 0.3436117 0.1 0.09817477 475.0 2030.0 5087.0 6056.5 140000419
cell 14 -1.85 0.44178647 0.1 0.09817477 475.0 2030.0 5087.0 6056.5 140000420
cell 14 -1.85 0.53996124 0.1 0.09817477 475.0 2030.0 5087.0 6056.5 140000421
cell 14 -1.85 0.63813601 0.1 0.09817477 475.0 2030.0 5087.0 6056.5 140000422
cell 14 -1.85 0.73631078 0.1 0.09817477 475.0 2030.0 5087.0 6056.5 140000423
cell 14 -1.85 0.83448555 0.1 0.09817477 475.0 2030.0 5087.0 6056.5 140000424
cell 14 -1.85 0.93266032 0.1 0.09817477 475.0 2030.0 5087.0 6056.5 140000425
cell 14 -1.85 1.03083509 0.1 0.09817477 475.0 2030.0 5087.0 6056.5 140000426
cell 14 -1.85 1.12900986 0.1 0.09817477 475.0 2030.0 5087.0 6056.5 140000427
cell 14 -1.85 1.22718463 0.1 0.09817477 475.0 2030.0 5087.0 6056.5 140000428
cell 14 -1.85 1.3253594 0.1 0.09817477 475.0 2030.0 5087.0 6056.5 140000429
cell 14 -1.85 1.42353417 0.1 0.09817477 475.0 2030.0 5087.0 6056.5 140000430
cell 14 -1.85 1.52170894 0.1 0.09817477 475.0 2030.0 5087.0 6056.5 140000431
cell 14 -1.85 1.61988371 0.1 0.09817477 475.0 2030.0 5087.0 6056.5 140000432
cell 14 -1.85 1.71805848 0.1 0.09817477 475.0 2030.0 5087.0 6056.5 140000433
cell 14 -1.85 1.81623325 0.1 0.09817477 475.0 2030.0 5087.0 6056.5 140000434
cell 14 -1.85 1.91440802 0.1 0.09817477 475.0 2030.0 5087.0 6056.5 140000435
cell 14 -1.85 2.01258279 0.1 0.09817477 475.0 2030.0 5087.0 6056.5 140000436
cell 14 -1.85 2.11075756 0.1 0.09817477 475.0 2030.0 5087.0 6056.5 140000437
cell 14 -1.85 2.20893233 0.1 0.09817477 475.0 2030.0 5087.0 6056.5 140000438
cell 14 -1.85 2.3071071 0.1 0.09817477 475.0 2030.0 5087.0 6056.5 140000439
cell 14 -1.85 2.40528188 0.1 0.09817477 475.0 2030.0 5087.0 6056.5 140000440
cell 14 -1.85 2.50345665 0.1 0.09817477 475.0 2030.0 5087.0 6056.5 140000441
cell 14 -1.85 2.60163142 0.1 0.09817477 475.0 2030.0 5087.0 6056.5 140000442
cell 14 -1.85 2.69980619 0.1 0.09817477 475.0 2030.0 5087.0 6056.5 140000443
cell 14 -1.85 2.79798096 0.1 0.09817477 475.0 2030.0 5087.0 6056.5 140000444
cell 14 -1.85 2.89615573 0.1 0.09817477 475.0 2030.0 5087.0 6056.5 140000445
cell 14 -1.85 2.9943305 0.1 0.09817477 475.0 2030.0 5087.0 6056.5 140000446
cell 14 -1.85 3.09250527 0.1 0.09817477 475.0 2030.0 5087.0 6056.5 140000447
cell 14 -1.75 -3.09250527 0.1 0.09817477 475.0 2030.0 5087.0 6056.5 140000448
cell 14 -1.75 -2.9943305 0.1 0.09817477 475.0 2030.0 5087.0 6056.5 140000449
cell 14 -1.75 -2.89615573 0.1 0.09817477 475.0 2030.0 5087.0 6056.5 140000450
cell 14 -1.75 -2.79798096 0.1 0.09817477 475.0 2030.0 5087.0 6056.5 140000451
cell 14 -1.75 -2.69980619 0.1 0.09817477 475.0 2030.0 5087.0 6056.5 140000452
cell 14 -1.75 -2.60163142 0.1 0.09817477 475.0 2030.0 5087.0 6056.5 140000453
cell 14 -1.75 -2.50345665 0.1 0.09817477 475.0 2030.0 5087.0 6056.5 140000454
cell 14 -1.75 -2.40528188 0.1 0.09817477 475.0 2030.0 5087.0 6056.5 140000455
cell 14 -1.75 -2.3071071 0.1 0.09817477 475.0 2030.0 5087.0 6056.5 140000456
cell 14 -1.75 -2.20893233 0.1 0.09817477 475.0 2030.0 5087.0 6056.5 140000457
cell 14 -1.75 -2.11075756 0.1 0.09817477 475.0 2030.0 5087.0 6056.5 140000458
cell 14 -1.75 -2.01258279 0.1 0.09817477 475.0 2030.0 5087.0 6056.5 140000459
cell 14 -1.75 -1.91440802 0.1 0.09817477 475.0 2030.0 5087.0 6056.5 140000460
cell 14 -1.75 -1.81623325 0.1 0.09817477 475.0 2030.0 5087.0 6056.5 140000461
cell 14 -1.75 -1.71805848 0.1 0.09817477 475.0 2030.0 5087.0 6056.5 140000462
cell 14 -1.75 -1.61988371 0.1 0.09817477 475.0 2030.0 5087.0 6056.5 140000463
cell 14 -1.75 -1.52170894 0.1 0.09817477 475.0 2030.0 5087.0 6056.5 140000464
cell 14 -1.75 -1.42353417 0.1 0.09817477 475.0 2030.0 5087.0 6056.5 140000465
cell 14 -1.75 -1.3253594 0.1 0.09817477 475.0 2030.0 5087.0 6056.5 140000466
cell 14 -1.75 -1.22718463 0.1 0.09817477 475.0 2030.0 5087.0 6056.5 140000467
cell 14 -1.75 -1.12900986 0.1 0.09817477 475.0 2030.0 5087.0 6056.5 140000468
cell 14 -1.75 -1.03083509 0.1 0.09817477 475.0 2030.0 5087.0 6056.5 140000469
cell 14 -1.75 -0.93266032 0.1 0.09817477 475.0 2030.0 5087.0 6056.5 140000470
cell 14 -1.75 -0.83448555 0.1 0.09817477 475.0 2030.0 5087.0 6056.5 140000471
cell 14 -1.75 -0.73631078 0.1 0.09817477 475.0 2030.0 5087.0 6056.5 140000472
cell 14 -1.75 -0.63813601 0.1 0.09817477 475.0 2030.0 5087.0 6056.5 140000473
cell 14 -1.75 -0.53996124 0.1 0.09817477 475.0 2030.0 5087.0 6056.5 140000474
cell 14 -1.75 -0.44178647 0.1 0.09817477 475.0 2030.0 5087.0 6056.5 140000475
cell 14 -1.75 -0.3436117 0.1 0.09817477 475.0 2030.0 5087.0 6056.5 140000476
cell 14 -1.75 -0.24543693 0.1 0.09817477 475.0 2030.0 5087.0 6056.5 140000477
cell 14 -1.75 -0.14726216 0.1 0.09817477 475.0 2030.0 5087.0 6056.5 140000478
cell 14 -1.75 -0.04908739 0.1 0.09817477 475.0 2030.0 5087.0 6056.5 140000479
cell 14 -1.75 0.04908739 0.1 0.09817477 475.0 2030.0 5087.0 6056.5 140000480
cell 14 -1.75 0.14726216 0.1 0.09817477 475.0 2030.0 5087.0 6056.5 140000481
cell 14 -1.75 0.24543693 0.1 0.09817477 475.0 2030.0 5087.0 6056.5 140000482
cell 14 -1.75 0.3436117 0.1 0.09817477 475.0 2030.0 5087.0 6056.5 140000483
cell 14 -1.75 0.44178647 0.1 0.09817477 475.0 2030.0 5087.0 6056.5 140000484
cell 14 -1.75 0.53996124 0.1 0.09817477 475.0 2030.0 5087.0 6056.5 140000485
cell 14 -1.75 0.63813601 0.1 0.09817477 475.0 2030.0 5087.0 6056.5 140000486
cell 14 -1.75 0.73631078 0.1 0.09817477 475.0 2030.0 5087.0 6056.5 140000487
cell 14 -1.75 0.83448555 0.1 0.09817477 475.0 2030.0 5087.0 6056.5 140000488
cell 14 -1.75 0.93266032 0.1 0.09817477 475.0 2030.0 5087.0 6056.5 140000489
cell 14 -1.75 1.03083509 0.1 0.09817477 475.0 2030.0 5087.0 6056.5 140000490
cell 14 -1.75 1.12900986 0.1 0.09817477 475.0 2030.0 5087.0 6056.5 140000491
cell 14 -1.75 1.22718463 0.1 0.09817477 475.0 2030.0 5087.0 6056.5 140000492
cell 14 -1.75 1.3253594 0.1 0.09817477 475.0 2030.0 5087.0 6056.5 140000493
cell 14 -1.75 1.42353417 0.1 0.09817477 475.0 2030.0 5087.0 6056.5 140000494
cell 14 -1.75 1.52170894 0.1 0.09817477 475.0 2030.0 5087.0 6056.5 140000495
cell 14 -1.75 1.61988371 0.1 0.09817477 475.0 2030.0 5087.0 6056.5 140000496
cell 14 -1.75 1.71805848 0.1 0.09817477 475.0 2030.0 5087.0 6056.5 140000497
cell 14 -1.75 1.81623325 0.1 0.09817477 475.0 2030.0 5087.0 6056.5 140000498
cell 14 -1.75 1.91440802 0.1 0.09817477 475.0 2030.0 5087.0 6056.5 140000499
cell 14 -1.75 2.01258279 0.1 0.09817477 475.0 2030.0 5087.0 6056.5 140000500
cell 14 -1.75 2.11075756 0.1 0.09817477 475.0 2030.0 5087.0 6056.5 140000501
cell 14 -1.75 2.20893233 0.1 0.09817477 475.0 2030.0 5087.0 6056.5 140000502
cell 14 -1.75 2.3071071 0.1 0.09817477 475.0 2030.0 5087.0 6056.5 140000503
cell 14 -1.75 2.40528188 0.1 0.09817477 475.0 2030.0 5087.0 6056.5 140000504
cell 14 -1.75 2.50345665 0.1 0.09817477 475.0 2030.0 5087.0 6056.5 140000505
cell 14 -1.75 2.60163142 0.1 0.09817477 475.0 2030.0 5087.0 6056.5 140000506
cell 14 -1.75 2.69980619 0.1 0.09817477 475.0 2030.0 5087.0 6056.5 140000507
cell 14 -1.75 2.79798096 0.1 0.09817477 475.0 2030.0 5087.0 6056.5 140000508
cell 14 -1.75 2.89615573 0.1 0.09817477 475.0 2030.0 5087.0 6056.5 140000509
cell 14 -1.75 2.9943305 0.1 0.09817477 475.0 2030.0 5087.0 6056.5 140000510
cell 14 -1.75 3.09250527 0.1 0.09817477 475.0 2030.0 5087.0 6056.5 140000511
cell 14 -1.65 -3.09250527 0.1 0.09817477 475.0 2030.0 5087.0 6056.5 140000512
cell 14 -1.65 -2.9943305 0.1 0.09817477 475.0 2030.0 5087.0 6056.5 140000513
cell 14 -1.65 -2.89615573 0.1 0.09817477 475.0 2030.0 5087.0 6056.5 140000514
cell 14 -1.65 -2.79798096 0.1 0.09817477 475.0 2030.0 5087.0 6056.5 140000515
cell 14 -1.65 -2.69980619 0.1 0.09817477 475.0 2030.0 5087.0 6056.5 140000516
cell 14 -1.65 -2.60163142 0.1 0.09817477 475.0 2030.0 5087.0 6056.5 140000517
cell 14 -1.65 -2.50345665 0.1 0.09817477 475.0 2030.0 5087.0 6056.5 140000518
cell 14 -1.65 -2.40528188 0.1 0.09817477 475.0 2030.0 5087.0 6056.5 140000519
cell 14 -1.65 -2.3071071 0.1 0.09817477 475.0 2030.0 5087.0 6056.5 140000520
cell 14 -1.65 -2.20893233 0.1 0.09817477 475.0 2030.0 5087.0 6056.5 140000521
cell 14 -1.65 -2.11075756 0.1 0.09817477 475.0 2030.0 5087.0 6056.5 140000522
cell 14 -1.65 -2.01258279 0.1 0.09817477 475.0 2030.0 5087.0 6056.5 140000523
cell 14 -1.65 -1.91440802 0.1 0.09817477 475.0 2030.0 5087.0 6056.5 140000524
cell 14 -1.65 -1.81623325 0.1 0.09817477 475.0 2030.0 5087.0 6056.5 140000525
cell 14 -1.65 -1.71805848 0.1 0.09817477 475.0 2030.0 5087.0 6056.5 140000526
cell 14 -1.65 -1.61988371 0.1 0.09817477 475.0 2030.0 5087.0 6056.5 140000527
cell 14 -1.65 -1.52170894 0.1 0.09817477 475.0 2030.0 5087.0 6056.5 140000528
cell 14 -1.65 -1.42353417 0.1 0.09817477 475.0 2030.0 5087.0 6056.5 140000529
cell 14 -1.65 -1.3253594 0.1 0.09817477 475.0 2030.0 5087.0 6056.5 140000530
cell 14 -1.65 -1.22718463 0.1 0.09817477 475.0 2030.0 5087.0 6056.5 140000531
cell 14 -1.65 -1.12900986 0.1 0.09817477 475.0 2030.0 5087.0 6056.5 140000532
cell 14 -1.65 -1.03083509 0.1 0.09817477 475.0 2030.0 5087.0 6056.5 140000533
cell 14 -1.65 -0.93266032 0.1 0.09817477 475.0 2030.0 5087.0 6056.5 140000534
cell 14 -1.65 -0.83448555 0.1 0.09817477 475.0 2030.0 5087.0 6056.5 140000535
cell 14 -1.65 -0.73631078 0.1 0.09817477 475.0 2030.0 5087.0 6056.5 140000536
cell 14 -1.65 -0.63813601 0.1 0.09817477 475.0 2030.0 5087.0 6056.5 140000537
cell 14 -1.65 -0.53996124 0.1 0.09817477 475.0 2030.0 5087.0 6056.5 140000538
cell 14 -1.65 -0.44178647 0.1 0.09817477 475.0 2030.0 5087.0 6056.5 140000539
cell 14 -1.65 -0.3436117 0.1 0.09817477 475.0 2030.0 5087.0 6056.5 140000540
cell 14 -1.65 -0.24543693 0.1 0.09817477 475.0 2030.0 5087.0 6056.5 140000541
cell 14 -1.65 -0.14726216 0.1 0.09817477 475.0 2030.0 5087.0 6056.5 140000542
cell 14 -1.65 -0.04908739 0.1 0.09817477 475.0 2030.0 5087.0 6056.5 140000543
cell 14 -1.65 0.04908739 0.1 0.09817477 475.0 2030.0 5087.0 6056.5 140000544
cell 14 -1.65 0.14726216 0.1 0.09817477 475.0 2030.0 5087.0 6056.5 140000545
cell 14 -1.65 0.24543693 0.1 0.09817477 475.0 2030.0 5087.0 6056.5 140000546
cell 14 -1.65 0.3436117 0.1 0.09817477 475.0 2030.0 5087.0 6056.5 140000547
cell 14 -1.65 0.44178647 0.1 0.09817477 475.0 2030.0 5087.0 6056.5 140000548
cell 14 -1.65 0.53996124 0.1 0.09817477 475.0 2030.0 5087.0 6056.5 140000549
cell 14 -1.65 0.63813601 0.1 0.09817477 475.0 2030.0 5087.0 6056.5 140000550
cell 14 -1.65 0.73631078 0.1 0.09817477 475.0 2030.0 5087.0 6056.5 140000551
cell 14 -1.65 0.83448555 0.1 0.09817477 475.0 2030.0 5087.0 6056.5 140000552
cell 14 -1.65 0.93266032 0.1 0.09817477 475.0 2030.0 5087.0 6056.5 140000553
cell 14 -1.65 1.03083509 0.1 0.09817477 475.0 2030.0 5087.0 6056.5 140000554
cell 14 -1.65 1.12900986 0.1 0.09817477 475.0 2030.0 5087.0 6056.5 140000555
cell 14 -1.65 1.22718463 0.1 0.09817477 475.0 2030.0 5087.0 6056.5 140000556
cell 14 -1.65 1.3253594 0.1 0.09817477 475.0 2030.0 5087.0 6056.5 140000557
cell 14 -1.65 1.42353417 0.1 0.09817477 475.0 2030.0 5087.0 6056.5 140000558
cell 14 -1.65 1.52170894 0.1 0.09817477 475.0 2030.0 5087.0 6056.5 140000559
cell 14 -1.65 1.61988371 0.1 0.09817477 475.0 2030.0 5087.0 6056.5 140000560
cell 14 -1.65 1.71805848 0.1 0.09817477 475.0 2030.0 5087.0 6056.5 140000561
cell 14 -1.65 1.81623325 0.1 0.09817477 475.0 2030.0 5087.0 6056.5 140000562
cell 14 -1.65 1.91440802 0.1 0.09817477 475.0 2030.0 5087.0 6056.5 140000563
cell 14 -1.65 2.01258279 0.1 0.09817477 475.0 2030.0 5087.0 6056.5 140000564
cell 14 -1.65 2.11075756 0.1 0.09817477 475.0 2030.0 5087.0 6056.5 140000565
cell 14 -1.65 2.20893233 0.1 0.09817477 475.0 2030.0 5087.0 6056.5 140000566
cell 14 -1.65 2.3071071 0.1 0.09817477 475.0 2030.0 5087.0 6056.5 140000567
cell 14 -1.65 2.40528188 0.1 0.09817477 475.0 2030.0 5087.0 6056.5 140000568
cell 14 -1.65 2.50345665 0.1 0.09817477 475.0 2030.0 5087.0 6056.5 140000569
cell 14 -1.65 2.60163142 0.1 0.09817477 475.0 2030.0 5087.0 6056.5 140000570
cell 14 -1.65 2.69980619 0.1 0.09817477 475.0 2030.0 5087.0 6056.5 140000571
cell 14 -1.65 2.79798096 0.1 0.09817477 475.0 2030.0 5087.0 6056.5 140000572
cell 14 -1.65 2.89615573 0.1 0.09817477 475.0 2030.0 5087.0 6056.5 140000573
cell 14 -1.65 2.9943305 0.1 0.09817477 475.0 2030.0 5087.0 6056.5 140000574
cell 14 -1.65 3.09250527 0.1 0.09817477 475.0 2030.0 5087.0 6056.5 140000575
cell 14 -1.55 -3.09250527 0.1 0.09817477 475.0 2030.0 5087.0 6056.5 140000576
cell 14 -1.55 -2.9943305 0.1 0.09817477 475.0 2030.0 5087.0 6056.5 140000577
cell 14 -1.55 -2.89615573 0.1 0.09817477 475.0 2030.0 5087.0 6056.5 140000578
cell 14 -1.55 -2.79798096 0.1 0.09817477 475.0 2030.0 5087.0 6056.5 140000579
cell 14 -1.55 -2.69980619 0.1 0.09817477 475.0 2030.0 5087.0 6056.5 140000580
cell 14 -1.55 -2.60163142 0.1 0.09817477 475.0 2030.0 5087.0 6056.5 140000581
cell 14 -1.55 -2.50345665 0.1 0.09817477 475.0 2030.0 5087.0 6056.5 140000582
cell 14 -1.55 -2.40528188 0.1 0.09817477 475.0 2030.0 5087.0 6056.5 140000583
cell 14 -1.55 -2.3071071 0.1 0.09817477 475.0 2030.0 5087.0 6056.5 140000584
cell 14 -1.55 -2.20893233 0.1 0.09817477 475.0 2030.0 5087.0 6056.5 140000585
cell 14 -1.55 -2.11075756 0.1 0.09817477 475.0 2030.0 5087.0 6056.5 140000586
cell 14 -1.55 -2.01258279 0.1 0.09817477 475.0 2030.0 5087.0 6056.5 140000587
cell 14 -1.55 -1.91440802 0.1 0.09817477 475.0 2030.0 5087.0 6056.5 140000588
cell 14 -1.55 -1.81623325 0.1 0.09817477 475.0 2030.0 5087.0 6056.5 140000589
cell 14 -1.55 -1.71805848 0.1 0.09817477 475.0 2030.0 5087.0 6056.5 140000590
cell 14 -1.55 -1.61988371 0.1 0.09817477 475.0 2030.0 5087.0 6056.5 140000591
cell 14 -1.55 -1.52170894 0.1 0.09817477 475.0 2030.0 5087.0 6056.5 140000592
cell 14 -1.55 -1.42353417 0.1 0.09817477 475.0 2030.0 5087.0 6056.5 140000593
cell 14 -1.55 -1.3253594 0.1 0.09817477 475.0 2030.0 5087.0 6056.5 140000594
cell 14 -1.55 -1.22718463 0.1 0.09817477 475.0 2030.0 5087.0 6056.5 140000595
cell 14 -1.55 -1.12900986 0.1 0.09817477 475.0 2030.0 5087.0 6056.5 140000596
cell 14 -1.55 -1.03083509 0.1 0.09817477 475.0 2030.0 5087.0 6056.5 140000597
cell 14 -1.55 -0.93266032 0.1 0.09817477 475.0 2030.0 5087.0 6056.5 140000598
cell 14 -1.55 -0.83448555 0.1 0.09817477 475.0 2030.0 5087.0 6056.5 140000599
cell 14 -1.55 -0.73631078 0.1 0.09817477 475.0 2030.0 5087.0 6056.5 140000600
cell 14 -1.55 -0.63813601 0.1 0.09817477 475.0 2030.0 5087.0 6056.5 140000601
cell 14 -1.55 -0.53996124 0.1 0.09817477 475.0 2030.0 5087.0 6056.5 140000602
cell 14 -1.55 -0.44178647 0.1 0.09817477 475.0 2030.0 5087.0 6056.5 140000603
cell 14 -1.55 -0.3436117 0.1 0.09817477 475.0 2030.0 5087.0 6056.5 140000604
cell 14 -1.55 -0.24543693 0.1 0.09817477 475.0 2030.0 5087.0 6056.5 140000605
cell 14 -1.55 -0.14726216 0.1 0.09817477 475.0 2030.0 5087.0 6056.5 140000606
cell 14 -1.55 -0.04908739 0.1 0.09817477 475.0 2030.0 5087.0 6056.5 140000607
cell 14 -1.55 0.04908739 0.1 0.09817477 475.0 2030.0 5087.0 6056.5 140000608
cell 14 -1.55 0.14726216 0.1 0.09817477 475.0 2030.0 5087.0 6056.5 140000609
cell 14 -1.55 0.24543693 0.1 0.09817477 475.0 2030.0 5087.0 6056.5 140000610
cell 14 -1.55 0.3436117 0.1 0.09817477 475.0 2030.0 5087.0 6056.5 140000611
cell 14 -1.55 0.44178647 0.1 0.09817477 475.0 2030.0 5087.0 6056.5 140000612
cell 14 -1.55 0.53996124 0.1 0.09817477 475.0 2030.0 5087.0 6056.5 140000613
cell 14 -1.55 0.63813601 0.1 0.09817477 475.0 2030.0 5087.0 6056.5 140000614
cell 14 -1.55 0.73631078 0.1 0.09817477 475.0 2030.0 5087.0 6056.5 140000615
cell 14 -1.55 0.83448555 0.1 0.09817477 475.0 2030.0 5087.0 6056.5 140000616
cell 14 -1.55 0.93266032 0.1 0.09817477 475.0 2030.0 5087.0 6056.5 140000617
cell 14 -1.55 1.03083509 0.1 0.09817477 475.0 2030.0 5087.0 6056.5 140000618
cell 14 -1.55 1.12900986 0.1 0.09817477 475.0 2030.0 5087.0 6056.5 140000619
cell 14 -1.55 1.22718463 0.1 0.09817477 475.0 2030.0 5087.0 6056.5 140000620
cell 14 -1.55 1.3253594 0.1 0.09817477 475.0 2030.0 5087.0 6056.5 140000621
cell 14 -1.55 1.42353417 0.1 0.09817477 475.0 2030.0 5087.0 6056.5 140000622
cell 14 -1.55 1.52170894 0.1 0.09817477 475.0 2030.0 5087.0 6056.5 140000623
cell 14 -1.55 1.61988371 0.1 0.09817477 475.0 2030.0 5087.0 6056.5 140000624
cell 14 -1.55 1.71805848 0.1 0.09817477 475.0 2030.0 5087.0 6056.5 140000625
cell 14 -1.55 1.81623325 0.1 0.09817477 475.0 2030.0 5087.0 6056.5 140000626
cell 14 -1.55 1.91440802 0.1 0.09817477 475.0 2030.0 5087.0 6056.5 140000627
cell 14 -1.55 2.01258279 0.1 0.09817477 475.0 2030.0 5087.0 6056.5 140000628
cell 14 -1.55 2.11075756 0.1 0.09817477 475.0 2030.0 5087.0 6056.5 140000629
cell 14 -1.55 2.20893233 0.1 0.09817477 475.0 2030.0 5087.0 6056.5 140000630
cell 14 -1.55 2.3071071 0.1 0.09817477 475.0 2030.0 5087.0 6056.5 140000631
cell 14 -1.55 2.40528188 0.1 0.09817477 475.0 2030.0 5087.0 6056.5 140000632
cell 14 -1.55 2.50345665 0.1 0.09817477 475.0 2030.0 5087.0 6056.5 140000633
cell 14 -1.55 2.60163142 0.1 0.09817477 475.0 2030.0 5087.0 6056.5 140000634
cell 14 -1.55 2.69980619 0.1 0.09817477 475.0 2030.0 5087.0 6056.5 140000635
cell 14 -1.55 2.79798096 0.1 0.09817477 475.0 2030.0 5087.0 6056.5 140000636
cell 14 -1.55 2.89615573 0.1 0.09817477 475.0 2030.0 5087.0 6056.5 140000637
cell 14 -1.55 2.9943305 0.1 0.09817477 475.0 2030.0 5087.0 6056.5 140000638
cell 14 -1.55 3.09250527 0.1 0.09817477 475.0 2030.0 5087.0 6056.5 140000639
cell 14 1.55 -3.09250527 0.1 0.09817477 475.0 2030.0 5087.0 6056.5 140000640
cell 14 1.55 -2.9943305 0.1 0.09817477 475.0 2030.0 5087.0 6056.5 140000641
cell 14 1.55 -2.89615573 0.1 0.09817477 475.0 2030.0 5087.0 6056.5 140000642
cell 14 1.55 -2.79798096 0.1 0.09817477 475.0 2030.0 5087.0 6056.5 140000643
cell 14 1.55 -2.69980619 0.1 0.09817477 475.0 2030.0 5087.0 6056.5 140000644
cell 14 1.55 -2.60163142 0.1 0.09817477 475.0 2030.0 5087.0 6056.5 140000645
cell 14 1.55 -2.50345665 0.1 0.09817477 475.0 2030.0 5087.0 6056.5 140000646
cell 14 1.55 -2.40528188 0.1 0.09817477 475.0 2030.0 5087.0 6056.5 140000647
cell 14 1.55 -2.3071071 0.1 0.09817477 475.0 2030.0 5087.0 6056.5 140000648
cell 14 1.55 -2.20893233 0.1 0.09817477 475.0 2030.0 5087.0 6056.5 140000649
cell 14 1.55 -2.11075756 0.1 0.09817477 475.0 2030.0 5087.0 6056.5 140000650
cell 14 1.55 -2.01258279 0.1 0.09817477 475.0 2030.0 5087.0 6056.5 140000651
cell 14 1.55 -1.91440802 0.1 0.09817477 475.0 2030.0 5087.0 6056.5 140000652
cell 14 1.55 -1.81623325 0.1 0.09817477 475.0 2030.0 5087.0 6056.5 140000653
cell 14 1.55 -1.71805848 0.1 0.09817477 475.0 2030.0 5087.0 6056.5 140000654
cell 14 1.55 -1.61988371 0.1 0.09817477 475.0 2030.0 5087.0 6056.5 140000655
cell 14 1.55 -1.52170894 0.1 0.09817477 475.0 2030.0 5087.0 6056.5 140000656
cell 14 1.55 -1.42353417 0.1 0.09817477 475.0 2030.0 5087.0 6056.5 140000657
cell 14 1.55 -1.3253594 0.1 0.09817477 475.0 2030.0 5087.0 6056.5 140000658
cell 14 1.55 -1.22718463 0.1 0.09817477 475.0 2030.0 5087.0 6056.5 140000659
cell 14 1.55 -1.12900986 0.1 0.09817477 475.0 2030.0 5087.0 6056.5 140000660
cell 14 1.55 -1.03083509 0.1 0.09817477 475.0 2030.0 5087.0 6056.5 140000661
cell 14 1.55 -0.93266032 0.1 0.09817477 475.0 2030.0 5087.0 6056.5 140000662
cell 14 1.55 -0.83448555 0.1 0.09817477 475.0 2030.0 5087.0 6056.5 140000663
cell 14 1.55 -0.73631078 0.1 0.09817477 475.0 2030.0 5087.0 6056.5 140000664
cell 14 1.55 -0.63813601 0.1 0.09817477 475.0 2030.0 5087.0 6056.5 140000665
cell 14 1.55 -0.53996124 0.1 0.09817477 475.0 2030.0 5087.0 6056.5 140000666
cell 14 1.55 -0.44178647 0.1 0.09817477 475.0 2030.0 5087.0 6056.5 140000667
cell 14 1.55 -0.3436117 0.1 0.09817477 475.0 2030.0 5087.0 6056.5 140000668
cell 14 1.55 -0.24543693 0.1 0.09817477 475.0 2030.0 5087.0 6056.5 140000669
cell 14 1.55 -0.14726216 0.1 0.09817477 475.0 2030.0 5087.0 6056.5 140000670
cell 14 1.55 -0.04908739 0.1 0.09817477 475.0 2030.0 5087.0 6056.5 140000671
cell 14 1.55 0.04908739 0.1 0.09817477 475.0 2030.0 5087.0 6056.5 140000672
cell 14 1.55 0.14726216 0.1 0.09817477 475.0 2030.0 5087.0 6056.5 140000673
cell 14 1.55 0.24543693 0.1 0.09817477 475.0 2030.0 5087.0 6056.5 140000674
cell 14 1.55 0.3436117 0.1 0.09817477 475.0 2030.0 5087.0 6056.5 140000675
cell 14 1.55 0.44178647 0.1 0.09817477 475.0 2030.0 5087.0 6056.5 140000676
cell 14 1.55 0.53996124 0.1 0.09817477 475.0 2030.0 5087.0 6056.5 140000677
cell 14 1.55 0.63813601 0.1 0.09817477 475.0 2030.0 5087.0 6056.5 140000678
cell 14 1.55 0.73631078 0.1 0.09817477 475.0 2030.0 5087.0 6056.5 140000679
cell 14 1.55 0.83448555 0.1 0.09817477 475.0 2030.0 5087.0 6056.5 140000680
cell 14 1.55 0.93266032 0.1 0.09817477 475.0 2030.0 5087.0 6056.5 140000681
cell 14 1.55 1.03083509 0.1 0.09817477 475.0 2030.0 5087.0 6056.5 140000682
cell 14 1.55 1.12900986 0.1 0.09817477 475.0 2030.0 5087.0 6056.5 140000683
cell 14 1.55 1.22718463 0.1 0.09817477 475.0 2030.0 5087.0 6056.5 140000684
cell 14 1.55 1.3253594 0.1 0.09817477 475.0 2030.0 5087.0 6056.5 140000685
cell 14 1.55 1.42353417 0.1 0.09817477 475.0 2030.0 5087.0 6056.5 140000686
cell 14 1.55 1.52170894 0.1 0.09817477 475.0 2030.0 5087.0 6056.5 140000687
cell 14 1.55 1.61988371 0.1 0.09817477 475.0 2030.0 5087.0 6056.5 140000688
cell 14 1.55 1.71805848 0.1 0.09817477 475.0 2030.0 5087.0 6056.5 140000689
cell 14 1.55 1.81623325 0.1 0.09817477 475.0 2030.0 5087.0 6056.5 140000690
cell 14 1.55 1.91440802 0.1 0.09817477 475.0 2030.0 5087.0 6056.5 140000691
cell 14 1.55 2.01258279 0.1 0.09817477 475.0 2030.0 5087.0 6056.5 140000692
cell 14 1.55 2.11075756 0.1 0.09817477 475.0 2030.0 5087.0 6056.5 140000693
cell 14 1.55 2.20893233 0.1 0.09817477 475.0 2030.0 5087.0 6056.5 140000694
cell 14 1.55 2.3071071 0.1 0.09817477 475.0 2030.0 5087.0 6056.5 140000695
cell 14 1.55 2.40528188 0.1 0.09817477 475.0 2030.0 5087.0 6056.5 140000696
cell 14 1.55 2.50345665 0.1 0.09817477 475.0 2030.0 5087.0 6056.5 140000697
cell 14 1.55 2.60163142 0.1 0.09817477 475.0 2030.0 5087.0 6056.5 140000698
cell 14 1.55 2.69980619 0.1 0.09817477 475.0 2030.0 5087.0 6056.5 140000699
cell 14 1.55 2.79798096 0.1 0.09817477 475.0 2030.0 5087.0 6056.5 140000700
cell 14 1.55 2.89615573 0.1 0.09817477 475.0 2030.0 5087.0 6056.5 140000701
cell 14 1.55 2.9943305 0.1 0.09817477 475.0 2030.0 5087.0 6056.5 140000702
cell 14 1.55 3.09250527 0.1 0.09817477 475.0 2030.0 5087.0 6056.5 140000703
cell 14 1.65 -3.09250527 0.1 0.09817477 475.0 2030.0 5087.0 6056.5 140000704
cell 14 1.65 -2.9943305 0.1 0.09817477 475.0 2030.0 5087.0 6056.5 140000705
cell 14 1.65 -2.89615573 0.1 0.09817477 475.0 2030.0 5087.0 6056.5 140000706
cell 14 1.65 -2.79798096 0.1 0.09817477 475.0 2030.0 5087.0 6056.5 140000707
cell 14 1.65 -2.69980619 0.1 0.09817477 475.0 2030.0 5087.0 6056.5 140000708
cell 14 1.65 -2.60163142 0.1 0.09817477 475.0 2030.0 5087.0 6056.5 140000709
cell 14 1.65 -2.50345665 0.1 0.09817477 475.0 2030.0 5087.0 6056.5 140000710
cell 14 1.65 -2.40528188 0.1 0.09817477 475.0 2030.0 5087.0 6056.5 140000711
cell 14 1.65 -2.3071071 0.1 0.09817477 475.0 2030.0 5087.0 6056.5 140000712
cell 14 1.65 -2.20893233 0.1 0.09817477 475.0 2030.0 5087.0 6056.5 140000713
cell 14 1.65 -2.11075756 0.1 0.09817477 475.0 2030.0 5087.0 6056.5 140000714
cell 14 1.65 -2.01258279 0.1 0.09817477 475.0 2030.0 5087.0 6056.5 140000715
cell 14 1.65 -1.91440802 0.1 0.09817477 475.0 2030.0 5087.0 6056.5 140000716
cell 14 1.65 -1.81623325 0.1 0.09817477 475.0 2030.0 5087.0 6056.5 140000717
cell 14 1.65 -1.71805848 0.1 0.09817477 475.0 2030.0 5087.0 6056.5 140000718
cell 14 1.65 -1.61988371 0.1 0.09817477 475.0 2030.0 5087.0 6056.5 140000719
cell 14 1.65 -1.52170894 0.1 0.09817477 475.0 2030.0 5087.0 6056.5 140000720
cell 14 1.65 -1.42353417 0.1 0.09817477 475.0 2030.0 5087.0 6056.5 140000721
cell 14 1.65 -1.3253594 0.1 0.09817477 475.0 2030.0 5087.0 6056.5 140000722
cell 14 1.65 -1.22718463 0.1 0.09817477 475.0 2030.0 5087.0 6056.5 140000723
cell 14 1.65 -1.12900986 0.1 0.09817477 475.0 2030.0 5087.0 6056.5 140000724
cell 14 1.65 -1.03083509 0.1 0.09817477 475.0 2030.0 5087.0 6056.5 140000725
cell 14 1.65 -0.93266032 0.1 0.09817477 475.0 2030.0 5087.0 6056.5 140000726
cell 14 1.65 -0.83448555 0.1 0.09817477 475.0 2030.0 5087.0 6056.5 140000727
cell 14 1.65 -0.73631078 0.1 0.09817477 475.0 2030.0 5087.0 6056.5 140000728
cell 14 1.65 -0.63813601 0.1 0.09817477 475.0 2030.0 5087.0 6056.5 140000729
cell 14 1.65 -0.53996124 0.1 0.09817477 475.0 2030.0 5087.0 6056.5 140000730
cell 14 1.65 -0.44178647 0.1 0.09817477 475.0 2030.0 5087.0 6056.5 140000731
cell 14 1.65 -0.3436117 0.1 0.09817477 475.0 2030.0 5087.0 6056.5 140000732
cell 14 1.65 -0.24543693 0.1 0.09817477 475.0 2030.0 5087.0 6056.5 140000733
cell 14 1.65 -0.14726216 0.1 0.09817477 475.0 2030.0 5087.0 6056.5 140000734
cell 14 1.65 -0.04908739 0.1 0.09817477 475.0 2030.0 5087.0 6056.5 140000735
cell 14 1.65 0.04908739 0.1 0.09817477 475.0 2030.0 5087.0 6056.5 140000736
cell 14 1.65 0.14726216 0.1 0.09817477 475.0 2030.0 5087.0 6056.5 140000737
cell 14 1.65 0.24543693 0.1 0.09817477 475.0 2030.0 5087.0 6056.5 140000738
cell 14 1.65 0.3436117 0.1 0.09817477 475.0 2030.0 5087.0 6056.5 140000739
cell 14 1.65 0.44178647 0.1 0.09817477 475.0 2030.0 5087.0 6056.5 140000740
cell 14 1.65 0.53996124 0.1 0.09817477 475.0 2030.0 5087.0 6056.5 140000741
cell 14 1.65 0.63813601 0.1 0.09817477 475.0 2030.0 5087.0 6056.5 140000742
cell 14 1.65 0.73631078 0.1 0.09817477 475.0 2030.0 5087.0 6056.5 140000743
cell 14 1.65 0.83448555 0.1 0.09817477 475.0 2030.0 5087.0 6056.5 140000744
cell 14 1.65 0.93266032 0.1 0.09817477 475.0 2030.0 5087.0 6056.5 140000745
cell 14 1.65 1.03083509 0.1 0.09817477 475.0 2030.0 5087.0 6056.5 140000746
cell 14 1.65 1.12900986 0.1 0.09817477 475.0 2030.0 5087.0 6056.5 140000747
cell 14 1.65 1.22718463 0.1 0.09817477 475.0 2030.0 5087.0 6056.5 140000748
cell 14 1.65 1.3253594 0.1 0.09817477 475.0 2030.0 5087.0 6056.5 140000749
cell 14 1.65 1.42353417 0.1 0.09817477 475.0 2030.0 5087.0 6056.5 140000750
cell 14 1.65 1.52170894 0.1 0.09817477 475.0 2030.0 5087.0 6056.5 140000751
cell 14 1.65 1.61988371 0.1 0.09817477 475.0 2030.0 5087.0 6056.5 140000752
cell 14 1.65 1.71805848 0.1 0.09817477 475.0 2030.0 5087.0 6056.5 140000753
cell 14 1.65 1.81623325 0.1 0.09817477 475.0 2030.0 5087.0 6056.5 140000754
cell 14 1.65 1.91440802 0.1 0.09817477 475.0 2030.0 5087.0 6056.5 140000755
cell 14 1.65 2.01258279 0.1 0.09817477 475.0 2030.0 5087.0 6056.5 140000756
cell 14 1.65 2.11075756 0.1 0.09817477 475.0 2030.0 5087.0 6056.5 140000757
cell 14 1.65 2.20893233 0.1 0.09817477 475.0 2030.0 5087.0 6056.5 140000758
cell 14 1.65 2.3071071 0.1 0.09817477 475.0 2030.0 5087.0 6056.5 140000759
cell 14 1.65 2.40528188 0.1 0.09817477 475.0 2030.0 5087.0 6056.5 140000760
cell 14 1.65 2.50345665 0.1 0.09817477 475.0 2030.0 5087.0 6056.5 140000761
cell 14 1.65 2.60163142 0.1 0.09817477 475.0 2030.0 5087.0 6056.5 140000762
cell 14 1.65 2.69980619 0.1 0.09817477 475.0 2030.0 5087.0 6056.5 140000763
cell 14 1.65 2.79798096 0.1 0.09817477 475.0 2030.0 5087.0 6056.5 140000764
cell 14 1.65 2.89615573 0.1 0.09817477 475.0 2030.0 5087.0 6056.5 140000765
cell 14 1.65 2.9943305 0.1 0.09817477 475.0 2030.0 5087.0 6056.5 140000766
cell 14 1.65 3.09250527 0.1 0.09817477 475.0 2030.0 5087.0 6056.5 140000767
cell 14 1.75 -3.09250527 0.1 0.09817477 475.0 2030.0 5087.0 6056.5 140000768
cell 14 1.75 -2.9943305 0.1 0.09817477 475.0 2030.0 5087.0 6056.5 140000769
cell 14 1.75 -2.89615573 0.1 0.09817477 475.0 2030.0 5087.0 6056.5 140000770
cell 14 1.75 -2.79798096 0.1 0.09817477 475.0 2030.0 5087.0 6056.5 140000771
cell 14 1.75 -2.69980619 0.1 0.09817477 475.0 2030.0 5087.0 6056.5 140000772
cell 14 1.75 -2.60163142 0.1 0.09817477 475.0 2030.0 5087.0 6056.5 140000773
cell 14 1.75 -2.50345665 0.1 0.09817477 475.0 2030.0 5087.0 6056.5 140000774
cell 14 1.75 -2.40528188 0.1 0.09817477 475.0 2030.0 5087.0 6056.5 140000775
cell 14 1.75 -2.3071071 0.1 0.09817477 475.0 2030.0 5087.0 6056.5 140000776
cell 14 1.75 -2.20893233 0.1 0.09817477 475.0 2030.0 5087.0 6056.5 140000777
cell 14 1.75 -2.11075756 0.1 0.09817477 475.0 2030.0 5087.0 6056.5 140000778
cell 14 1.75 -2.01258279 0.1 0.09817477 475.0 2030.0 5087.0 6056.5 140000779
cell 14 1.75 -1.91440802 0.1 0.09817477 475.0 2030.0 5087.0 6056.5 140000780
cell 14 1.75 -1.81623325 0.1 0.09817477 475.0 2030.0 5087.0 6056.5 140000781
cell 14 1.75 -1.71805848 0.1 0.09817477 475.0 2030.0 5087.0 6056.5 140000782
cell 14 1.75 -1.61988371 0.1 0.09817477 475.0 2030.0 5087.0 6056.5 140000783
cell 14 1.75 -1.52170894 0.1 0.09817477 475.0 2030.0 5087.0 6056.5 140000784
cell 14 1.75 -1.42353417 0.1 0.09817477 475.0 2030.0 5087.0 6056.5 140000785
cell 14 1.75 -1.3253594 0.1 0.09817477 475.0 2030.0 5087.0 6056.5 140000786
cell 14 1.75 -1.22718463 0.1 0.09817477 475.0 2030.0 5087.0 6056.5 140000787
cell 14 1.75 -1.12900986 0.1 0.09817477 475.0 2030.0 5087.0 6056.5 140000788
cell 14 1.75 -1.03083509 0.1 0.09817477 475.0 2030.0 5087.0 6056.5 140000789
cell 14 1.75 -0.93266032 0.1 0.09817477 475.0 2030.0 5087.0 6056.5 140000790
cell 14 1.75 -0.83448555 0.1 0.09817477 475.0 2030.0 5087.0 6056.5 140000791
cell 14 1.75 -0.73631078 0.1 0.09817477 475.0 2030.0 5087.0 6056.5 140000792
cell 14 1.75 -0.63813601 0.1 0.09817477 475.0 2030.0 5087.0 6056.5 140000793
cell 14 1.75 -0.53996124 0.1 0.09817477 475.0 2030.0 5087.0 6056.5 140000794
cell 14 1.75 -0.44178647 0.1 0.09817477 475.0 2030.0 5087.0 6056.5 140000795
cell 14 1.75 -0.3436117 0.1 0.09817477 475.0 2030.0 5087.0 6056.5 140000796
cell 14 1.75 -0.24543693 0.1 0.09817477 475.0 2030.0 5087.0 6056.5 140000797
cell 14 1.75 -0.14726216 0.1 0.09817477 475.0 2030.0 5087.0 6056.5 140000798
cell 14 1.75 -0.04908739 0.1 0.09817477 475.0 2030.0 5087.0 6056.5 140000799
cell 14 1.75 0.04908739 0.1 0.09817477 475.0 2030.0 5087.0 6056.5 140000800
cell 14 1.75 0.14726216 0.1 0.09817477 475.0 2030.0 5087.0 6056.5 140000801
cell 14 1.75 0.24543693 0.1 0.09817477 475.0 2030.0 5087.0 6056.5 140000802
cell 14 1.75 0.3436117 0.1 0.09817477 475.0 2030.0 5087.0 6056.5 140000803
cell 14 1.75 0.44178647 0.1 0.09817477 475.0 2030.0 5087.0 6056.5 140000804
cell 14 1.75 0.53996124 0.1 0.09817477 475.0 2030.0 5087.0 6056.5 140000805
cell 14 1.75 0.63813601 0.1 0.09817477 475.0 2030.0 5087.0 6056.5 140000806
cell 14 1.75 0.73631078 0.1 0.09817477 475.0 2030.0 5087.0 6056.5 140000807
cell 14 1.75 0.83448555 0.1 0.09817477 475.0 2030.0 5087.0 6056.5 140000808
cell 14 1.75 0.93266032 0.1 0.09817477 475.0 2030.0 5087.0 6056.5 140000809
cell 14 1.75 1.03083509 0.1 0.09817477 475.0 2030.0 5087.0 6056.5 140000810
cell 14 1.75 1.12900986 0.1 0.09817477 475.0 2030.0 5087.0 6056.5 140000811
cell 14 1.75 1.22718463 0.1 0.09817477 475.0 2030.0 5087.0 6056.5 140000812
cell 14 1.75 1.3253594 0.1 0.09817477 475.0 2030.0 5087.0 6056.5 140000813
cell 14 1.75 1.42353417 0.1 0.09817477 475.0 2030.0 5087.0 6056.5 140000814
cell 14 1.75 1.52170894 0.1 0.09817477 475.0 2030.0 5087.0 6056.5 140000815
cell 14 1.75 1.61988371 0.1 0.09817477 475.0 2030.0 5087.0 6056.5 140000816
cell 14 1.75 1.71805848 0.1 0.09817477 475.0 2030.0 5087.0 6056.5 140000817
cell 14 1.75 1.81623325 0.1 0.09817477 475.0 2030.0 5087.0 6056.5 140000818
cell 14 1.75 1.91440802 0.1 0.09817477 475.0 2030.0 5087.0 6056.5 140000819
cell 14 1.75 2.01258279 0.1 0.09817477 475.0 2030.0 5087.0 6056.5 140000820
cell 14 1.75 2.11075756 0.1 0.09817477 475.0 2030.0 5087.0 6056.5 140000821
cell 14 1.75 2.20893233 0.1 0.09817477 475.0 2030.0 5087.0 6056.5 140000822
cell 14 1.75 2.3071071 0.1 0.09817477 475.0 2030.0 5087.0 6056.5 140000823
cell 14 1.75 2.40528188 0.1 0.09817477 475.0 2030.0 5087.0 6056.5 140000824
cell 14 1.75 2.50345665 0.1 0.09817477 475.0 2030.0 5087.0 6056.5 140000825
cell 14 1.75 2.60163142 0.1 0.09817477 475.0 2030.0 5087.0 6056.5 140000826
cell 14 1.75 2.69980619 0.1 0.09817477 475.0 2030.0 5087.0 6056.5 140000827
cell 14 1.75 2.79798096 0.1 0.09817477 475.0 2030.0 5087.0 6056.5 140000828
cell 14 1.75 2.89615573 0.1 0.09817477 475.0 2030.0 5087.0 6056.5 140000829
cell 14 1.75 2.9943305 0.1 0.09817477 475.0 2030.0 5087.0 6056.5 140000830
cell 14 1.75 3.09250527 0.1 0.09817477 475.0 2030.0 5087.0 6056.5 140000831
cell 14 1.85 -3.09250527 0.1 0.09817477 475.0 2030.0 5087.0 6056.5 140000832
cell 14 1.85 -2.9943305 0.1 0.09817477 475.0 2030.0 5087.0 6056.5 140000833
cell 14 1.85 -2.89615573 0.1 0.09817477 475.0 2030.0 5087.0 6056.5 140000834
cell 14 1.85 -2.79798096 0.1 0.09817477 475.0 2030.0 5087.0 6056.5 140000835
cell 14 1.85 -2.69980619 0.1 0.09817477 475.0 2030.0 5087.0 6056.5 140000836
cell 14 1.85 -2.60163142 0.1 0.09817477 475.0 2030.0 5087.0 6056.5 140000837
cell 14 1.85 -2.50345665 0.1 0.09817477 475.0 2030.0 5087.0 6056.5 140000838
cell 14 1.85 -2.40528188 0.1 0.09817477 475.0 2030.0 5087.0 6056.5 140000839
cell 14 1.85 -2.3071071 0.1 0.09817477 475.0 2030.0 5087.0 6056.5 140000840
cell 14 1.85 -2.20893233 0.1 0.09817477 475.0 2030.0 5087.0 6056.5 140000841
cell 14 1.85 -2.11075756 0.1 0.09817477 475.0 2030.0 5087.0 6056.5 140000842
cell 14 1.85 -2.01258279 0.1 0.09817477 475.0 2030.0 5087.0 6056.5 140000843
cell 14 1.85 -1.91440802 0.1 0.09817477 475.0 2030.0 5087.0 6056.5 140000844
cell 14 1.85 -1.81623325 0.1 0.09817477 475.0 2030.0 5087.0 6056.5 140000845
cell 14 1.85 -1.71805848 0.1 0.09817477 475.0 2030.0 5087.0 6056.5 140000846
cell 14 1.85 -1.61988371 0.1 0.09817477 475.0 2030.0 5087.0 6056.5 140000847
cell 14 1.85 -1.52170894 0.1 0.09817477 475.0 2030.0 5087.0 6056.5 140000848
cell 14 1.85 -1.42353417 0.1 0.09817477 475.0 2030.0 5087.0 6056.5 140000849
cell 14 1.85 -1.3253594 0.1 0.09817477 475.0 2030.0 5087.0 6056.5 140000850
cell 14 1.85 -1.22718463 0.1 0.09817477 475.0 2030.0 5087.0 6056.5 140000851
cell 14 1.85 -1.12900986 0.1 0.09817477 475.0 2030.0 5087.0 6056.5 140000852
cell 14 1.85 -1.03083509 0.1 0.09817477 475.0 2030.0 5087.0 6056.5 140000853
cell 14 1.85 -0.93266032 0.1 0.09817477 475.0 2030.0 5087.0 6056.5 140000854
cell 14 1.85 -0.83448555 0.1 0.09817477 475.0 2030.0 5087.0 6056.5 140000855
cell 14 1.85 -0.73631078 0.1 0.09817477 475.0 2030.0 5087.0 6056.5 140000856
cell 14 1.85 -0.63813601 0.1 0.09817477 475.0 2030.0 5087.0 6056.5 140000857
cell 14 1.85 -0.53996124 0.1 0.09817477 475.0 2030.0 5087.0 6056.5 140000858
cell 14 1.85 -0.44178647 0.1 0.09817477 475.0 2030.0 5087.0 6056.5 140000859
cell 14 1.85 -0.3436117 0.1 0.09817477 475.0 2030.0 5087.0 6056.5 140000860
cell 14 1.85 -0.24543693 0.1 0.09817477 475.0 2030.0 5087.0 6056.5 140000861
cell 14 1.85 -0.14726216 0.1 0.09817477 475.0 2030.0 5087.0 6056.5 140000862
cell 14 1.85 -0.04908739 0.1 0.09817477 475.0 2030.0 5087.0 6056.5 140000863
cell 14 1.85 0.04908739 0.1 0.09817477 475.0 2030.0 5087.0 6056.5 140000864
cell 14 1.85 0.14726216 0.1 0.09817477 475.0 2030.0 5087.0 6056.5 140000865
cell 14 1.85 0.24543693 0.1 0.09817477 475.0 2030.0 5087.0 6056.5 140000866
cell 14 1.85 0.3436117 0.1 0.09817477 475.0 2030.0 5087.0 6056.5 140000867
cell 14 1.85 0.44178647 0.1 0.09817477 475.0 2030.0 5087.0 6056.5 140000868
cell 14 1.85 0.53996124 0.1 0.09817477 475.0 2030.0 5087.0 6056.5 140000869
cell 14 1.85 0.63813601 0.1 0.09817477 475.0 2030.0 5087.0 6056.5 140000870
cell 14 1.85 0.73631078 0.1 0.09817477 475.0 2030.0 5087.0 6056.5 140000871
cell 14 1.85 0.83448555 0.1 0.09817477 475.0 2030.0 5087.0 6056.5 140000872
cell 14 1.85 0.93266032 0.1 0.09817477 475.0 2030.0 5087.0 6056.5 140000873
cell 14 1.85 1.03083509 0.1 0.09817477 475.0 2030.0 5087.0 6056.5 140000874
cell 14 1.85 1.12900986 0.1 0.09817477 475.0 2030.0 5087.0 6056.5 140000875
cell 14 1.85 1.22718463 0.1 0.09817477 475.0 2030.0 5087.0 6056.5 140000876
cell 14 1.85 1.3253594 0.1 0.09817477 475.0 2030.0 5087.0 6056.5 140000877
cell 14 1.85 1.42353417 0.1 0.09817477 475.0 2030.0 5087.0 6056.5 140000878
cell 14 1.85 1.52170894 0.1 0.09817477 475.0 2030.0 5087.0 6056.5 140000879
cell 14 1.85 1.61988371 0.1 0.09817477 475.0 2030.0 5087.0 6056.5 140000880
cell 14 1.85 1.71805848 0.1 0.09817477 475.0 2030.0 5087.0 6056.5 140000881
cell 14 1.85 1.81623325 0.1 0.09817477 475.0 2030.0 5087.0 6056.5 140000882
cell 14 1.85 1.91440802 0.1 0.09817477 475.0 2030.0 5087.0 6056.5 140000883
cell 14 1.85 2.01258279 0.1 0.09817477 475.0 2030.0 5087.0 6056.5 140000884
cell 14 1.85 2.11075756 0.1 0.09817477 475.0 2030.0 5087.0 6056.5 140000885
cell 14 1.85 2.20893233 0.1 0.09817477 475.0 2030.0 5087.0 6056.5 140000886
cell 14 1.85 2.3071071 0.1 0.09817477 475.0 2030.0 5087.0 6056.5 140000887
cell 14 1.85 2.40528188 0.1 0.09817477 475.0 2030.0 5087.0 6056.5 140000888
cell 14 1.85 2.50345665 0.1 0.09817477 475.0 2030.0 5087.0 6056.5 140000889
cell 14 1.85 2.60163142 0.1 0.09817477 475.0 2030.0 5087.0 6056.5 140000890
cell 14 1.85 2.69980619 0.1 0.09817477 475.0 2030.0 5087.0 6056.5 140000891
cell 14 1.85 2.79798096 0.1 0.09817477 475.0 2030.0 5087.0 6056.5 140000892
cell 14 1.85 2.89615573 0.1 0.09817477 475.0 2030.0 5087.0 6056.5 140000893
cell 14 1.85 2.9943305 0.1 0.09817477 475.0 2030.0 5087.0 6056.5 140000894
cell 14 1.85 3.09250527 0.1 0.09817477 475.0 2030.0 5087.0 6056.5 140000895
cell 14 1.95 -3.09250527 0.1 0.09817477 475.0 2030.0 5087.0 6056.5 140000896
cell 14 1.95 -2.9943305 0.1 0.09817477 475.0 2030.0 5087.0 6056.5 140000897
cell 14 1.95 -2.89615573 0.1 0.09817477 475.0 2030.0 5087.0 6056.5 140000898
cell 14 1.95 -2.79798096 0.1 0.09817477 475.0 2030.0 5087.0 6056.5 140000899
cell 14 1.95 -2.69980619 0.1 0.09817477 475.0 2030.0 5087.0 6056.5 140000900
cell 14 1.95 -2.60163142 0.1 0.09817477 475.0 2030.0 5087.0 6056.5 140000901
cell 14 1.95 -2.50345665 0.1 0.09817477 475.0 2030.0 5087.0 6056.5 140000902
cell 14 1.95 -2.40528188 0.1 0.09817477 475.0 2030.0 5087.0 6056.5 140000903
cell 14 1.95 -2.3071071 0.1 0.09817477 475.0 2030.0 5087.0 6056.5 140000904
cell 14 1.95 -2.20893233 0.1 0.09817477 475.0 2030.0 5087.0 6056.5 140000905
cell 14 1.95 -2.11075756 0.1 0.09817477 475.0 2030.0 5087.0 6056.5 140000906
cell 14 1.95 -2.01258279 0.1 0.09817477 475.0 2030.0 5087.0 6056.5 140000907
cell 14 1.95 -1.91440802 0.1 0.09817477 475.0 2030.0 5087.0 6056.5 140000908
cell 14 1.95 -1.81623325 0.1 0.09817477 475.0 2030.0 5087.0 6056.5 140000909
cell 14 1.95 -1.71805848 0.1 0.09817477 475.0 2030.0 5087.0 6056.5 140000910
cell 14 1.95 -1.61988371 0.1 0.09817477 475.0 2030.0 5087.0 6056.5 140000911
cell 14 1.95 -1.52170894 0.1 0.09817477 475.0 2030.0 5087.0 6056.5 140000912
cell 14 1.95 -1.42353417 0.1 0.09817477 475.0 2030.0 5087.0 6056.5 140000913
cell 14 1.95 -1.3253594 0.1 0.09817477 475.0 2030.0 5087.0 6056.5 140000914
cell 14 1.95 -1.22718463 0.1 0.09817477 475.0 2030.0 5087.0 6056.5 140000915
cell 14 1.95 -1.12900986 0.1 0.09817477 475.0 2030.0 5087.0 6056.5 140000916
cell 14 1.95 -1.03083509 0.1 0.09817477 475.0 2030.0 5087.0 6056.5 140000917
cell 14 1.95 -0.93266032 0.1 0.09817477 475.0 2030.0 5087.0 6056.5 140000918
cell 14 1.95 -0.83448555 0.1 0.09817477 475.0 2030.0 5087.0 6056.5 140000919
cell 14 1.95 -0.73631078 0.1 0.09817477 475.0 2030.0 5087.0 6056.5 140000920
cell 14 1.95 -0.63813601 0.1 0.09817477 475.0 2030.0 5087.0 6056.5 140000921
cell 14 1.95 -0.53996124 0.1 0.09817477 475.0 2030.0 5087.0 6056.5 140000922
cell 14 1.95 -0.44178647 0.1 0.09817477 475.0 2030.0 5087.0 6056.5 140000923
cell 14 1.95 -0.3436117 0.1 0.09817477 475.0 2030.0 5087.0 6056.5 140000924
cell 14 1.95 -0.24543693 0.1 0.09817477 475.0 2030.0 5087.0 6056.5 140000925
cell 14 1.95 -0.14726216 0.1 0.09817477 475.0 2030.0 5087.0 6056.5 140000926
cell 14 1.95 -0.04908739 0.1 0.09817477 475.0 2030.0 5087.0 6056.5 140000927
cell 14 1.95 0.04908739 0.1 0.09817477 475.0 2030.0 5087.0 6056.5 140000928
cell 14 1.95 0.14726216 0.1 0.09817477 475.0 2030.0 5087.0 6056.5 140000929
cell 14 1.95 0.24543693 0.1 0.09817477 475.0 2030.0 5087.0 6056.5 140000930
cell 14 1.95 0.3436117 0.1 0.09817477 475.0 2030.0 5087.0 6056.5 140000931
cell 14 1.95 0.44178647 0.1 0.09817477 475.0 2030.0 5087.0 6056.5 140000932
cell 14 1.95 0.53996124 0.1 0.09817477 475.0 2030.0 5087.0 6056.5 140000933
cell 14 1.95 0.63813601 0.1 0.09817477 475.0 2030.0 5087.0 6056.5 140000934
cell 14 1.95 0.73631078 0.1 0.09817477 475.0 2030.0 5087.0 6056.5 140000935
cell 14 1.95 0.83448555 0.1 0.09817477 475.0 2030.0 5087.0 6056.5 140000936
cell 14 1.95 0.93266032 0.1 0.09817477 475.0 2030.0 5087.0 6056.5 140000937
cell 14 1.95 1.03083509 0.1 0.09817477 475.0 2030.0 5087.0 6056.5 140000938
cell 14 1.95 1.12900986 0.1 0.09817477 475.0 2030.0 5087.0 6056.5 140000939
cell 14 1.95 1.22718463 0.1 0.09817477 475.0 2030.0 5087.0 6056.5 140000940
cell 14 1.95 1.3253594 0.1 0.09817477 475.0 2030.0 5087.0 6056.5 140000941
cell 14 1.95 1.42353417 0.1 0.09817477 475.0 2030.0 5087.0 6056.5 140000942
cell 14 1.95 1.52170894 0.1 0.09817477 475.0 2030.0 5087.0 6056.5 140000943
cell 14 1.95 1.61988371 0.1 0.09817477 475.0 2030.0 5087.0 6056.5 140000944
cell 14 1.95 1.71805848 0.1 0.09817477 475.0 2030.0 5087.0 6056.5 140000945
cell 14 1.95 1.81623325 0.1 0.09817477 475.0 2030.0 5087.0 6056.5 140000946
cell 14 1.95 1.91440802 0.1 0.09817477 475.0 2030.0 5087.0 6056.5 140000947
cell 14 1.95 2.01258279 0.1 0.09817477 475.0 2030.0 5087.0 6056.5 140000948
cell 14 1.95 2.11075756 0.1 0.09817477 475.0 2030.0 5087.0 6056.5 140000949
cell 14 1.95 2.20893233 0.1 0.09817477 475.0 2030.0 5087.0 6056.5 140000950
cell 14 1.95 2.3071071 0.1 0.09817477 475.0 2030.0 5087.0 6056.5 140000951
cell 14 1.95 2.40528188 0.1 0.09817477 475.0 2030.0 5087.0 6056.5 140000952
cell 14 1.95 2.50345665 0.1 0.09817477 475.0 2030.0 5087.0 6056.5 140000953
cell 14 1.95 2.60163142 0.1 0.09817477 475.0 2030.0 5087.0 6056.5 140000954
cell 14 1.95 2.69980619 0.1 0.09817477 475.0 2030.0 5087.0 6056.5 140000955
cell 14 1.95 2.79798096 0.1 0.09817477 475.0 2030.0 5087.0 6056.5 140000956
cell 14 1.95 2.89615573 0.1 0.09817477 475.0 2030.0 5087.0 6056.5 140000957
cell 14 1.95 2.9943305 0.1 0.09817477 475.0 2030.0 5087.0 6056.5 140000958
cell 14 1.95 3.09250527 0.1 0.09817477 475.0 2030.0 5087.0 6056.5 140000959
cell 14 2.05 -3.09250527 0.1 0.09817477 475.0 2030.0 5087.0 6056.5 140000960
cell 14 2.05 -2.9943305 0.1 0.09817477 475.0 2030.0 5087.0 6056.5 140000961
cell 14 2.05 -2.89615573 0.1 0.09817477 475.0 2030.0 5087.0 6056.5 140000962
cell 14 2.05 -2.79798096 0.1 0.09817477 475.0 2030.0 5087.0 6056.5 140000963
cell 14 2.05 -2.69980619 0.1 0.09817477 475.0 2030.0 5087.0 6056.5 140000964
cell 14 2.05 -2.60163142 0.1 0.09817477 475.0 2030.0 5087.0 6056.5 140000965
cell 14 2.05 -2.50345665 0.1 0.09817477 475.0 2030.0 5087.0 6056.5 140000966
cell 14 2.05 -2.40528188 0.1 0.09817477 475.0 2030.0 5087.0 6056.5 140000967
cell 14 2.05 -2.3071071 0.1 0.09817477 475.0 2030.0 5087.0 6056.5 140000968
cell 14 2.05 -2.20893233 0.1 0.09817477 475.0 2030.0 5087.0 6056.5 140000969
cell 14 2.05 -2.11075756 0.1 0.09817477 475.0 2030.0 5087.0 6056.5 140000970
cell 14 2.05 -2.01258279 0.1 0.09817477 475.0 2030.0 5087.0 6056.5 140000971
cell 14 2.05 -1.91440802 0.1 0.09817477 475.0 2030.0 5087.0 6056.5 140000972
cell 14 2.05 -1.81623325 0.1 0.09817477 475.0 2030.0 5087.0 6056.5 140000973
cell 14 2.05 -1.71805848 0.1 0.09817477 475.0 2030.0 5087.0 6056.5 140000974
cell 14 2.05 -1.61988371 0.1 0.09817477 475.0 2030.0 5087.0 6056.5 140000975
cell 14 2.05 -1.52170894 0.1 0.09817477 475.0 2030.0 5087.0 6056.5 140000976
cell 14 2.05 -1.42353417 0.1 0.09817477 475.0 2030.0 5087.0 6056.5 140000977
cell 14 2.05 -1.3253594 0.1 0.09817477 475.0 2030.0 5087.0 6056.5 140000978
cell 14 2.05 -1.22718463 0.1 0.09817477 475.0 2030.0 5087.0 6056.5 140000979
cell 14 2.05 -1.12900986 0.1 0.09817477 475.0 2030.0 5087.0 6056.5 140000980
cell 14 2.05 -1.03083509 0.1 0.09817477 475.0 2030.0 5087.0 6056.5 140000981
cell 14 2.05 -0.93266032 0.1 0.09817477 475.0 2030.0 5087.0 6056.5 140000982
cell 14 2.05 -0.83448555 0.1 0.09817477 475.0 2030.0 5087.0 6056.5 140000983
cell 14 2.05 -0.73631078 0.1 0.09817477 475.0 2030.0 5087.0 6056.5 140000984
cell 14 2.05 -0.63813601 0.1 0.09817477 475.0 2030.0 5087.0 6056.5 140000985
cell 14 2.05 -0.53996124 0.1 0.09817477 475.0 2030.0 5087.0 6056.5 140000986
cell 14 2.05 -0.44178647 0.1 0.09817477 475.0 2030.0 5087.0 6056.5 140000987
cell 14 2.05 -0.3436117 0.1 0.09817477 475.0 2030.0 5087.0 6056.5 140000988
cell 14 2.05 -0.24543693 0.1 0.09817477 475.0 2030.0 5087.0 6056.5 140000989
cell 14 2.05 -0.14726216 0.1 0.09817477 475.0 2030.0 5087.0 6056.5 140000990
cell 14 2.05 -0.04908739 0.1 0.09817477 475.0 2030.0 5087.0 6056.5 140000991
cell 14 2.05 0.04908739 0.1 0.09817477 475.0 2030.0 5087.0 6056.5 140000992
cell 14 2.05 0.14726216 0.1 0.09817477 475.0 2030.0 5087.0 6056.5 140000993
cell 14 2.05 0.24543693 0.1 0.09817477 475.0 2030.0 5087.0 6056.5 140000994
cell 14 2.05 0.3436117 0.1 0.09817477 475.0 2030.0 5087.0 6056.5 140000995
cell 14 2.05 0.44178647 0.1 0.09817477 475.0 2030.0 5087.0 6056.5 140000996
cell 14 2.05 0.53996124 0.1 0.09817477 475.0 2030.0 5087.0 6056.5 140000997
cell 14 2.05 0.63813601 0.1 0.09817477 475.0 2030.0 5087.0 6056.5 140000998
cell 14 2.05 0.73631078 0.1 0.09817477 475.0 2030.0 5087.0 6056.5 140000999
cell 14 2.05 0.83448555 0.1 0.09817477 475.0 2030.0 5087.0 6056.5 140001000
cell 14 2.05 0.93266032 0.1 0.09817477 475.0 2030.0 5087.0 6056.5 140001001
cell 14 2.05 1.03083509 0.1 0.09817477 475.0 2030.0 5087.0 6056.5 140001002
cell 14 2.05 1.12900986 0.1 0.09817477 475.0 2030.0 5087.0 6056.5 140001003
cell 14 2.05 1.22718463 0.1 0.09817477 475.0 2030.0 5087.0 6056.5 140001004
cell 14 2.05 1.3253594 0.1 0.09817477 475.0 2030.0 5087.0 6056.5 140001005
cell 14 2.05 1.42353417 0.1 0.09817477 475.0 2030.0 5087.0 6056.5 140001006
cell 14 2.05 1.52170894 0.1 0.09817477 475.0 2030.0 5087.0 6056.5 140001007
cell 14 2.05 1.61988371 0.1 0.09817477 475.0 2030.0 5087.0 6056.5 140001008
cell 14 2.05 1.71805848 0.1 0.09817477 475.0 2030.0 5087.0 6056.5 140001009
cell 14 2.05 1.81623325 0.1 0.09817477 475.0 2030.0 5087.0 6056.5 140001010
cell 14 2.05 1.91440802 0.1 0.09817477 475.0 2030.0 5087.0 6056.5 140001011
cell 14 2.05 2.01258279 0.1 0.09817477 475.0 2030.0 5087.0 6056.5 140001012
cell 14 2.05 2.11075756 0.1 0.09817477 475.0 2030.0 5087.0 6056.5 140001013
cell 14 2.05 2.20893233 0.1 0.09817477 475.0 2030.0 5087.0 6056.5 140001014
cell 14 2.05 2.3071071 0.1 0.09817477 475.0 2030.0 5087.0 6056.5 140001015
cell 14 2.05 2.40528188 0.1 0.09817477 475.0 2030.0 5087.0 6056.5 140001016
cell 14 2.05 2.50345665 0.1 0.09817477 475.0 2030.0 5087.0 6056.5 140001017
cell 14 2.05 2.60163142 0.1 0.09817477 475.0 2030.0 5087.0 6056.5 140001018
cell 14 2.05 2.69980619 0.1 0.09817477 475.0 2030.0 5087.0 6056.5 140001019
cell 14 2.05 2.79798096 0.1 0.09817477 475.0 2030.0 5087.0 6056.5 140001020
cell 14 2.05 2.89615573 0.1 0.09817477 475.0 2030.0 5087.0 6056.5 140001021
cell 14 2.05 2.9943305 0.1 0.09817477 475.0 2030.0 5087.0 6056.5 140001022
cell 14 2.05 3.09250527 0.1 0.09817477 475.0 2030.0 5087.0 6056.5 140001023
cell 14 2.15 -3.09250527 0.1 0.09817477 475.0 2030.0 5087.0 6056.5 140001024
cell 14 2.15 -2.9943305 0.1 0.09817477 475.0 2030.0 5087.0 6056.5 140001025
cell 14 2.15 -2.89615573 0.1 0.09817477 475.0 2030.0 5087.0 6056.5 140001026
cell 14 2.15 -2.79798096 0.1 0.09817477 475.0 2030.0 5087.0 6056.5 140001027
cell 14 2.15 -2.69980619 0.1 0.09817477 475.0 2030.0 5087.0 6056.5 140001028
cell 14 2.15 -2.60163142 0.1 0.09817477 475.0 2030.0 5087.0 6056.5 140001029
cell 14 2.15 -2.50345665 0.1 0.09817477 475.0 2030.0 5087.0 6056.5 140001030
cell 14 2.15 -2.40528188 0.1 0.09817477 475.0 2030.0 5087.0 6056.5 140001031
cell 14 2.15 -2.3071071 0.1 0.09817477 475.0 2030.0 5087.0 6056.5 140001032
cell 14 2.15 -2.20893233 0.1 0.09817477 475.0 2030.0 5087.0 6056.5 140001033
cell 14 2.15 -2.11075756 0.1 0.09817477 475.0 2030.0 5087.0 6056.5 140001034
cell 14 2.15 -2.01258279 0.1 0.09817477 475.0 2030.0 5087.0 6056.5 140001035
cell 14 2.15 -1.91440802 0.1 0.09817477 475.0 2030.0 5087.0 6056.5 140001036
cell 14 2.15 -1.81623325 0.1 0.09817477 475.0 2030.0 5087.0 6056.5 140001037
cell 14 2.15 -1.71805848 0.1 0.09817477 475.0 2030.0 5087.0 6056.5 140001038
cell 14 2.15 -1.61988371 0.1 0.09817477 475.0 2030.0 5087.0 6056.5 140001039
cell 14 2.15 -1.52170894 0.1 0.09817477 475.0 2030.0 5087.0 6056.5 140001040
cell 14 2.15 -1.42353417 0.1 0.09817477 475.0 2030.0 5087.0 6056.5 140001041
cell 14 2.15 -1.3253594 0.1 0.09817477 475.0 2030.0 5087.0 6056.5 140001042
cell 14 2.15 -1.22718463 0.1 0.09817477 475.0 2030.0 5087.0 6056.5 140001043
cell 14 2.15 -1.12900986 0.1 0.09817477 475.0 2030.0 5087.0 6056.5 140001044
cell 14 2.15 -1.03083509 0.1 0.09817477 475.0 2030.0 5087.0 6056.5 140001045
cell 14 2.15 -0.93266032 0.1 0.09817477 475.0 2030.0 5087.0 6056.5 140001046
cell 14 2.15 -0.83448555 0.1 0.09817477 475.0 2030.0 5087.0 6056.5 140001047
cell 14 2.15 -0.73631078 0.1 0.09817477 475.0 2030.0 5087.0 6056.5 140001048
cell 14 2.15 -0.63813601 0.1 0.09817477 475.0 2030.0 5087.0 6056.5 140001049
cell 14 2.15 -0.53996124 0.1 0.09817477 475.0 2030.0 5087.0 6056.5 140001050
cell 14 2.15 -0.44178647 0.1 0.09817477 475.0 2030.0 5087.0 6056.5 140001051
cell 14 2.15 -0.3436117 0.1 0.09817477 475.0 2030.0 5087.0 6056.5 140001052
cell 14 2.15 -0.24543693 0.1 0.09817477 475.0 2030.0 5087.0 6056.5 140001053
cell 14 2.15 -0.14726216 0.1 0.09817477 475.0 2030.0 5087.0 6056.5 140001054
cell 14 2.15 -0.04908739 0.1 0.09817477 475.0 2030.0 5087.0 6056.5 140001055
cell 14 2.15 0.04908739 0.1 0.09817477 475.0 2030.0 5087.0 6056.5 140001056
cell 14 2.15 0.14726216 0.1 0.09817477 475.0 2030.0 5087.0 6056.5 140001057
cell 14 2.15 0.24543693 0.1 0.09817477 475.0 2030.0 5087.0 6056.5 140001058
cell 14 2.15 0.3436117 0.1 0.09817477 475.0 2030.0 5087.0 6056.5 140001059
cell 14 2.15 0.44178647 0.1 0.09817477 475.0 2030.0 5087.0 6056.5 140001060
cell 14 2.15 0.53996124 0.1 0.09817477 475.0 2030.0 5087.0 6056.5 140001061
cell 14 2.15 0.63813601 0.1 0.09817477 475.0 2030.0 5087.0 6056.5 140001062
cell 14 2.15 0.73631078 0.1 0.09817477 475.0 2030.0 5087.0 6056.5 140001063
cell 14 2.15 0.83448555 0.1 0.09817477 475.0 2030.0 5087.0 6056.5 140001064
cell 14 2.15 0.93266032 0.1 0.09817477 475.0 2030.0 5087.0 6056.5 140001065
cell 14 2.15 1.03083509 0.1 0.09817477 475.0 2030.0 5087.0 6056.5 140001066
cell 14 2.15 1.12900986 0.1 0.09817477 475.0 2030.0 5087.0 6056.5 140001067
cell 14 2.15 1.22718463 0.1 0.09817477 475.0 2030.0 5087.0 6056.5 140001068
cell 14 2.15 1.3253594 0.1 0.09817477 475.0 2030.0 5087.0 6056.5 140001069
cell 14 2.15 1.42353417 0.1 0.09817477 475.0 2030.0 5087.0 6056.5 140001070
cell 14 2.15 1.52170894 0.1 0.09817477 475.0 2030.0 5087.0 6056.5 140001071
cell 14 2.15 1.61988371 0.1 0.09817477 475.0 2030.0 5087.0 6056.5 140001072
cell 14 2.15 1.71805848 0.1 0.09817477 475.0 2030.0 5087.0 6056.5 140001073
cell 14 2.15 1.81623325 0.1 0.09817477 475.0 2030.0 5087.0 6056.5 140001074
cell 14 2.15 1.91440802 0.1 0.09817477 475.0 2030.0 5087.0 6056.5 140001075
cell 14 2.15 2.01258279 0.1 0.09817477 475.0 2030.0 5087.0 6056.5 140001076
cell 14 2.15 2.11075756 0.1 0.09817477 475.0 2030.0 5087.0 6056.5 140001077
cell 14 2.15 2.20893233 0.1 0.09817477 475.0 2030.0 5087.0 6056.5 140001078
cell 14 2.15 2.3071071 0.1 0.09817477 475.0 2030.0 5087.0 6056.5 140001079
cell 14 2.15 2.40528188 0.1 0.09817477 475.0 2030.0 5087.0 6056.5 140001080
cell 14 2.15 2.50345665 0.1 0.09817477 475.0 2030.0 5087.0 6056.5 140001081
cell 14 2.15 2.60163142 0.1 0.09817477 475.0 2030.0 5087.0 6056.5 140001082
cell 14 2.15 2.69980619 0.1 0.09817477 475.0 2030.0 5087.0 6056.5 140001083
cell 14 2.15 2.79798096 0.1 0.09817477 475.0 2030.0 5087.0 6056.5 140001084
cell 14 2.15 2.89615573 0.1 0.09817477 475.0 2030.0 5087.0 6056.5 140001085
cell 14 2.15 2.9943305 0.1 0.09817477 475.0 2030.0 5087.0 6056.5 140001086
cell 14 2.15 3.09250527 0.1 0.09817477 475.0 2030.0 5087.0 6056.5 140001087
cell 14 2.25 -3.09250527 0.1 0.09817477 475.0 2030.0 5087.0 6056.5 140001088
cell 14 2.25 -2.9943305 0.1 0.09817477 475.0 2030.0 5087.0 6056.5 140001089
cell 14 2.25 -2.89615573 0.1 0.09817477 475.0 2030.0 5087.0 6056.5 140001090
cell 14 2.25 -2.79798096 0.1 0.09817477 475.0 2030.0 5087.0 6056.5 140001091
cell 14 2.25 -2.69980619 0.1 0.09817477 475.0 2030.0 5087.0 6056.5 140001092
cell 14 2.25 -2.60163142 0.1 0.09817477 475.0 2030.0 5087.0 6056.5 140001093
cell 14 2.25 -2.50345665 0.1 0.09817477 475.0 2030.0 5087.0 6056.5 140001094
cell 14 2.25 -2.40528188 0.1 0.09817477 475.0 2030.0 5087.0 6056.5 140001095
cell 14 2.25 -2.3071071 0.1 0.09817477 475.0 2030.0 5087.0 6056.5 140001096
cell 14 2.25 -2.20893233 0.1 0.09817477 475.0 2030.0 5087.0 6056.5 140001097
cell 14 2.25 -2.11075756 0.1 0.09817477 475.0 2030.0 5087.0 6056.5 140001098
cell 14 2.25 -2.01258279 0.1 0.09817477 475.0 2030.0 5087.0 6056.5 140001099
cell 14 2.25 -1.91440802 0.1 0.09817477 475.0 2030.0 5087.0 6056.5 140001100
cell 14 2.25 -1.81623325 0.1 0.09817477 475.0 2030.0 5087.0 6056.5 140001101
cell 14 2.25 -1.71805848 0.1 0.09817477 475.0 2030.0 5087.0 6056.5 140001102
cell 14 2.25 -1.61988371 0.1 0.09817477 475.0 2030.0 5087.0 6056.5 140001103
cell 14 2.25 -1.52170894 0.1 0.09817477 475.0 2030.0 5087.0 6056.5 140001104
cell 14 2.25 -1.42353417 0.1 0.09817477 475.0 2030.0 5087.0 6056.5 140001105
cell 14 2.25 -1.3253594 0.1 0.09817477 475.0 2030.0 5087.0 6056.5 140001106
cell 14 2.25 -1.22718463 0.1 0.09817477 475.0 2030.0 5087.0 6056.5 140001107
cell 14 2.25 -1.12900986 0.1 0.09817477 475.0 2030.0 5087.0 6056.5 140001108
cell 14 2.25 -1.03083509 0.1 0.09817477 475.0 2030.0 5087.0 6056.5 140001109
cell 14 2.25 -0.93266032 0.1 0.09817477 475.0 2030.0 5087.0 6056.5 140001110
cell 14 2.25 -0.83448555 0.1 0.09817477 475.0 2030.0 5087.0 6056.5 140001111
cell 14 2.25 -0.73631078 0.1 0.09817477 475.0 2030.0 5087.0 6056.5 140001112
cell 14 2.25 -0.63813601 0.1 0.09817477 475.0 2030.0 5087.0 6056.5 140001113
cell 14 2.25 -0.53996124 0.1 0.09817477 475.0 2030.0 5087.0 6056.5 140001114
cell 14 2.25 -0.44178647 0.1 0.09817477 475.0 2030.0 5087.0 6056.5 140001115
cell 14 2.25 -0.3436117 0.1 0.09817477 475.0 2030.0 5087.0 6056.5 140001116
cell 14 2.25 -0.24543693 0.1 0.09817477 475.0 2030.0 5087.0 6056.5 140001117
cell 14 2.25 -0.14726216 0.1 0.09817477 475.0 2030.0 5087.0 6056.5 140001118
cell 14 2.25 -0.04908739 0.1 0.09817477 475.0 2030.0 5087.0 6056.5 140001119
cell 14 2.25 0.04908739 0.1 0.09817477 475.0 2030.0 5087.0 6056.5 140001120
cell 14 2.25 0.14726216 0.1 0.09817477 475.0 2030.0 5087.0 6056.5 140001121
cell 14 2.25 0.24543693 0.1 0.09817477 475.0 2030.0 5087.0 6056.5 140001122
cell 14 2.25 0.3436117 0.1 0.09817477 475.0 2030.0 5087.0 6056.5 140001123
cell 14 2.25 0.44178647 0.1 0.09817477 475.0 2030.0 5087.0 6056.5 140001124
cell 14 2.25 0.53996124 0.1 0.09817477 475.0 2030.0 5087.0 6056.5 140001125
cell 14 2.25 0.63813601 0.1 0.09817477 475.0 2030.0 5087.0 6056.5 140001126
cell 14 2.25 0.73631078 0.1 0.09817477 475.0 2030.0 5087.0 6056.5 140001127
cell 14 2.25 0.83448555 0.1 0.09817477 475.0 2030.0 5087.0 6056.5 140001128
cell 14 2.25 0.93266032 0.1 0.09817477 475.0 2030.0 5087.0 6056.5 140001129
cell 14 2.25 1.03083509 0.1 0.09817477 475.0 2030.0 5087.0 6056.5 140001130
cell 14 2.25 1.12900986 0.1 0.09817477 475.0 2030.0 5087.0 6056.5 140001131
cell 14 2.25 1.22718463 0.1 0.09817477 475.0 2030.0 5087.0 6056.5 140001132
cell 14 2.25 1.3253594 0.1 0.09817477 475.0 2030.0 5087.0 6056.5 140001133
cell 14 2.25 1.42353417 0.1 0.09817477 475.0 2030.0 5087.0 6056.5 140001134
cell 14 2.25 1.52170894 0.1 0.09817477 475.0 2030.0 5087.0 6056.5 140001135
cell 14 2.25 1.61988371 0.1 0.09817477 475.0 2030.0 5087.0 6056.5 140001136
cell 14 2.25 1.71805848 0.1 0.09817477 475.0 2030.0 5087.0 6056.5 140001137
cell 14 2.25 1.81623325 0.1 0.09817477 475.0 2030.0 5087.0 6056.5 140001138
cell 14 2.25 1.91440802 0.1 0.09817477 475.0 2030.0 5087.0 6056.5 140001139
cell 14 2.25 2.01258279 0.1 0.09817477 475.0 2030.0 5087.0 6056.5 140001140
cell 14 2.25 2.11075756 0.1 0.09817477 475.0 2030.0 5087.0 6056.5 140001141
cell 14 2.25 2.20893233 0.1 0.09817477 475.0 2030.0 5087.0 6056.5 140001142
cell 14 2.25 2.3071071 0.1 0.09817477 475.0 2030.0 5087.0 6056.5 140001143
cell 14 2.25 2.40528188 0.1 0.09817477 475.0 2030.0 5087.0 6056.5 140001144
cell 14 2.25 2.50345665 0.1 0.09817477 475.0 2030.0 5087.0 6056.5 140001145
cell 14 2.25 2.60163142 0.1 0.09817477 475.0 2030.0 5087.0 6056.5 140001146
cell 14 2.25 2.69980619 0.1 0.09817477 475.0 2030.0 5087.0 6056.5 140001147
cell 14 2.25 2.79798096 0.1 0.09817477 475.0 2030.0 5087.0 6056.5 140001148
cell 14 2.25 2.89615573 0.1 0.09817477 475.0 2030.0 5087.0 6056.5 140001149
cell 14 2.25 2.9943305 0.1 0.09817477 475.0 2030.0 5087.0 6056.5 140001150
cell 14 2.25 3.09250527 0.1 0.09817477 475.0 2030.0 5087.0 6056.5 140001151
cell 14 2.35 -3.09250527 0.1 0.09817477 475.0 2030.0 5087.0 6056.5 140001152
cell 14 2.35 -2.9943305 0.1 0.09817477 475.0 2030.0 5087.0 6056.5 140001153
cell 14 2.35 -2.89615573 0.1 0.09817477 475.0 2030.0 5087.0 6056.5 140001154
cell 14 2.35 -2.79798096 0.1 0.09817477 475.0 2030.0 5087.0 6056.5 140001155
cell 14 2.35 -2.69980619 0.1 0.09817477 475.0 2030.0 5087.0 6056.5 140001156
cell 14 2.35 -2.60163142 0.1 0.09817477 475.0 2030.0 5087.0 6056.5 140001157
cell 14 2.35 -2.50345665 0.1 0.09817477 475.0 2030.0 5087.0 6056.5 140001158
cell 14 2.35 -2.40528188 0.1 0.09817477 475.0 2030.0 5087.0 6056.5 140001159
cell 14 2.35 -2.3071071 0.1 0.09817477 475.0 2030.0 5087.0 6056.5 140001160
cell 14 2.35 -2.20893233 0.1 0.09817477 475.0 2030.0 5087.0 6056.5 140001161
cell 14 2.35 -2.11075756 0.1 0.09817477 475.0 2030.0 5087.0 6056.5 140001162
cell 14 2.35 -2.01258279 0.1 0.09817477 475.0 2030.0 5087.0 6056.5 140001163
cell 14 2.35 -1.91440802 0.1 0.09817477 475.0 2030.0 5087.0 6056.5 140001164
cell 14 2.35 -1.81623325 0.1 0.09817477 475.0 2030.0 5087.0 6056.5 140001165
cell 14 2.35 -1.71805848 0.1 0.09817477 475.0 2030.0 5087.0 6056.5 140001166
cell 14 2.35 -1.61988371 0.1 0.09817477 475.0 2030.0 5087.0 6056.5 140001167
cell 14 2.35 -1.52170894 0.1 0.09817477 475.0 2030.0 5087.0 6056.5 140001168
cell 14 2.35 -1.42353417 0.1 0.09817477 475.0 2030.0 5087.0 6056.5 140001169
cell 14 2.35 -1.3253594 0.1 0.09817477 475.0 2030.0 5087.0 6056.5 140001170
cell 14 2.35 -1.22718463 0.1 0.09817477 475.0 2030.0 5087.0 6056.5 140001171
cell 14 2.35 -1.12900986 0.1 0.09817477 475.0 2030.0 5087.0 6056.5 140001172
cell 14 2.35 -1.03083509 0.1 0.09817477 475.0 2030.0 5087.0 6056.5 140001173
cell 14 2.35 -0.93266032 0.1 0.09817477 475.0 2030.0 5087.0 6056.5 140001174
cell 14 2.35 -0.83448555 0.1 0.09817477 475.0 2030.0 5087.0 6056.5 140001175
cell 14 2.35 -0.73631078 0.1 0.09817477 475.0 2030.0 5087.0 6056.5 140001176
cell 14 2.35 -0.63813601 0.1 0.09817477 475.0 2030.0 5087.0 6056.5 140001177
cell 14 2.35 -0.53996124 0.1 0.09817477 475.0 2030.0 5087.0 6056.5 140001178
cell 14 2.35 -0.44178647 0.1 0.09817477 475.0 2030.0 5087.0 6056.5 140001179
cell 14 2.35 -0.3436117 0.1 0.09817477 475.0 2030.0 5087.0 6056.5 140001180
cell 14 2.35 -0.24543693 0.1 0.09817477 475.0 2030.0 5087.0 6056.5 140001181
cell 14 2.35 -0.14726216 0.1 0.09817477 475.0 2030.0 5087.0 6056.5 140001182
cell 14 2.35 -0.04908739 0.1 0.09817477 475.0 2030.0 5087.0 6056.5 140001183
cell 14 2.35 0.04908739 0.1 0.09817477 475.0 2030.0 5087.0 6056.5 140001184
cell 14 2.35 0.14726216 0.1 0.09817477 475.0 2030.0 5087.0 6056.5 140001185
cell 14 2.35 0.24543693 0.1 0.09817477 475.0 2030.0 5087.0 6056.5 140001186
cell 14 2.35 0.3436117 0.1 0.09817477 475.0 2030.0 5087.0 6056.5 140001187
cell 14 2.35 0.44178647 0.1 0.09817477 475.0 2030.0 5087.0 6056.5 140001188
cell 14 2.35 0.53996124 0.1 0.09817477 475.0 2030.0 5087.0 6056.5 140001189
cell 14 2.35 0.63813601 0.1 0.09817477 475.0 2030.0 5087.0 6056.5 140001190
cell 14 2.35 0.73631078 0.1 0.09817477 475.0 2030.0 5087.0 6056.5 140001191
cell 14 2.35 0.83448555 0.1 0.09817477 475.0 2030.0 5087.0 6056.5 140001192
cell 14 2.35 0.93266032 0.1 0.09817477 475.0 2030.0 5087.0 6056.5 140001193
cell 14 2.35 1.03083509 0.1 0.09817477 475.0 2030.0 5087.0 6056.5 140001194
cell 14 2.35 1.12900986 0.1 0.09817477 475.0 2030.0 5087.0 6056.5 140001195
cell 14 2.35 1.22718463 0.1 0.09817477 475.0 2030.0 5087.0 6056.5 140001196
cell 14 2.35 1.3253594 0.1 0.09817477 475.0 2030.0 5087.0 6056.5 140001197
cell 14 2.35 1.42353417 0.1 0.09817477 475.0 2030.0 5087.0 6056.5 140001198
cell 14 2.35 1.52170894 0.1 0.09817477 475.0 2030.0 5087.0 6056.5 140001199
cell 14 2.35 1.61988371 0.1 0.09817477 475.0 2030.0 5087.0 6056.5 140001200
cell 14 2.35 1.71805848 0.1 0.09817477 475.0 2030.0 5087.0 6056.5 140001201
cell 14 2.35 1.81623325 0.1 0.09817477 475.0 2030.0 5087.0 6056.5 140001202
cell 14 2.35 1.91440802 0.1 0.09817477 475.0 2030.0 5087.0 6056.5 140001203
cell 14 2.35 2.01258279 0.1 0.09817477 475.0 2030.0 5087.0 6056.5 140001204
cell 14 2.35 2.11075756 0.1 0.09817477 475.0 2030.0 5087.0 6056.5 140001205
cell 14 2.35 2.20893233 0.1 0.09817477 475.0 2030.0 5087.0 6056.5 140001206
cell 14 2.35 2.3071071 0.1 0.09817477 475.0 2030.0 5087.0 6056.5 140001207
cell 14 2.35 2.40528188 0.1 0.09817477 475.0 2030.0 5087.0 6056.5 140001208
cell 14 2.35 2.50345665 0.1 0.09817477 475.0 2030.0 5087.0 6056.5 140001209
cell 14 2.35 2.60163142 0.1 0.09817477 475.0 2030.0 5087.0 6056.5 140001210
cell 14 2.35 2.69980619 0.1 0.09817477 475.0 2030.0 5087.0 6056.5 140001211
cell 14 2.35 2.79798096 0.1 0.09817477 475.0 2030.0 5087.0 6056.5 140001212
cell 14 2.35 2.89615573 0.1 0.09817477 475.0 2030.0 5087.0 6056.5 140001213
cell 14 2.35 2.9943305 0.1 0.09817477 475.0 2030.0 5087.0 6056.5 140001214
cell 14 2.35 3.09250527 0.1 0.09817477 475.0 2030.0 5087.0 6056.5 140001215
cell 14 2.45 -3.09250527 0.1 0.09817477 475.0 2030.0 5087.0 6056.5 140001216
cell 14 2.45 -2.9943305 0.1 0.09817477 475.0 2030.0 5087.0 6056.5 140001217
cell 14 2.45 -2.89615573 0.1 0.09817477 475.0 2030.0 5087.0 6056.5 140001218
cell 14 2.45 -2.79798096 0.1 0.09817477 475.0 2030.0 5087.0 6056.5 140001219
cell 14 2.45 -2.69980619 0.1 0.09817477 475.0 2030.0 5087.0 6056.5 140001220
cell 14 2.45 -2.60163142 0.1 0.09817477 475.0 2030.0 5087.0 6056.5 140001221
cell 14 2.45 -2.50345665 0.1 0.09817477 475.0 2030.0 5087.0 6056.5 140001222
cell 14 2.45 -2.40528188 0.1 0.09817477 475.0 2030.0 5087.0 6056.5 140001223
cell 14 2.45 -2.3071071 0.1 0.09817477 475.0 2030.0 5087.0 6056.5 140001224
cell 14 2.45 -2.20893233 0.1 0.09817477 475.0 2030.0 5087.0 6056.5 140001225
cell 14 2.45 -2.11075756 0.1 0.09817477 475.0 2030.0 5087.0 6056.5 140001226
cell 14 2.45 -2.01258279 0.1 0.09817477 475.0 2030.0 5087.0 6056.5 140001227
cell 14 2.45 -1.91440802 0.1 0.09817477 475.0 2030.0 5087.0 6056.5 140001228
cell 14 2.45 -1.81623325 0.1 0.09817477 475.0 2030.0 5087.0 6056.5 140001229
cell 14 2.45 -1.71805848 0.1 0.09817477 475.0 2030.0 5087.0 6056.5 140001230
cell 14 2.45 -1.61988371 0.1 0.09817477 475.0 2030.0 5087.0 6056.5 140001231
cell 14 2.45 -1.52170894 0.1 0.09817477 475.0 2030.0 5087.0 6056.5 140001232
cell 14 2.45 -1.42353417 0.1 0.09817477 475.0 2030.0 5087.0 6056.5 140001233
cell 14 2.45 -1.3253594 0.1 0.09817477 475.0 2030.0 5087.0 6056.5 140001234
cell 14 2.45 -1.22718463 0.1 0.09817477 475.0 2030.0 5087.0 6056.5 140001235
cell 14 2.45 -1.12900986 0.1 0.09817477 475.0 2030.0 5087.0 6056.5 140001236
cell 14 2.45 -1.03083509 0.1 0.09817477 475.0 2030.0 5087.0 6056.5 140001237
cell 14 2.45 -0.93266032 0.1 0.09817477 475.0 2030.0 5087.0 6056.5 140001238
cell 14 2.45 -0.83448555 0.1 0.09817477 475.0 2030.0 5087.0 6056.5 140001239
cell 14 2.45 -0.73631078 0.1 0.09817477 475.0 2030.0 5087.0 6056.5 140001240
cell 14 2.45 -0.63813601 0.1 0.09817477 475.0 2030.0 5087.0 6056.5 140001241
cell 14 2.45 -0.53996124 0.1 0.09817477 475.0 2030.0 5087.0 6056.5 140001242
cell 14 2.45 -0.44178647 0.1 0.09817477 475.0 2030.0 5087.0 6056.5 140001243
cell 14 2.45 -0.3436117 0.1 0.09817477 475.0 2030.0 5087.0 6056.5 140001244
cell 14 2.45 -0.24543693 0.1 0.09817477 475.0 2030.0 5087.0 6056.5 140001245
cell 14 2.45 -0.14726216 0.1 0.09817477 475.0 2030.0 5087.0 6056.5 140001246
cell 14 2.45 -0.04908739 0.1 0.09817477 475.0 2030.0 5087.0 6056.5 140001247
cell 14 2.45 0.04908739 0.1 0.09817477 475.0 2030.0 5087.0 6056.5 140001248
cell 14 2.45 0.14726216 0.1 0.09817477 475.0 2030.0 5087.0 6056.5 140001249
cell 14 2.45 0.24543693 0.1 0.09817477 475.0 2030.0 5087.0 6056.5 140001250
cell 14 2.45 0.3436117 0.1 0.09817477 475.0 2030.0 5087.0 6056.5 140001251
cell 14 2.45 0.44178647 0.1 0.09817477 475.0 2030.0 5087.0 6056.5 140001252
cell 14 2.45 0.53996124 0.1 0.09817477 475.0 2030.0 5087.0 6056.5 140001253
cell 14 2.45 0.63813601 0.1 0.09817477 475.0 2030.0 5087.0 6056.5 140001254
cell 14 2.45 0.73631078 0.1 0.09817477 475.0 2030.0 5087.0 6056.5 140001255
cell 14 2.45 0.83448555 0.1 0.09817477 475.0 2030.0 5087.0 6056.5 140001256
cell 14 2.45 0.93266032 0.1 0.09817477 475.0 2030.0 5087.0 6056.5 140001257
cell 14 2.45 1.03083509 0.1 0.09817477 475.0 2030.0 5087.0 6056.5 140001258
cell 14 2.45 1.12900986 0.1 0.09817477 475.0 2030.0 5087.0 6056.5 140001259
cell 14 2.45 1.22718463 0.1 0.09817477 475.0 2030.0 5087.0 6056.5 140001260
cell 14 2.45 1.3253594 0.1 0.09817477 475.0 2030.0 5087.0 6056.5 140001261
cell 14 2.45 1.42353417 0.1 0.09817477 475.0 2030.0 5087.0 6056.5 140001262
cell 14 2.45 1.52170894 0.1 0.09817477 475.0 2030.0 5087.0 6056.5 140001263
cell 14 2.45 1.61988371 0.1 0.09817477 475.0 2030.0 5087.0 6056.5 140001264
cell 14 2.45 1.71805848 0.1 0.09817477 475.0 2030.0 5087.0 6056.5 140001265
cell 14 2.45 1.81623325 0.1 0.09817477 475.0 2030.0 5087.0 6056.5 140001266
cell 14 2.45 1.91440802 0.1 0.09817477 475.0 2030.0 5087.0 6056.5 140001267
cell 14 2.45 2.01258279 0.1 0.09817477 475.0 2030.0 5087.0 6056.5 140001268
cell 14 2.45 2.11075756 0.1 0.09817477 475.0 2030.0 5087.0 6056.5 140001269
cell 14 2.45 2.20893233 0.1 0.09817477 475.0 2030.0 5087.0 6056.5 140001270
cell 14 2.45 2.3071071 0.1 0.09817477 475.0 2030.0 5087.0 6056.5 140001271
cell 14 2.45 2.40528188 0.1 0.09817477 475.0 2030.0 5087.0 6056.5 140001272
cell 14 2.45 2.50345665 0.1 0.09817477 475.0 2030.0 5087.0 6056.5 140001273
cell 14 2.45 2.60163142 0.1 0.09817477 475.0 2030.0 5087.0 6056.5 140001274
cell 14 2.45 2.69980619 0.1 0.09817477 475.0 2030.0 5087.0 6056.5 140001275
cell 14 2.45 2.79798096 0.1 0.09817477 475.0 2030.0 5087.0 6056.5 140001276
cell 14 2.45 2.89615573 0.1 0.09817477 475.0 2030.0 5087.0 6056.5 140001277
cell 14 2.45 2.9943305 0.1 0.09817477 475.0 2030.0 5087.0 6056.5 140001278
cell 14 2.45 3.09250527 0.1 0.09817477 475.0 2030.0 5087.0 6056.5 140001279
