# sample segmentation eta phi delta_eta delta_phi rmin rmax zmin zmax
config 12 1 2.5 3.2 302.0 2032.0 4208.0 4262.0
eta_bins -3.2 -3.1 -3.0 -2.9 -2.8 -2.7 -2.6 2.5 2.6 2.7 2.8 2.9 3.0 3.1 3.2
phi_bins -3.1416 -3.0434 -2.9452 -2.8471 -2.7489 -2.6507 -2.5525 -2.4544 -2.3562 -2.258 -2.1598 -2.0617 -1.9635 -1.8653 -1.7671 -1.669 -1.5708 -1.4726 -1.3744 -1.2763 -1.1781 -1.0799 -0.9817 -0.8836 -0.7854 -0.6872 -0.589 -0.4909 -0.3927 -0.2945 -0.1963 -0.0982 0.0 0.0982 0.1963 0.2945 0.3927 0.4909 0.589 0.6872 0.7854 0.8836 0.9817 1.0799 1.1781 1.2763 1.3744 1.4726 1.5708 1.669 1.7671 1.8653 1.9635 2.0617 2.1598 2.258 2.3562 2.4544 2.5525 2.6507 2.7489 2.8471 2.9452 3.0434 3.1416
cell 12 -3.15 -3.09250527 0.1 0.09817477 302.0 2032.0 4208.0 4262.0 121000000
cell 12 -3.15 -2.9943305 0.1 0.09817477 302.0 2032.0 4208.0 4262.0 121000001
cell 12 -3.15 -2.89615573 0.1 0.09817477 302.0 2032.0 4208.0 4262.0 121000002
cell 12 -3.15 -2.79798096 0.1 0.09817477 302.0 2032.0 4208.0 4262.0 121000003
cell 12 -3.15 -2.69980619 0.1 0.09817477 302.0 2032.0 4208.0 4262.0 121000004
cell 12 -3.15 -2.60163142 0.1 0.09817477 302.0 2032.0 4208.0 4262.0 121000005
cell 12 -3.15 -2.50345665 0.1 0.09817477 302.0 2032.0 4208.0 4262.0 121000006
cell 12 -3.15 -2.40528188 0.1 0.09817477 302.0 2032.0 4208.0 4262.0 121000007
cell 12 -3.15 -2.3071071 0.1 0.09817477 302.0 2032.0 4208.0 4262.0 121000008
cell 12 -3.15 -2.20893233 0.1 0.09817477 302.0 2032.0 4208.0 4262.0 121000009
cell 12 -3.15 -2.11075756 0.1 0.09817477 302.0 2032.0 4208.0 4262.0 121000010
cell 12 -3.15 -2.01258279 0.1 0.09817477 302.0 2032.0 4208.0 4262.0 121000011
cell 12 -3.15 -1.91440802 0.1 0.09817477 302.0 2032.0 4208.0 4262.0 121000012
cell 12 -3.15 -1.81623325 0.1 0.09817477 302.0 2032.0 4208.0 4262.0 121000013
cell 12 -3.15 -1.71805848 0.1 0.09817477 302.0 2032.0 4208.0 4262.0 121000014
cell 12 -3.15 -1.61988371 0.1 0.09817477 302.0 2032.0 4208.0 4262.0 121000015
cell 12 -3.15 -1.52170894 0.1 0.09817477 302.0 2032.0 4208.0 4262.0 121000016
cell 12 -3.15 -1.42353417 0.1 0.09817477 302.0 2032.0 4208.0 4262.0 121000017
cell 12 -3.15 -1.3253594 0.1 0.09817477 302.0 2032.0 4208.0 4262.0 121000018
cell 12 -3.15 -1.22718463 0.1 0.09817477 302.0 2032.0 4208.0 4262.0 121000019
cell 12 -3.15 -1.12900986 0.1 0.09817477 302.0 2032.0 4208.0 4262.0 121000020
cell 12 -3.15 -1.03083509 0.1 0.09817477 302.0 2032.0 4208.0 4262.0 121000021
cell 12 -3.15 -0.93266032 0.1 0.09817477 302.0 2032.0 4208.0 4262.0 121000022
cell 12 -3.15 -0.83448555 0.1 0.09817477 302.0 2032.0 4208.0 4262.0 121000023
cell 12 -3.15 -0.73631078 0.1 0.09817477 302.0 2032.0 4208.0 4262.0 121000024
cell 12 -3.15 -0.63813601 0.1 0.09817477 302.0 2032.0 4208.0 4262.0 121000025
cell 12 -3.15 -0.53996124 0.1 0.09817477 302.0 2032.0 4208.0 4262.0 121000026
cell 12 -3.15 -0.44178647 0.1 0.09817477 302.0 2032.0 4208.0 4262.0 121000027
cell 12 -3.15 -0.3436117 0.1 0.09817477 302.0 2032.0 4208.0 4262.0 121000028
cell 12 -3.15 -0.24543693 0.1 0.09817477 302.0 2032.0 4208.0 4262.0 121000029
cell 12 -3.15 -0.14726216 0.1 0.09817477 302.0 2032.0 4208.0 4262.0 121000030
cell 12 -3.15 -0.04908739 0.1 0.09817477 302.0 2032.0 4208.0 4262.0 121000031
cell 12 -3.15 0.04908739 0.1 0.09817477 302.0 2032.0 4208.0 4262.0 121000032
cell 12 -3.15 0.14726216 0.1 0.09817477 302.0 2032.0 4208.0 4262.0 121000033
cell 12 -3.15 0.24543693 0.1 0.09817477 302.0 2032.0 4208.0 4262.0 121000034
cell 12 -3.15 0.3436117 0.1 0.09817477 302.0 2032.0 4208.0 4262.0 121000035
cell 12 -3.15 0.44178647 0.1 0.09817477 302.0 2032.0 4208.0 4262.0 121000036
cell 12 -3.15 0.53996124 0.1 0.09817477 302.0 2032.0 4208.0 4262.0 121000037
cell 12 -3.15 0.63813601 0.1 0.09817477 302.0 2032.0 4208.0 4262.0 121000038
cell 12 -3.15 0.73631078 0.1 0.09817477 302.0 2032.0 4208.0 4262.0 121000039
cell 12 -3.15 0.83448555 0.1 0.09817477 302.0 2032.0 4208.0 4262.0 121000040
cell 12 -3.15 0.93266032 0.1 0.09817477 302.0 2032.0 4208.0 4262.0 121000041
cell 12 -3.15 1.03083509 0.1 0.09817477 302.0 2032.0 4208.0 4262.0 121000042
cell 12 -3.15 1.12900986 0.1 0.09817477 302.0 2032.0 4208.0 4262.0 121000043
cell 12 -3.15 1.22718463 0.1 0.09817477 302.0 2032.0 4208.0 4262.0 121000044
cell 12 -3.15 1.3253594 0.1 0.09817477 302.0 2032.0 4208.0 4262.0 121000045
cell 12 -3.15 1.42353417 0.1 0.09817477 302.0 2032.0 4208.0 4262.0 121000046
cell 12 -3.15 1.52170894 0.1 0.09817477 302.0 2032.0 4208.0 4262.0 121000047
cell 12 -3.15 1.61988371 0.1 0.09817477 302.0 2032.0 4208.0 4262.0 121000048
cell 12 -3.15 1.71805848 0.1 0.09817477 302.0 2032.0 4208.0 4262.0 121000049
cell 12 -3.15 1.81623325 0.1 0.09817477 302.0 2032.0 4208.0 4262.0 121000050
cell 12 -3.15 1.91440802 0.1 0.09817477 302.0 2032.0 4208.0 4262.0 121000051
cell 12 -3.15 2.01258279 0.1 0.09817477 302.0 2032.0 4208.0 4262.0 121000052
cell 12 -3.15 2.11075756 0.1 0.09817477 302.0 2032.0 4208.0 4262.0 121000053
cell 12 -3.15 2.20893233 0.1 0.09817477 302.0 2032.0 4208.0 4262.0 121000054
cell 12 -3.15 2.3071071 0.1 0.09817477 302.0 2032.0 4208.0 4262.0 121000055
cell 12 -3.15 2.40528188 0.1 0.09817477 302.0 2032.0 4208.0 4262.0 121000056
cell 12 -3.15 2.50345665 0.1 0.09817477 302.0 2032.0 4208.0 4262.0 121000057
cell 12 -3.15 2.60163142 0.1 0.09817477 302.0 2032.0 4208.0 4262.0 121000058
cell 12 -3.15 2.69980619 0.1 0.09817477 302.0 2032.0 4208.0 4262.0 121000059
cell 12 -3.15 2.79798096 0.1 0.09817477 302.0 2032.0 4208.0 4262.0 121000060
cell 12 -3.15 2.89615573 0.1 0.09817477 302.0 2032.0 4208.0 4262.0 121000061
cell 12 -3.15 2.9943305 0.1 0.09817477 302.0 2032.0 4208.0 4262.0 121000062
cell 12 -3.15 3.09250527 0.1 0.09817477 302.0 2032.0 4208.0 4262.0 121000063
cell 12 -3.05 -3.09250527 0.1 0.09817477 302.0 2032.0 4208.0 4262.0 121000064
cell 12 -3.05 -2.9943305 0.1 0.09817477 302.0 2032.0 4208.0 4262.0 121000065
cell 12 -3.05 -2.89615573 0.1 0.09817477 302.0 2032.0 4208.0 4262.0 121000066
cell 12 -3.05 -2.79798096 0.1 0.09817477 302.0 2032.0 4208.0 4262.0 121000067
cell 12 -3.05 -2.69980619 0.1 0.09817477 302.0 2032.0 4208.0 4262.0 121000068
cell 12 -3.05 -2.60163142 0.1 0.09817477 302.0 2032.0 4208.0 4262.0 121000069
cell 12 -3.05 -2.50345665 0.1 0.09817477 302.0 2032.0 4208.0 4262.0 121000070
cell 12 -3.05 -2.40528188 0.1 0.09817477 302.0 2032.0 4208.0 4262.0 121000071
cell 12 -3.05 -2.3071071 0.1 0.09817477 302.0 2032.0 4208.0 4262.0 121000072
cell 12 -3.05 -2.20893233 0.1 0.09817477 302.0 2032.0 4208.0 4262.0 121000073
cell 12 -3.05 -2.11075756 0.1 0.09817477 302.0 2032.0 4208.0 4262.0 121000074
cell 12 -3.05 -2.01258279 0.1 0.09817477 302.0 2032.0 4208.0 4262.0 121000075
cell 12 -3.05 -1.91440802 0.1 0.09817477 302.0 2032.0 4208.0 4262.0 121000076
cell 12 -3.05 -1.81623325 0.1 0.09817477 302.0 2032.0 4208.0 4262.0 121000077
cell 12 -3.05 -1.71805848 0.1 0.09817477 302.0 2032.0 4208.0 4262.0 121000078
cell 12 -3.05 -1.61988371 0.1 0.09817477 302.0 2032.0 4208.0 4262.0 121000079
cell 12 -3.05 -1.52170894 0.1 0.09817477 302.0 2032.0 4208.0 4262.0 121000080
cell 12 -3.05 -1.42353417 0.1 0.09817477 302.0 2032.0 4208.0 4262.0 121000081
cell 12 -3.05 -1.3253594 0.1 0.09817477 302.0 2032.0 4208.0 4262.0 121000082
cell 12 -3.05 -1.22718463 0.1 0.09817477 302.0 2032.0 4208.0 4262.0 121000083
cell 12 -3.05 -1.12900986 0.1 0.09817477 302.0 2032.0 4208.0 4262.0 121000084
cell 12 -3.05 -1.03083509 0.1 0.09817477 302.0 2032.0 4208.0 4262.0 121000085
cell 12 -3.05 -0.93266032 0.1 0.09817477 302.0 2032.0 4208.0 4262.0 121000086
cell 12 -3.05 -0.83448555 0.1 0.09817477 302.0 2032.0 4208.0 4262.0 121000087
cell 12 -3.05 -0.73631078 0.1 0.09817477 302.0 2032.0 4208.0 4262.0 121000088
cell 12 -3.05 -0.63813601 0.1 0.09817477 302.0 2032.0 4208.0 4262.0 121000089
cell 12 -3.05 -0.53996124 0.1 0.09817477 302.0 2032.0 4208.0 4262.0 121000090
cell 12 -3.05 -0.44178647 0.1 0.09817477 302.0 2032.0 4208.0 4262.0 121000091
cell 12 -3.05 -0.3436117 0.1 0.09817477 302.0 2032.0 4208.0 4262.0 121000092
cell 12 -3.05 -0.24543693 0.1 0.09817477 302.0 2032.0 4208.0 4262.0 121000093
cell 12 -3.05 -0.14726216 0.1 0.09817477 302.0 2032.0 4208.0 4262.0 121000094
cell 12 -3.05 -0.04908739 0.1 0.09817477 302.0 2032.0 4208.0 4262.0 121000095
cell 12 -3.05 0.04908739 0.1 0.09817477 302.0 2032.0 4208.0 4262.0 121000096
cell 12 -3.05 0.14726216 0.1 0.09817477 302.0 2032.0 4208.0 4262.0 121000097
cell 12 -3.05 0.24543693 0.1 0.09817477 302.0 2032.0 4208.0 4262.0 121000098
cell 12 -3.05 0.3436117 0.1 0.09817477 302.0 2032.0 4208.0 4262.0 121000099
cell 12 -3.05 0.44178647 0.1 0.09817477 302.0 2032.0 4208.0 4262.0 121000100
cell 12 -3.05 0.53996124 0.1 0.09817477 302.0 2032.0 4208.0 4262.0 121000101
cell 12 -3.05 0.63813601 0.1 0.09817477 302.0 2032.0 4208.0 4262.0 121000102
cell 12 -3.05 0.73631078 0.1 0.09817477 302.0 2032.0 4208.0 4262.0 121000103
cell 12 -3.05 0.83448555 0.1 0.09817477 302.0 2032.0 4208.0 4262.0 121000104
cell 12 -3.05 0.93266032 0.1 0.09817477 302.0 2032.0 4208.0 4262.0 121000105
cell 12 -3.05 1.03083509 0.1 0.09817477 302.0 2032.0 4208.0 4262.0 121000106
cell 12 -3.05 1.12900986 0.1 0.09817477 302.0 2032.0 4208.0 4262.0 121000107
cell 12 -3.05 1.22718463 0.1 0.09817477 302.0 2032.0 4208.0 4262.0 121000108
cell 12 -3.05 1.3253594 0.1 0.09817477 302.0 2032.0 4208.0 4262.0 121000109
cell 12 -3.05 1.42353417 0.1 0.09817477 302.0 2032.0 4208.0 4262.0 121000110
cell 12 -3.05 1.52170894 0.1 0.09817477 302.0 2032.0 4208.0 4262.0 121000111
cell 12 -3.05 1.61988371 0.1 0.09817477 302.0 2032.0 4208.0 4262.0 121000112
cell 12 -3.05 1.71805848 0.1 0.09817477 302.0 2032.0 4208.0 4262.0 121000113
cell 12 -3.05 1.81623325 0.1 0.09817477 302.0 2032.0 4208.0 4262.0 121000114
cell 12 -3.05 1.91440802 0.1 0.09817477 302.0 2032.0 4208.0 4262.0 121000115
cell 12 -3.05 2.01258279 0.1 0.09817477 302.0 2032.0 4208.0 4262.0 121000116
cell 12 -3.05 2.11075756 0.1 0.09817477 302.0 2032.0 4208.0 4262.0 121000117
cell 12 -3.05 2.20893233 0.1 0.09817477 302.0 2032.0 4208.0 4262.0 121000118
cell 12 -3.05 2.3071071 0.1 0.09817477 302.0 2032.0 4208.0 4262.0 121000119
cell 12 -3.05 2.40528188 0.1 0.09817477 302.0 2032.0 4208.0 4262.0 121000120
cell 12 -3.05 2.50345665 0.1 0.09817477 302.0 2032.0 4208.0 4262.0 121000121
cell 12 -3.05 2.60163142 0.1 0.09817477 302.0 2032.0 4208.0 4262.0 121000122
cell 12 -3.05 2.69980619 0.1 0.09817477 302.0 2032.0 4208.0 4262.0 121000123
cell 12 -3.05 2.79798096 0.1 0.09817477 302.0 2032.0 4208.0 4262.0 121000124
cell 12 -3.05 2.89615573 0.1 0.09817477 302.0 2032.0 4208.0 4262.0 121000125
cell 12 -3.05 2.9943305 0.1 0.09817477 302.0 2032.0 4208.0 4262.0 121000126
cell 12 -3.05 3.09250527 0.1 0.09817477 302.0 2032.0 4208.0 4262.0 121000127
cell 12 -2.95 -3.09250527 0.1 0.09817477 302.0 2032.0 4208.0 4262.0 121000128
cell 12 -2.95 -2.9943305 0.1 0.09817477 302.0 2032.0 4208.0 4262.0 121000129
cell 12 -2.95 -2.89615573 0.1 0.09817477 302.0 2032.0 4208.0 4262.0 121000130
cell 12 -2.95 -2.79798096 0.1 0.09817477 302.0 2032.0 4208.0 4262.0 121000131
cell 12 -2.95 -2.69980619 0.1 0.09817477 302.0 2032.0 4208.0 4262.0 121000132
cell 12 -2.95 -2.60163142 0.1 0.09817477 302.0 2032.0 4208.0 4262.0 121000133
cell 12 -2.95 -2.50345665 0.1 0.09817477 302.0 2032.0 4208.0 4262.0 121000134
cell 12 -2.95 -2.40528188 0.1 0.09817477 302.0 2032.0 4208.0 4262.0 121000135
cell 12 -2.95 -2.3071071 0.1 0.09817477 302.0 2032.0 4208.0 4262.0 121000136
cell 12 -2.95 -2.20893233 0.1 0.09817477 302.0 2032.0 4208.0 4262.0 121000137
cell 12 -2.95 -2.11075756 0.1 0.09817477 302.0 2032.0 4208.0 4262.0 121000138
cell 12 -2.95 -2.01258279 0.1 0.09817477 302.0 2032.0 4208.0 4262.0 121000139
cell 12 -2.95 -1.91440802 0.1 0.09817477 302.0 2032.0 4208.0 4262.0 121000140
cell 12 -2.95 -1.81623325 0.1 0.09817477 302.0 2032.0 4208.0 4262.0 121000141
cell 12 -2.95 -1.71805848 0.1 0.09817477 302.0 2032.0 4208.0 4262.0 121000142
cell 12 -2.95 -1.61988371 0.1 0.09817477 302.0 2032.0 4208.0 4262.0 121000143
cell 12 -2.95 -1.52170894 0.1 0.09817477 302.0 2032.0 4208.0 4262.0 121000144
cell 12 -2.95 -1.42353417 0.1 0.09817477 302.0 2032.0 4208.0 4262.0 121000145
cell 12 -2.95 -1.3253594 0.1 0.09817477 302.0 2032.0 4208.0 4262.0 121000146
cell 12 -2.95 -1.22718463 0.1 0.09817477 302.0 2032.0 4208.0 4262.0 121000147
cell 12 -2.95 -1.12900986 0.1 0.09817477 302.0 2032.0 4208.0 4262.0 121000148
cell 12 -2.95 -1.03083509 0.1 0.09817477 302.0 2032.0 4208.0 4262.0 121000149
cell 12 -2.95 -0.93266032 0.1 0.09817477 302.0 2032.0 4208.0 4262.0 121000150
cell 12 -2.95 -0.83448555 0.1 0.09817477 302.0 2032.0 4208.0 4262.0 121000151
cell 12 -2.95 -0.73631078 0.1 0.09817477 302.0 2032.0 4208.0 4262.0 121000152
cell 12 -2.95 -0.63813601 0.1 0.09817477 302.0 2032.0 4208.0 4262.0 121000153
cell 12 -2.95 -0.53996124 0.1 0.09817477 302.0 2032.0 4208.0 4262.0 121000154
cell 12 -2.95 -0.44178647 0.1 0.09817477 302.0 2032.0 4208.0 4262.0 121000155
cell 12 -2.95 -0.3436117 0.1 0.09817477 302.0 2032.0 4208.0 4262.0 121000156
cell 12 -2.95 -0.24543693 0.1 0.09817477 302.0 2032.0 4208.0 4262.0 121000157
cell 12 -2.95 -0.14726216 0.1 0.09817477 302.0 2032.0 4208.0 4262.0 121000158
cell 12 -2.95 -0.04908739 0.1 0.09817477 302.0 2032.0 4208.0 4262.0 121000159
cell 12 -2.95 0.04908739 0.1 0.09817477 302.0 2032.0 4208.0 4262.0 121000160
cell 12 -2.95 0.14726216 0.1 0.09817477 302.0 2032.0 4208.0 4262.0 121000161
cell 12 -2.95 0.24543693 0.1 0.09817477 302.0 2032.0 4208.0 4262.0 121000162
cell 12 -2.95 0.3436117 0.1 0.09817477 302.0 2032.0 4208.0 4262.0 121000163
cell 12 -2.95 0.44178647 0.1 0.09817477 302.0 2032.0 4208.0 4262.0 121000164
cell 12 -2.95 0.53996124 0.1 0.09817477 302.0 2032.0 4208.0 4262.0 121000165
cell 12 -2.95 0.63813601 0.1 0.09817477 302.0 2032.0 4208.0 4262.0 121000166
cell 12 -2.95 0.73631078 0.1 0.09817477 302.0 2032.0 4208.0 4262.0 121000167
cell 12 -2.95 0.83448555 0.1 0.09817477 302.0 2032.0 4208.0 4262.0 121000168
cell 12 -2.95 0.93266032 0.1 0.09817477 302.0 2032.0 4208.0 4262.0 121000169
cell 12 -2.95 1.03083509 0.1 0.09817477 302.0 2032.0 4208.0 4262.0 121000170
cell 12 -2.95 1.12900986 0.1 0.09817477 302.0 2032.0 4208.0 4262.0 121000171
cell 12 -2.95 1.22718463 0.1 0.09817477 302.0 2032.0 4208.0 4262.0 121000172
cell 12 -2.95 1.3253594 0.1 0.09817477 302.0 2032.0 4208.0 4262.0 121000173
cell 12 -2.95 1.42353417 0.1 0.09817477 302.0 2032.0 4208.0 4262.0 121000174
cell 12 -2.95 1.52170894 0.1 0.09817477 302.0 2032.0 4208.0 4262.0 121000175
cell 12 -2.95 1.61988371 0.1 0.09817477 302.0 2032.0 4208.0 4262.0 121000176
cell 12 -2.95 1.71805848 0.1 0.09817477 302.0 2032.0 4208.0 4262.0 121000177
cell 12 -2.95 1.81623325 0.1 0.09817477 302.0 2032.0 4208.0 4262.0 121000178
cell 12 -2.95 1.91440802 0.1 0.09817477 302.0 2032.0 4208.0 4262.0 121000179
cell 12 -2.95 2.01258279 0.1 0.09817477 302.0 2032.0 4208.0 4262.0 121000180
cell 12 -2.95 2.11075756 0.1 0.09817477 302.0 2032.0 4208.0 4262.0 121000181
cell 12 -2.95 2.20893233 0.1 0.09817477 302.0 2032.0 4208.0 4262.0 121000182
cell 12 -2.95 2.3071071 0.1 0.09817477 302.0 2032.0 4208.0 4262.0 121000183
cell 12 -2.95 2.40528188 0.1 0.09817477 302.0 2032.0 4208.0 4262.0 121000184
cell 12 -2.95 2.50345665 0.1 0.09817477 302.0 2032.0 4208.0 4262.0 121000185
cell 12 -2.95 2.60163142 0.1 0.09817477 302.0 2032.0 4208.0 4262.0 121000186
cell 12 -2.95 2.69980619 0.1 0.09817477 302.0 2032.0 4208.0 4262.0 121000187
cell 12 -2.95 2.79798096 0.1 0.09817477 302.0 2032.0 4208.0 4262.0 121000188
cell 12 -2.95 2.89615573 0.1 0.09817477 302.0 2032.0 4208.0 4262.0 121000189
cell 12 -2.95 2.9943305 0.1 0.09817477 302.0 2032.0 4208.0 4262.0 121000190
cell 12 -2.95 3.09250527 0.1 0.09817477 302.0 2032.0 4208.0 4262.0 121000191
cell 12 -2.85 -3.09250527 0.1 0.09817477 302.0 2032.0 4208.0 4262.0 121000192
cell 12 -2.85 -2.9943305 0.1 0.09817477 302.0 2032.0 4208.0 4262.0 121000193
cell 12 -2.85 -2.89615573 0.1 0.09817477 302.0 2032.0 4208.0 4262.0 121000194
cell 12 -2.85 -2.79798096 0.1 0.09817477 302.0 2032.0 4208.0 4262.0 121000195
cell 12 -2.85 -2.69980619 0.1 0.09817477 302.0 2032.0 4208.0 4262.0 121000196
cell 12 -2.85 -2.60163142 0.1 0.09817477 302.0 2032.0 4208.0 4262.0 121000197
cell 12 -2.85 -2.50345665 0.1 0.09817477 302.0 2032.0 4208.0 4262.0 121000198
cell 12 -2.85 -2.40528188 0.1 0.09817477 302.0 2032.0 4208.0 4262.0 121000199
cell 12 -2.85 -2.3071071 0.1 0.09817477 302.0 2032.0 4208.0 4262.0 121000200
cell 12 -2.85 -2.20893233 0.1 0.09817477 302.0 2032.0 4208.0 4262.0 121000201
cell 12 -2.85 -2.11075756 0.1 0.09817477 302.0 2032.0 4208.0 4262.0 121000202
cell 12 -2.85 -2.01258279 0.1 0.09817477 302.0 2032.0 4208.0 4262.0 121000203
cell 12 -2.85 -1.91440802 0.1 0.09817477 302.0 2032.0 4208.0 4262.0 121000204
cell 12 -2.85 -1.81623325 0.1 0.09817477 302.0 2032.0 4208.0 4262.0 121000205
cell 12 -2.85 -1.71805848 0.1 0.09817477 302.0 2032.0 4208.0 4262.0 121000206
cell 12 -2.85 -1.61988371 0.1 0.09817477 302.0 2032.0 4208.0 4262.0 121000207
cell 12 -2.85 -1.52170894 0.1 0.09817477 302.0 2032.0 4208.0 4262.0 121000208
cell 12 -2.85 -1.42353417 0.1 0.09817477 302.0 2032.0 4208.0 4262.0 121000209
cell 12 -2.85 -1.3253594 0.1 0.09817477 302.0 2032.0 4208.0 4262.0 121000210
cell 12 -2.85 -1.22718463 0.1 0.09817477 302.0 2032.0 4208.0 4262.0 121000211
cell 12 -2.85 -1.12900986 0.1 0.09817477 302.0 2032.0 4208.0 4262.0 121000212
cell 12 -2.85 -1.03083509 0.1 0.09817477 302.0 2032.0 4208.0 4262.0 121000213
cell 12 -2.85 -0.93266032 0.1 0.09817477 302.0 2032.0 4208.0 4262.0 121000214
cell 12 -2.85 -0.83448555 0.1 0.09817477 302.0 2032.0 4208.0 4262.0 121000215
cell 12 -2.85 -0.73631078 0.1 0.09817477 302.0 2032.0 4208.0 4262.0 121000216
cell 12 -2.85 -0.63813601 0.1 0.09817477 302.0 2032.0 4208.0 4262.0 121000217
cell 12 -2.85 -0.53996124 0.1 0.09817477 302.0 2032.0 4208.0 4262.0 121000218
cell 12 -2.85 -0.44178647 0.1 0.09817477 302.0 2032.0 4208.0 4262.0 121000219
cell 12 -2.85 -0.3436117 0.1 0.09817477 302.0 2032.0 4208.0 4262.0 121000220
cell 12 -2.85 -0.24543693 0.1 0.09817477 302.0 2032.0 4208.0 4262.0 121000221
cell 12 -2.85 -0.14726216 0.1 0.09817477 302.0 2032.0 4208.0 4262.0 121000222
cell 12 -2.85 -0.04908739 0.1 0.09817477 302.0 2032.0 4208.0 4262.0 121000223
cell 12 -2.85 0.04908739 0.1 0.09817477 302.0 2032.0 4208.0 4262.0 121000224
cell 12 -2.85 0.14726216 0.1 0.09817477 302.0 2032.0 4208.0 4262.0 121000225
cell 12 -2.85 0.24543693 0.1 0.09817477 302.0 2032.0 4208.0 4262.0 121000226
cell 12 -2.85 0.3436117 0.1 0.09817477 302.0 2032.0 4208.0 4262.0 121000227
cell 12 -2.85 0.44178647 0.1 0.09817477 302.0 2032.0 4208.0 4262.0 121000228
cell 12 -2.85 0.53996124 0.1 0.09817477 302.0 2032.0 4208.0 4262.0 121000229
cell 12 -2.85 0.63813601 0.1 0.09817477 302.0 2032.0 4208.0 4262.0 121000230
cell 12 -2.85 0.73631078 0.1 0.09817477 302.0 2032.0 4208.0 4262.0 121000231
cell 12 -2.85 0.83448555 0.1 0.09817477 302.0 2032.0 4208.0 4262.0 121000232
cell 12 -2.85 0.93266032 0.1 0.09817477 302.0 2032.0 4208.0 4262.0 121000233
cell 12 -2.85 1.03083509 0.1 0.09817477 302.0 2032.0 4208.0 4262.0 121000234
cell 12 -2.85 1.12900986 0.1 0.09817477 302.0 2032.0 4208.0 4262.0 121000235
cell 12 -2.85 1.22718463 0.1 0.09817477 302.0 2032.0 4208.0 4262.0 121000236
cell 12 -2.85 1.3253594 0.1 0.09817477 302.0 2032.0 4208.0 4262.0 121000237
cell 12 -2.85 1.42353417 0.1 0.09817477 302.0 2032.0 4208.0 4262.0 121000238
cell 12 -2.85 1.52170894 0.1 0.09817477 302.0 2032.0 4208.0 4262.0 121000239
cell 12 -2.85 1.61988371 0.1 0.09817477 302.0 2032.0 4208.0 4262.0 121000240
cell 12 -2.85 1.71805848 0.1 0.09817477 302.0 2032.0 4208.0 4262.0 121000241
cell 12 -2.85 1.81623325 0.1 0.09817477 302.0 2032.0 4208.0 4262.0 121000242
cell 12 -2.85 1.91440802 0.1 0.09817477 302.0 2032.0 4208.0 4262.0 121000243
cell 12 -2.85 2.01258279 0.1 0.09817477 302.0 2032.0 4208.0 4262.0 121000244
cell 12 -2.85 2.11075756 0.1 0.09817477 302.0 2032.0 4208.0 4262.0 121000245
cell 12 -2.85 2.20893233 0.1 0.09817477 302.0 2032.0 4208.0 4262.0 121000246
cell 12 -2.85 2.3071071 0.1 0.09817477 302.0 2032.0 4208.0 4262.0 121000247
cell 12 -2.85 2.40528188 0.1 0.09817477 302.0 2032.0 4208.0 4262.0 121000248
cell 12 -2.85 2.50345665 0.1 0.09817477 302.0 2032.0 4208.0 4262.0 121000249
cell 12 -2.85 2.60163142 0.1 0.09817477 302.0 2032.0 4208.0 4262.0 121000250
cell 12 -2.85 2.69980619 0.1 0.09817477 302.0 2032.0 4208.0 4262.0 121000251
cell 12 -2.85 2.79798096 0.1 0.09817477 302.0 2032.0 4208.0 4262.0 121000252
cell 12 -2.85 2.89615573 0.1 0.09817477 302.0 2032.0 4208.0 4262.0 121000253
cell 12 -2.85 2.9943305 0.1 0.09817477 302.0 2032.0 4208.0 4262.0 121000254
cell 12 -2.85 3.09250527 0.1 0.09817477 302.0 2032.0 4208.0 4262.0 121000255
cell 12 -2.75 -3.09250527 0.1 0.09817477 302.0 2032.0 4208.0 4262.0 121000256
cell 12 -2.75 -2.9943305 0.1 0.09817477 302.0 2032.0 4208.0 4262.0 121000257
cell 12 -2.75 -2.89615573 0.1 0.09817477 302.0 2032.0 4208.0 4262.0 121000258
cell 12 -2.75 -2.79798096 0.1 0.09817477 302.0 2032.0 4208.0 4262.0 121000259
cell 12 -2.75 -2.69980619 0.1 0.09817477 302.0 2032.0 4208.0 4262.0 121000260
cell 12 -2.75 -2.60163142 0.1 0.09817477 302.0 2032.0 4208.0 4262.0 121000261
cell 12 -2.75 -2.50345665 0.1 0.09817477 302.0 2032.0 4208.0 4262.0 121000262
cell 12 -2.75 -2.40528188 0.1 0.09817477 302.0 2032.0 4208.0 4262.0 121000263
cell 12 -2.75 -2.3071071 0.1 0.09817477 302.0 2032.0 4208.0 4262.0 121000264
cell 12 -2.75 -2.20893233 0.1 0.09817477 302.0 2032.0 4208.0 4262.0 121000265
cell 12 -2.75 -2.11075756 0.1 0.09817477 302.0 2032.0 4208.0 4262.0 121000266
cell 12 -2.75 -2.01258279 0.1 0.09817477 302.0 2032.0 4208.0 4262.0 121000267
cell 12 -2.75 -1.91440802 0.1 0.09817477 302.0 2032.0 4208.0 4262.0 121000268
cell 12 -2.75 -1.81623325 0.1 0.09817477 302.0 2032.0 4208.0 4262.0 121000269
cell 12 -2.75 -1.71805848 0.1 0.09817477 302.0 2032.0 4208.0 4262.0 121000270
cell 12 -2.75 -1.61988371 0.1 0.09817477 302.0 2032.0 4208.0 4262.0 121000271
cell 12 -2.75 -1.52170894 0.1 0.09817477 302.0 2032.0 4208.0 4262.0 121000272
cell 12 -2.75 -1.42353417 0.1 0.09817477 302.0 2032.0 4208.0 4262.0 121000273
cell 12 -2.75 -1.3253594 0.1 0.09817477 302.0 2032.0 4208.0 4262.0 121000274
cell 12 -2.75 -1.22718463 0.1 0.09817477 302.0 2032.0 4208.0 4262.0 121000275
cell 12 -2.75 -1.12900986 0.1 0.09817477 302.0 2032.0 4208.0 4262.0 121000276
cell 12 -2.75 -1.03083509 0.1 0.09817477 302.0 2032.0 4208.0 4262.0 121000277
cell 12 -2.75 -0.93266032 0.1 0.09817477 302.0 2032.0 4208.0 4262.0 121000278
cell 12 -2.75 -0.83448555 0.1 0.09817477 302.0 2032.0 4208.0 4262.0 121000279
cell 12 -2.75 -0.73631078 0.1 0.09817477 302.0 2032.0 4208.0 4262.0 121000280
cell 12 -2.75 -0.63813601 0.1 0.09817477 302.0 2032.0 4208.0 4262.0 121000281
cell 12 -2.75 -0.53996124 0.1 0.09817477 302.0 2032.0 4208.0 4262.0 121000282
cell 12 -2.75 -0.44178647 0.1 0.09817477 302.0 2032.0 4208.0 4262.0 121000283
cell 12 -2.75 -0.3436117 0.1 0.09817477 302.0 2032.0 4208.0 4262.0 121000284
cell 12 -2.75 -0.24543693 0.1 0.09817477 302.0 2032.0 4208.0 4262.0 121000285
cell 12 -2.75 -0.14726216 0.1 0.09817477 302.0 2032.0 4208.0 4262.0 121000286
cell 12 -2.75 -0.04908739 0.1 0.09817477 302.0 2032.0 4208.0 4262.0 121000287
cell 12 -2.75 0.04908739 0.1 0.09817477 302.0 2032.0 4208.0 4262.0 121000288
cell 12 -2.75 0.14726216 0.1 0.09817477 302.0 2032.0 4208.0 4262.0 121000289
cell 12 -2.75 0.24543693 0.1 0.09817477 302.0 2032.0 4208.0 4262.0 121000290
cell 12 -2.75 0.3436117 0.1 0.09817477 302.0 2032.0 4208.0 4262.0 121000291
cell 12 -2.75 0.44178647 0.1 0.09817477 302.0 2032.0 4208.0 4262.0 121000292
cell 12 -2.75 0.53996124 0.1 0.09817477 302.0 2032.0 4208.0 4262.0 121000293
cell 12 -2.75 0.63813601 0.1 0.09817477 302.0 2032.0 4208.0 4262.0 121000294
cell 12 -2.75 0.73631078 0.1 0.09817477 302.0 2032.0 4208.0 4262.0 121000295
cell 12 -2.75 0.83448555 0.1 0.09817477 302.0 2032.0 4208.0 4262.0 121000296
cell 12 -2.75 0.93266032 0.1 0.09817477 302.0 2032.0 4208.0 4262.0 121000297
cell 12 -2.75 1.03083509 0.1 0.09817477 302.0 2032.0 4208.0 4262.0 121000298
cell 12 -2.75 1.12900986 0.1 0.09817477 302.0 2032.0 4208.0 4262.0 121000299
cell 12 -2.75 1.22718463 0.1 0.09817477 302.0 2032.0 4208.0 4262.0 121000300
cell 12 -2.75 1.3253594 0.1 0.09817477 302.0 2032.0 4208.0 4262.0 121000301
cell 12 -2.75 1.42353417 0.1 0.09817477 302.0 2032.0 4208.0 4262.0 121000302
cell 12 -2.75 1.52170894 0.1 0.09817477 302.0 2032.0 4208.0 4262.0 121000303
cell 12 -2.75 1.61988371 0.1 0.09817477 302.0 2032.0 4208.0 4262.0 121000304
cell 12 -2.75 1.71805848 0.1 0.09817477 302.0 2032.0 4208.0 4262.0 121000305
cell 12 -2.75 1.81623325 0.1 0.09817477 302.0 2032.0 4208.0 4262.0 121000306
cell 12 -2.75 1.91440802 0.1 0.09817477 302.0 2032.0 4208.0 4262.0 121000307
cell 12 -2.75 2.01258279 0.1 0.09817477 302.0 2032.0 4208.0 4262.0 121000308
cell 12 -2.75 2.11075756 0.1 0.09817477 302.0 2032.0 4208.0 4262.0 121000309
cell 12 -2.75 2.20893233 0.1 0.09817477 302.0 2032.0 4208.0 4262.0 121000310
cell 12 -2.75 2.3071071 0.1 0.09817477 302.0 2032.0 4208.0 4262.0 121000311
cell 12 -2.75 2.40528188 0.1 0.09817477 302.0 2032.0 4208.0 4262.0 121000312
cell 12 -2.75 2.50345665 0.1 0.09817477 302.0 2032.0 4208.0 4262.0 121000313
cell 12 -2.75 2.60163142 0.1 0.09817477 302.0 2032.0 4208.0 4262.0 121000314
cell 12 -2.75 2.69980619 0.1 0.09817477 302.0 2032.0 4208.0 4262.0 121000315
cell 12 -2.75 2.79798096 0.1 0.09817477 302.0 2032.0 4208.0 4262.0 121000316
cell 12 -2.75 2.89615573 0.1 0.09817477 302.0 2032.0 4208.0 4262.0 121000317
cell 12 -2.75 2.9943305 0.1 0.09817477 302.0 2032.0 4208.0 4262.0 121000318
cell 12 -2.75 3.09250527 0.1 0.09817477 302.0 2032.0 4208.0 4262.0 121000319
cell 12 -2.65 -3.09250527 0.1 0.09817477 302.0 2032.0 4208.0 4262.0 121000320
cell 12 -2.65 -2.9943305 0.1 0.09817477 302.0 2032.0 4208.0 4262.0 121000321
cell 12 -2.65 -2.89615573 0.1 0.09817477 302.0 2032.0 4208.0 4262.0 121000322
cell 12 -2.65 -2.79798096 0.1 0.09817477 302.0 2032.0 4208.0 4262.0 121000323
cell 12 -2.65 -2.69980619 0.1 0.09817477 302.0 2032.0 4208.0 4262.0 121000324
cell 12 -2.65 -2.60163142 0.1 0.09817477 302.0 2032.0 4208.0 4262.0 121000325
cell 12 -2.65 -2.50345665 0.1 0.09817477 302.0 2032.0 4208.0 4262.0 121000326
cell 12 -2.65 -2.40528188 0.1 0.09817477 302.0 2032.0 4208.0 4262.0 121000327
cell 12 -2.65 -2.3071071 0.1 0.09817477 302.0 2032.0 4208.0 4262.0 121000328
cell 12 -2.65 -2.20893233 0.1 0.09817477 302.0 2032.0 4208.0 4262.0 121000329
cell 12 -2.65 -2.11075756 0.1 0.09817477 302.0 2032.0 4208.0 4262.0 121000330
cell 12 -2.65 -2.01258279 0.1 0.09817477 302.0 2032.0 4208.0 4262.0 121000331
cell 12 -2.65 -1.91440802 0.1 0.09817477 302.0 2032.0 4208.0 4262.0 121000332
cell 12 -2.65 -1.81623325 0.1 0.09817477 302.0 2032.0 4208.0 4262.0 121000333
cell 12 -2.65 -1.71805848 0.1 0.09817477 302.0 2032.0 4208.0 4262.0 121000334
cell 12 -2.65 -1.61988371 0.1 0.09817477 302.0 2032.0 4208.0 4262.0 121000335
cell 12 -2.65 -1.52170894 0.1 0.09817477 302.0 2032.0 4208.0 4262.0 121000336
cell 12 -2.65 -1.42353417 0.1 0.09817477 302.0 2032.0 4208.0 4262.0 121000337
cell 12 -2.65 -1.3253594 0.1 0.09817477 302.0 2032.0 4208.0 4262.0 121000338
cell 12 -2.65 -1.22718463 0.1 0.09817477 302.0 2032.0 4208.0 4262.0 121000339
cell 12 -2.65 -1.12900986 0.1 0.09817477 302.0 2032.0 4208.0 4262.0 121000340
cell 12 -2.65 -1.03083509 0.1 0.09817477 302.0 2032.0 4208.0 4262.0 121000341
cell 12 -2.65 -0.93266032 0.1 0.09817477 302.0 2032.0 4208.0 4262.0 121000342
cell 12 -2.65 -0.83448555 0.1 0.09817477 302.0 2032.0 4208.0 4262.0 121000343
cell 12 -2.65 -0.73631078 0.1 0.09817477 302.0 2032.0 4208.0 4262.0 121000344
cell 12 -2.65 -0.63813601 0.1 0.09817477 302.0 2032.0 4208.0 4262.0 121000345
cell 12 -2.65 -0.53996124 0.1 0.09817477 302.0 2032.0 4208.0 4262.0 121000346
cell 12 -2.65 -0.44178647 0.1 0.09817477 302.0 2032.0 4208.0 4262.0 121000347
cell 12 -2.65 -0.3436117 0.1 0.09817477 302.0 2032.0 4208.0 4262.0 121000348
cell 12 -2.65 -0.24543693 0.1 0.09817477 302.0 2032.0 4208.0 4262.0 121000349
cell 12 -2.65 -0.14726216 0.1 0.09817477 302.0 2032.0 4208.0 4262.0 121000350
cell 12 -2.65 -0.04908739 0.1 0.09817477 302.0 2032.0 4208.0 4262.0 121000351
cell 12 -2.65 0.04908739 0.1 0.09817477 302.0 2032.0 4208.0 4262.0 121000352
cell 12 -2.65 0.14726216 0.1 0.09817477 302.0 2032.0 4208.0 4262.0 121000353
cell 12 -2.65 0.24543693 0.1 0.09817477 302.0 2032.0 4208.0 4262.0 121000354
cell 12 -2.65 0.3436117 0.1 0.09817477 302.0 2032.0 4208.0 4262.0 121000355
cell 12 -2.65 0.44178647 0.1 0.09817477 302.0 2032.0 4208.0 4262.0 121000356
cell 12 -2.65 0.53996124 0.1 0.09817477 302.0 2032.0 4208.0 4262.0 121000357
cell 12 -2.65 0.63813601 0.1 0.09817477 302.0 2032.0 4208.0 4262.0 121000358
cell 12 -2.65 0.73631078 0.1 0.09817477 302.0 2032.0 4208.0 4262.0 121000359
cell 12 -2.65 0.83448555 0.1 0.09817477 302.0 2032.0 4208.0 4262.0 121000360
cell 12 -2.65 0.93266032 0.1 0.09817477 302.0 2032.0 4208.0 4262.0 121000361
cell 12 -2.65 1.03083509 0.1 0.09817477 302.0 2032.0 4208.0 4262.0 121000362
cell 12 -2.65 1.12900986 0.1 0.09817477 302.0 2032.0 4208.0 4262.0 121000363
cell 12 -2.65 1.22718463 0.1 0.09817477 302.0 2032.0 4208.0 4262.0 121000364
cell 12 -2.65 1.3253594 0.1 0.09817477 302.0 2032.0 4208.0 4262.0 121000365
cell 12 -2.65 1.42353417 0.1 0.09817477 302.0 2032.0 4208.0 4262.0 121000366
cell 12 -2.65 1.52170894 0.1 0.09817477 302.0 2032.0 4208.0 4262.0 121000367
cell 12 -2.65 1.61988371 0.1 0.09817477 302.0 2032.0 4208.0 4262.0 121000368
cell 12 -2.65 1.71805848 0.1 0.09817477 302.0 2032.0 4208.0 4262.0 121000369
cell 12 -2.65 1.81623325 0.1 0.09817477 302.0 2032.0 4208.0 4262.0 121000370
cell 12 -2.65 1.91440802 0.1 0.09817477 302.0 2032.0 4208.0 4262.0 121000371
cell 12 -2.65 2.01258279 0.1 0.09817477 302.0 2032.0 4208.0 4262.0 121000372
cell 12 -2.65 2.11075756 0.1 0.09817477 302.0 2032.0 4208.0 4262.0 121000373
cell 12 -2.65 2.20893233 0.1 0.09817477 302.0 2032.0 4208.0 4262.0 121000374
cell 12 -2.65 2.3071071 0.1 0.09817477 302.0 2032.0 4208.0 4262.0 121000375
cell 12 -2.65 2.40528188 0.1 0.09817477 302.0 2032.0 4208.0 4262.0 121000376
cell 12 -2.65 2.50345665 0.1 0.09817477 302.0 2032.0 4208.0 4262.0 121000377
cell 12 -2.65 2.60163142 0.1 0.09817477 302.0 2032.0 4208.0 4262.0 121000378
cell 12 -2.65 2.69980619 0.1 0.09817477 302.0 2032.0 4208.0 4262.0 121000379
cell 12 -2.65 2.79798096 0.1 0.09817477 302.0 2032.0 4208.0 4262.0 121000380
cell 12 -2.65 2.89615573 0.1 0.09817477 302.0 2032.0 4208.0 4262.0 121000381
cell 12 -2.65 2.9943305 0.1 0.09817477 302.0 2032.0 4208.0 4262.0 121000382
cell 12 -2.65 3.09250527 0.1 0.09817477 302.0 2032.0 4208.0 4262.0 121000383
cell 12 -2.55 -3.09250527 0.1 0.09817477 302.0 2032.0 4208.0 4262.0 121000384
cell 12 -2.55 -2.9943305 0.1 0.09817477 302.0 2032.0 4208.0 4262.0 121000385
cell 12 -2.55 -2.89615573 0.1 0.09817477 302.0 2032.0 4208.0 4262.0 121000386
cell 12 -2.55 -2.79798096 0.1 0.09817477 302.0 2032.0 4208.0 4262.0 121000387
cell 12 -2.55 -2.69980619 0.1 0.09817477 302.0 2032.0 4208.0 4262.0 121000388
cell 12 -2.55 -2.60163142 0.1 0.09817477 302.0 2032.0 4208.0 4262.0 121000389
cell 12 -2.55 -2.50345665 0.1 0.09817477 302.0 2032.0 4208.0 4262.0 121000390
cell 12 -2.55 -2.40528188 0.1 0.09817477 302.0 2032.0 4208.0 4262.0 121000391
cell 12 -2.55 -2.3071071 0.1 0.09817477 302.0 2032.0 4208.0 4262.0 121000392
cell 12 -2.55 -2.20893233 0.1 0.09817477 302.0 2032.0 4208.0 4262.0 121000393
cell 12 -2.55 -2.11075756 0.1 0.09817477 302.0 2032.0 4208.0 4262.0 121000394
cell 12 -2.55 -2.01258279 0.1 0.09817477 302.0 2032.0 4208.0 4262.0 121000395
cell 12 -2.55 -1.91440802 0.1 0.09817477 302.0 2032.0 4208.0 4262.0 121000396
cell 12 -2.55 -1.81623325 0.1 0.09817477 302.0 2032.0 4208.0 4262.0 121000397
cell 12 -2.55 -1.71805848 0.1 0.09817477 302.0 2032.0 4208.0 4262.0 121000398
cell 12 -2.55 -1.61988371 0.1 0.09817477 302.0 2032.0 4208.0 4262.0 121000399
cell 12 -2.55 -1.52170894 0.1 0.09817477 302.0 2032.0 4208.0 4262.0 121000400
cell 12 -2.55 -1.42353417 0.1 0.09817477 302.0 2032.0 4208.0 4262.0 121000401
cell 12 -2.55 -1.3253594 0.1 0.09817477 302.0 2032.0 4208.0 4262.0 121000402
cell 12 -2.55 -1.22718463 0.1 0.09817477 302.0 2032.0 4208.0 4262.0 121000403
cell 12 -2.55 -1.12900986 0.1 0.09817477 302.0 2032.0 4208.0 4262.0 121000404
cell 12 -2.55 -1.03083509 0.1 0.09817477 302.0 2032.0 4208.0 4262.0 121000405
cell 12 -2.55 -0.93266032 0.1 0.09817477 302.0 2032.0 4208.0 4262.0 121000406
cell 12 -2.55 -0.83448555 0.1 0.09817477 302.0 2032.0 4208.0 4262.0 121000407
cell 12 -2.55 -0.73631078 0.1 0.09817477 302.0 2032.0 4208.0 4262.0 121000408
cell 12 -2.55 -0.63813601 0.1 0.09817477 302.0 2032.0 4208.0 4262.0 121000409
cell 12 -2.55 -0.53996124 0.1 0.09817477 302.0 2032.0 4208.0 4262.0 121000410
cell 12 -2.55 -0.44178647 0.1 0.09817477 302.0 2032.0 4208.0 4262.0 121000411
cell 12 -2.55 -0.3436117 0.1 0.09817477 302.0 2032.0 4208.0 4262.0 121000412
cell 12 -2.55 -0.24543693 0.1 0.09817477 302.0 2032.0 4208.0 4262.0 121000413
cell 12 -2.55 -0.14726216 0.1 0.09817477 302.0 2032.0 4208.0 4262.0 121000414
cell 12 -2.55 -0.04908739 0.1 0.09817477 302.0 2032.0 4208.0 4262.0 121000415
cell 12 -2.55 0.04908739 0.1 0.09817477 302.0 2032.0 4208.0 4262.0 121000416
cell 12 -2.55 0.14726216 0.1 0.09817477 302.0 2032.0 4208.0 4262.0 121000417
cell 12 -2.55 0.24543693 0.1 0.09817477 302.0 2032.0 4208.0 4262.0 121000418
cell 12 -2.55 0.3436117 0.1 0.09817477 302.0 2032.0 4208.0 4262.0 121000419
cell 12 -2.55 0.44178647 0.1 0.09817477 302.0 2032.0 4208.0 4262.0 121000420
cell 12 -2.55 0.53996124 0.1 0.09817477 302.0 2032.0 4208.0 4262.0 121000421
cell 12 -2.55 0.63813601 0.1 0.09817477 302.0 2032.0 4208.0 4262.0 121000422
cell 12 -2.55 0.73631078 0.1 0.09817477 302.0 2032.0 4208.0 4262.0 121000423
cell 12 -2.55 0.83448555 0.1 0.09817477 302.0 2032.0 4208.0 4262.0 121000424
cell 12 -2.55 0.93266032 0.1 0.09817477 302.0 2032.0 4208.0 4262.0 121000425
cell 12 -2.55 1.03083509 0.1 0.09817477 302.0 2032.0 4208.0 4262.0 121000426
cell 12 -2.55 1.12900986 0.1 0.09817477 302.0 2032.0 4208.0 4262.0 121000427
cell 12 -2.55 1.22718463 0.1 0.09817477 302.0 2032.0 4208.0 4262.0 121000428
cell 12 -2.55 1.3253594 0.1 0.09817477 302.0 2032.0 4208.0 4262.0 121000429
cell 12 -2.55 1.42353417 0.1 0.09817477 302.0 2032.0 4208.0 4262.0 121000430
cell 12 -2.55 1.52170894 0.1 0.09817477 302.0 2032.0 4208.0 4262.0 121000431
cell 12 -2.55 1.61988371 0.1 0.09817477 302.0 2032.0 4208.0 4262.0 121000432
cell 12 -2.55 1.71805848 0.1 0.09817477 302.0 2032.0 4208.0 4262.0 121000433
cell 12 -2.55 1.81623325 0.1 0.09817477 302.0 2032.0 4208.0 4262.0 121000434
cell 12 -2.55 1.91440802 0.1 0.09817477 302.0 2032.0 4208.0 4262.0 121000435
cell 12 -2.55 2.01258279 0.1 0.09817477 302.0 2032.0 4208.0 4262.0 121000436
cell 12 -2.55 2.11075756 0.1 0.09817477 302.0 2032.0 4208.0 4262.0 121000437
cell 12 -2.55 2.20893233 0.1 0.09817477 302.0 2032.0 4208.0 4262.0 121000438
cell 12 -2.55 2.3071071 0.1 0.09817477 302.0 2032.0 4208.0 4262.0 121000439
cell 12 -2.55 2.40528188 0.1 0.09817477 302.0 2032.0 4208.0 4262.0 121000440
cell 12 -2.55 2.50345665 0.1 0.09817477 302.0 2032.0 4208.0 4262.0 121000441
cell 12 -2.55 2.60163142 0.1 0.09817477 302.0 2032.0 4208.0 4262.0 121000442
cell 12 -2.55 2.69980619 0.1 0.09817477 302.0 2032.0 4208.0 4262.0 121000443
cell 12 -2.55 2.79798096 0.1 0.09817477 302.0 2032.0 4208.0 4262.0 121000444
cell 12 -2.55 2.89615573 0.1 0.09817477 302.0 2032.0 4208.0 4262.0 121000445
cell 12 -2.55 2.9943305 0.1 0.09817477 302.0 2032.0 4208.0 4262.0 121000446
cell 12 -2.55 3.09250527 0.1 0.09817477 302.0 2032.0 4208.0 4262.0 121000447
cell 12 2.55 -3.09250527 0.1 0.09817477 302.0 2032.0 4208.0 4262.0 121000448
cell 12 2.55 -2.9943305 0.1 0.09817477 302.0 2032.0 4208.0 4262.0 121000449
cell 12 2.55 -2.89615573 0.1 0.09817477 302.0 2032.0 4208.0 4262.0 121000450
cell 12 2.55 -2.79798096 0.1 0.09817477 302.0 2032.0 4208.0 4262.0 121000451
cell 12 2.55 -2.69980619 0.1 0.09817477 302.0 2032.0 4208.0 4262.0 121000452
cell 12 2.55 -2.60163142 0.1 0.09817477 302.0 2032.0 4208.0 4262.0 121000453
cell 12 2.55 -2.50345665 0.1 0.09817477 302.0 2032.0 4208.0 4262.0 121000454
cell 12 2.55 -2.40528188 0.1 0.09817477 302.0 2032.0 4208.0 4262.0 121000455
cell 12 2.55 -2.3071071 0.1 0.09817477 302.0 2032.0 4208.0 4262.0 121000456
cell 12 2.55 -2.20893233 0.1 0.09817477 302.0 2032.0 4208.0 4262.0 121000457
cell 12 2.55 -2.11075756 0.1 0.09817477 302.0 2032.0 4208.0 4262.0 121000458
cell 12 2.55 -2.01258279 0.1 0.09817477 302.0 2032.0 4208.0 4262.0 121000459
cell 12 2.55 -1.91440802 0.1 0.09817477 302.0 2032.0 4208.0 4262.0 121000460
cell 12 2.55 -1.81623325 0.1 0.09817477 302.0 2032.0 4208.0 4262.0 121000461
cell 12 2.55 -1.71805848 0.1 0.09817477 302.0 2032.0 4208.0 4262.0 121000462
cell 12 2.55 -1.61988371 0.1 0.09817477 302.0 2032.0 4208.0 4262.0 121000463
cell 12 2.55 -1.52170894 0.1 0.09817477 302.0 2032.0 4208.0 4262.0 121000464
cell 12 2.55 -1.42353417 0.1 0.09817477 302.0 2032.0 4208.0 4262.0 121000465
cell 12 2.55 -1.3253594 0.1 0.09817477 302.0 2032.0 4208.0 4262.0 121000466
cell 12 2.55 -1.22718463 0.1 0.09817477 302.0 2032.0 4208.0 4262.0 121000467
cell 12 2.55 -1.12900986 0.1 0.09817477 302.0 2032.0 4208.0 4262.0 121000468
cell 12 2.55 -1.03083509 0.1 0.09817477 302.0 2032.0 4208.0 4262.0 121000469
cell 12 2.55 -0.93266032 0.1 0.09817477 302.0 2032.0 4208.0 4262.0 121000470
cell 12 2.55 -0.83448555 0.1 0.09817477 302.0 2032.0 4208.0 4262.0 121000471
cell 12 2.55 -0.73631078 0.1 0.09817477 302.0 2032.0 4208.0 4262.0 121000472
cell 12 2.55 -0.63813601 0.1 0.09817477 302.0 2032.0 4208.0 4262.0 121000473
cell 12 2.55 -0.53996124 0.1 0.09817477 302.0 2032.0 4208.0 4262.0 121000474
cell 12 2.55 -0.44178647 0.1 0.09817477 302.0 2032.0 4208.0 4262.0 121000475
cell 12 2.55 -0.3436117 0.1 0.09817477 302.0 2032.0 4208.0 4262.0 121000476
cell 12 2.55 -0.24543693 0.1 0.09817477 302.0 2032.0 4208.0 4262.0 121000477
cell 12 2.55 -0.14726216 0.1 0.09817477 302.0 2032.0 4208.0 4262.0 121000478
cell 12 2.55 -0.04908739 0.1 0.09817477 302.0 2032.0 4208.0 4262.0 121000479
cell 12 2.55 0.04908739 0.1 0.09817477 302.0 2032.0 4208.0 4262.0 121000480
cell 12 2.55 0.14726216 0.1 0.09817477 302.0 2032.0 4208.0 4262.0 121000481
cell 12 2.55 0.24543693 0.1 0.09817477 302.0 2032.0 4208.0 4262.0 121000482
cell 12 2.55 0.3436117 0.1 0.09817477 302.0 2032.0 4208.0 4262.0 121000483
cell 12 2.55 0.44178647 0.1 0.09817477 302.0 2032.0 4208.0 4262.0 121000484
cell 12 2.55 0.53996124 0.1 0.09817477 302.0 2032.0 4208.0 4262.0 121000485
cell 12 2.55 0.63813601 0.1 0.09817477 302.0 2032.0 4208.0 4262.0 121000486
cell 12 2.55 0.73631078 0.1 0.09817477 302.0 2032.0 4208.0 4262.0 121000487
cell 12 2.55 0.83448555 0.1 0.09817477 302.0 2032.0 4208.0 4262.0 121000488
cell 12 2.55 0.93266032 0.1 0.09817477 302.0 2032.0 4208.0 4262.0 121000489
cell 12 2.55 1.03083509 0.1 0.09817477 302.0 2032.0 4208.0 4262.0 121000490
cell 12 2.55 1.12900986 0.1 0.09817477 302.0 2032.0 4208.0 4262.0 121000491
cell 12 2.55 1.22718463 0.1 0.09817477 302.0 2032.0 4208.0 4262.0 121000492
cell 12 2.55 1.3253594 0.1 0.09817477 302.0 2032.0 4208.0 4262.0 121000493
cell 12 2.55 1.42353417 0.1 0.09817477 302.0 2032.0 4208.0 4262.0 121000494
cell 12 2.55 1.52170894 0.1 0.09817477 302.0 2032.0 4208.0 4262.0 121000495
cell 12 2.55 1.61988371 0.1 0.09817477 302.0 2032.0 4208.0 4262.0 121000496
cell 12 2.55 1.71805848 0.1 0.09817477 302.0 2032.0 4208.0 4262.0 121000497
cell 12 2.55 1.81623325 0.1 0.09817477 302.0 2032.0 4208.0 4262.0 121000498
cell 12 2.55 1.91440802 0.1 0.09817477 302.0 2032.0 4208.0 4262.0 121000499
cell 12 2.55 2.01258279 0.1 0.09817477 302.0 2032.0 4208.0 4262.0 121000500
cell 12 2.55 2.11075756 0.1 0.09817477 302.0 2032.0 4208.0 4262.0 121000501
cell 12 2.55 2.20893233 0.1 0.09817477 302.0 2032.0 4208.0 4262.0 121000502
cell 12 2.55 2.3071071 0.1 0.09817477 302.0 2032.0 4208.0 4262.0 121000503
cell 12 2.55 2.40528188 0.1 0.09817477 302.0 2032.0 4208.0 4262.0 121000504
cell 12 2.55 2.50345665 0.1 0.09817477 302.0 2032.0 4208.0 4262.0 121000505
cell 12 2.55 2.60163142 0.1 0.09817477 302.0 2032.0 4208.0 4262.0 121000506
cell 12 2.55 2.69980619 0.1 0.09817477 302.0 2032.0 4208.0 4262.0 121000507
cell 12 2.55 2.79798096 0.1 0.09817477 302.0 2032.0 4208.0 4262.0 121000508
cell 12 2.55 2.89615573 0.1 0.09817477 302.0 2032.0 4208.0 4262.0 121000509
cell 12 2.55 2.9943305 0.1 0.09817477 302.0 2032.0 4208.0 4262.0 121000510
cell 12 2.55 3.09250527 0.1 0.09817477 302.0 2032.0 4208.0 4262.0 121000511
cell 12 2.65 -3.09250527 0.1 0.09817477 302.0 2032.0 4208.0 4262.0 121000512
cell 12 2.65 -2.9943305 0.1 0.09817477 302.0 2032.0 4208.0 4262.0 121000513
cell 12 2.65 -2.89615573 0.1 0.09817477 302.0 2032.0 4208.0 4262.0 121000514
cell 12 2.65 -2.79798096 0.1 0.09817477 302.0 2032.0 4208.0 4262.0 121000515
cell 12 2.65 -2.69980619 0.1 0.09817477 302.0 2032.0 4208.0 4262.0 121000516
cell 12 2.65 -2.60163142 0.1 0.09817477 302.0 2032.0 4208.0 4262.0 121000517
cell 12 2.65 -2.50345665 0.1 0.09817477 302.0 2032.0 4208.0 4262.0 121000518
cell 12 2.65 -2.40528188 0.1 0.09817477 302.0 2032.0 4208.0 4262.0 121000519
cell 12 2.65 -2.3071071 0.1 0.09817477 302.0 2032.0 4208.0 4262.0 121000520
cell 12 2.65 -2.20893233 0.1 0.09817477 302.0 2032.0 4208.0 4262.0 121000521
cell 12 2.65 -2.11075756 0.1 0.09817477 302.0 2032.0 4208.0 4262.0 121000522
cell 12 2.65 -2.01258279 0.1 0.09817477 302.0 2032.0 4208.0 4262.0 121000523
cell 12 2.65 -1.91440802 0.1 0.09817477 302.0 2032.0 4208.0 4262.0 121000524
cell 12 2.65 -1.81623325 0.1 0.09817477 302.0 2032.0 4208.0 4262.0 121000525
cell 12 2.65 -1.71805848 0.1 0.09817477 302.0 2032.0 4208.0 4262.0 121000526
cell 12 2.65 -1.61988371 0.1 0.09817477 302.0 2032.0 4208.0 4262.0 121000527
cell 12 2.65 -1.52170894 0.1 0.09817477 302.0 2032.0 4208.0 4262.0 121000528
cell 12 2.65 -1.42353417 0.1 0.09817477 302.0 2032.0 4208.0 4262.0 121000529
cell 12 2.65 -1.3253594 0.1 0.09817477 302.0 2032.0 4208.0 4262.0 121000530
cell 12 2.65 -1.22718463 0.1 0.09817477 302.0 2032.0 4208.0 4262.0 121000531
cell 12 2.65 -1.12900986 0.1 0.09817477 302.0 2032.0 4208.0 4262.0 121000532
cell 12 2.65 -1.03083509 0.1 0.09817477 302.0 2032.0 4208.0 4262.0 121000533
cell 12 2.65 -0.93266032 0.1 0.09817477 302.0 2032.0 4208.0 4262.0 121000534
cell 12 2.65 -0.83448555 0.1 0.09817477 302.0 2032.0 4208.0 4262.0 121000535
cell 12 2.65 -0.73631078 0.1 0.09817477 302.0 2032.0 4208.0 4262.0 121000536
cell 12 2.65 -0.63813601 0.1 0.09817477 302.0 2032.0 4208.0 4262.0 121000537
cell 12 2.65 -0.53996124 0.1 0.09817477 302.0 2032.0 4208.0 4262.0 121000538
cell 12 2.65 -0.44178647 0.1 0.09817477 302.0 2032.0 4208.0 4262.0 121000539
cell 12 2.65 -0.3436117 0.1 0.09817477 302.0 2032.0 4208.0 4262.0 121000540
cell 12 2.65 -0.24543693 0.1 0.09817477 302.0 2032.0 4208.0 4262.0 121000541
cell 12 2.65 -0.14726216 0.1 0.09817477 302.0 2032.0 4208.0 4262.0 121000542
cell 12 2.65 -0.04908739 0.1 0.09817477 302.0 2032.0 4208.0 4262.0 121000543
cell 12 2.65 0.04908739 0.1 0.09817477 302.0 2032.0 4208.0 4262.0 121000544
cell 12 2.65 0.14726216 0.1 0.09817477 302.0 2032.0 4208.0 4262.0 121000545
cell 12 2.65 0.24543693 0.1 0.09817477 302.0 2032.0 4208.0 4262.0 121000546
cell 12 2.65 0.3436117 0.1 0.09817477 302.0 2032.0 4208.0 4262.0 121000547
cell 12 2.65 0.44178647 0.1 0.09817477 302.0 2032.0 4208.0 4262.0 121000548
cell 12 2.65 0.53996124 0.1 0.09817477 302.0 2032.0 4208.0 4262.0 121000549
cell 12 2.65 0.63813601 0.1 0.09817477 302.0 2032.0 4208.0 4262.0 121000550
cell 12 2.65 0.73631078 0.1 0.09817477 302.0 2032.0 4208.0 4262.0 121000551
cell 12 2.65 0.83448555 0.1 0.09817477 302.0 2032.0 4208.0 4262.0 121000552
cell 12 2.65 0.93266032 0.1 0.09817477 302.0 2032.0 4208.0 4262.0 121000553
cell 12 2.65 1.03083509 0.1 0.09817477 302.0 2032.0 4208.0 4262.0 121000554
cell 12 2.65 1.12900986 0.1 0.09817477 302.0 2032.0 4208.0 4262.0 121000555
cell 12 2.65 1.22718463 0.1 0.09817477 302.0 2032.0 4208.0 4262.0 121000556
cell 12 2.65 1.3253594 0.1 0.09817477 302.0 2032.0 4208.0 4262.0 121000557
cell 12 2.65 1.42353417 0.1 0.09817477 302.0 2032.0 4208.0 4262.0 121000558
cell 12 2.65 1.52170894 0.1 0.09817477 302.0 2032.0 4208.0 4262.0 121000559
cell 12 2.65 1.61988371 0.1 0.09817477 302.0 2032.0 4208.0 4262.0 121000560
cell 12 2.65 1.71805848 0.1 0.09817477 302.0 2032.0 4208.0 4262.0 121000561
cell 12 2.65 1.81623325 0.1 0.09817477 302.0 2032.0 4208.0 4262.0 121000562
cell 12 2.65 1.91440802 0.1 0.09817477 302.0 2032.0 4208.0 4262.0 121000563
cell 12 2.65 2.01258279 0.1 0.09817477 302.0 2032.0 4208.0 4262.0 121000564
cell 12 2.65 2.11075756 0.1 0.09817477 302.0 2032.0 4208.0 4262.0 121000565
cell 12 2.65 2.20893233 0.1 0.09817477 302.0 2032.0 4208.0 4262.0 121000566
cell 12 2.65 2.3071071 0.1 0.09817477 302.0 2032.0 4208.0 4262.0 121000567
cell 12 2.65 2.40528188 0.1 0.09817477 302.0 2032.0 4208.0 4262.0 121000568
cell 12 2.65 2.50345665 0.1 0.09817477 302.0 2032.0 4208.0 4262.0 121000569
cell 12 2.65 2.60163142 0.1 0.09817477 302.0 2032.0 4208.0 4262.0 121000570
cell 12 2.65 2.69980619 0.1 0.09817477 302.0 2032.0 4208.0 4262.0 121000571
cell 12 2.65 2.79798096 0.1 0.09817477 302.0 2032.0 4208.0 4262.0 121000572
cell 12 2.65 2.89615573 0.1 0.09817477 302.0 2032.0 4208.0 4262.0 121000573
cell 12 2.65 2.9943305 0.1 0.09817477 302.0 2032.0 4208.0 4262.0 121000574
cell 12 2.65 3.09250527 0.1 0.09817477 302.0 2032.0 4208.0 4262.0 121000575
cell 12 2.75 -3.09250527 0.1 0.09817477 302.0 2032.0 4208.0 4262.0 121000576
cell 12 2.75 -2.9943305 0.1 0.09817477 302.0 2032.0 4208.0 4262.0 121000577
cell 12 2.75 -2.89615573 0.1 0.09817477 302.0 2032.0 4208.0 4262.0 121000578
cell 12 2.75 -2.79798096 0.1 0.09817477 302.0 2032.0 4208.0 4262.0 121000579
cell 12 2.75 -2.69980619 0.1 0.09817477 302.0 2032.0 4208.0 4262.0 121000580
cell 12 2.75 -2.60163142 0.1 0.09817477 302.0 2032.0 4208.0 4262.0 121000581
cell 12 2.75 -2.50345665 0.1 0.09817477 302.0 2032.0 4208.0 4262.0 121000582
cell 12 2.75 -2.40528188 0.1 0.09817477 302.0 2032.0 4208.0 4262.0 121000583
cell 12 2.75 -2.3071071 0.1 0.09817477 302.0 2032.0 4208.0 4262.0 121000584
cell 12 2.75 -2.20893233 0.1 0.09817477 302.0 2032.0 4208.0 4262.0 121000585
cell 12 2.75 -2.11075756 0.1 0.09817477 302.0 2032.0 4208.0 4262.0 121000586
cell 12 2.75 -2.01258279 0.1 0.09817477 302.0 2032.0 4208.0 4262.0 121000587
cell 12 2.75 -1.91440802 0.1 0.09817477 302.0 2032.0 4208.0 4262.0 121000588
cell 12 2.75 -1.81623325 0.1 0.09817477 302.0 2032.0 4208.0 4262.0 121000589
cell 12 2.75 -1.71805848 0.1 0.09817477 302.0 2032.0 4208.0 4262.0 121000590
cell 12 2.75 -1.61988371 0.1 0.09817477 302.0 2032.0 4208.0 4262.0 121000591
cell 12 2.75 -1.52170894 0.1 0.09817477 302.0 2032.0 4208.0 4262.0 121000592
cell 12 2.75 -1.42353417 0.1 0.09817477 302.0 2032.0 4208.0 4262.0 121000593
cell 12 2.75 -1.3253594 0.1 0.09817477 302.0 2032.0 4208.0 4262.0 121000594
cell 12 2.75 -1.22718463 0.1 0.09817477 302.0 2032.0 4208.0 4262.0 121000595
cell 12 2.75 -1.12900986 0.1 0.09817477 302.0 2032.0 4208.0 4262.0 121000596
cell 12 2.75 -1.03083509 0.1 0.09817477 302.0 2032.0 4208.0 4262.0 121000597
cell 12 2.75 -0.93266032 0.1 0.09817477 302.0 2032.0 4208.0 4262.0 121000598
cell 12 2.75 -0.83448555 0.1 0.09817477 302.0 2032.0 4208.0 4262.0 121000599
cell 12 2.75 -0.73631078 0.1 0.09817477 302.0 2032.0 4208.0 4262.0 121000600
cell 12 2.75 -0.63813601 0.1 0.09817477 302.0 2032.0 4208.0 4262.0 121000601
cell 12 2.75 -0.53996124 0.1 0.09817477 302.0 2032.0 4208.0 4262.0 121000602
cell 12 2.75 -0.44178647 0.1 0.09817477 302.0 2032.0 4208.0 4262.0 121000603
cell 12 2.75 -0.3436117 0.1 0.09817477 302.0 2032.0 4208.0 4262.0 121000604
cell 12 2.75 -0.24543693 0.1 0.09817477 302.0 2032.0 4208.0 4262.0 121000605
cell 12 2.75 -0.14726216 0.1 0.09817477 302.0 2032.0 4208.0 4262.0 121000606
cell 12 2.75 -0.04908739 0.1 0.09817477 302.0 2032.0 4208.0 4262.0 121000607
cell 12 2.75 0.04908739 0.1 0.09817477 302.0 2032.0 4208.0 4262.0 121000608
cell 12 2.75 0.14726216 0.1 0.09817477 302.0 2032.0 4208.0 4262.0 121000609
cell 12 2.75 0.24543693 0.1 0.09817477 302.0 2032.0 4208.0 4262.0 121000610
cell 12 2.75 0.3436117 0.1 0.09817477 302.0 2032.0 4208.0 4262.0 121000611
cell 12 2.75 0.44178647 0.1 0.09817477 302.0 2032.0 4208.0 4262.0 121000612
cell 12 2.75 0.53996124 0.1 0.09817477 302.0 2032.0 4208.0 4262.0 121000613
cell 12 2.75 0.63813601 0.1 0.09817477 302.0 2032.0 4208.0 4262.0 121000614
cell 12 2.75 0.73631078 0.1 0.09817477 302.0 2032.0 4208.0 4262.0 121000615
cell 12 2.75 0.83448555 0.1 0.09817477 302.0 2032.0 4208.0 4262.0 121000616
cell 12 2.75 0.93266032 0.1 0.09817477 302.0 2032.0 4208.0 4262.0 121000617
cell 12 2.75 1.03083509 0.1 0.09817477 302.0 2032.0 4208.0 4262.0 121000618
cell 12 2.75 1.12900986 0.1 0.09817477 302.0 2032.0 4208.0 4262.0 121000619
cell 12 2.75 1.22718463 0.1 0.09817477 302.0 2032.0 4208.0 4262.0 121000620
cell 12 2.75 1.3253594 0.1 0.09817477 302.0 2032.0 4208.0 4262.0 121000621
cell 12 2.75 1.42353417 0.1 0.09817477 302.0 2032.0 4208.0 4262.0 121000622
cell 12 2.75 1.52170894 0.1 0.09817477 302.0 2032.0 4208.0 4262.0 121000623
cell 12 2.75 1.61988371 0.1 0.09817477 302.0 2032.0 4208.0 4262.0 121000624
cell 12 2.75 1.71805848 0.1 0.09817477 302.0 2032.0 4208.0 4262.0 121000625
cell 12 2.75 1.81623325 0.1 0.09817477 302.0 2032.0 4208.0 4262.0 121000626
cell 12 2.75 1.91440802 0.1 0.09817477 302.0 2032.0 4208.0 4262.0 121000627
cell 12 2.75 2.01258279 0.1 0.09817477 302.0 2032.0 4208.0 4262.0 121000628
cell 12 2.75 2.11075756 0.1 0.09817477 302.0 2032.0 4208.0 4262.0 121000629
cell 12 2.75 2.20893233 0.1 0.09817477 302.0 2032.0 4208.0 4262.0 121000630
cell 12 2.75 2.3071071 0.1 0.09817477 302.0 2032.0 4208.0 4262.0 121000631
cell 12 2.75 2.40528188 0.1 0.09817477 302.0 2032.0 4208.0 4262.0 121000632
cell 12 2.75 2.50345665 0.1 0.09817477 302.0 2032.0 4208.0 4262.0 121000633
cell 12 2.75 2.60163142 0.1 0.09817477 302.0 2032.0 4208.0 4262.0 121000634
cell 12 2.75 2.69980619 0.1 0.09817477 302.0 2032.0 4208.0 4262.0 121000635
cell 12 2.75 2.79798096 0.1 0.09817477 302.0 2032.0 4208.0 4262.0 121000636
cell 12 2.75 2.89615573 0.1 0.09817477 302.0 2032.0 4208.0 4262.0 121000637
cell 12 2.75 2.9943305 0.1 0.09817477 302.0 2032.0 4208.0 4262.0 121000638
cell 12 2.75 3.09250527 0.1 0.09817477 302.0 2032.0 4208.0 4262.0 121000639
cell 12 2.85 -3.09250527 0.1 0.09817477 302.0 2032.0 4208.0 4262.0 121000640
cell 12 2.85 -2.9943305 0.1 0.09817477 302.0 2032.0 4208.0 4262.0 121000641
cell 12 2.85 -2.89615573 0.1 0.09817477 302.0 2032.0 4208.0 4262.0 121000642
cell 12 2.85 -2.79798096 0.1 0.09817477 302.0 2032.0 4208.0 4262.0 121000643
cell 12 2.85 -2.69980619 0.1 0.09817477 302.0 2032.0 4208.0 4262.0 121000644
cell 12 2.85 -2.60163142 0.1 0.09817477 302.0 2032.0 4208.0 4262.0 121000645
cell 12 2.85 -2.50345665 0.1 0.09817477 302.0 2032.0 4208.0 4262.0 121000646
cell 12 2.85 -2.40528188 0.1 0.09817477 302.0 2032.0 4208.0 4262.0 121000647
cell 12 2.85 -2.3071071 0.1 0.09817477 302.0 2032.0 4208.0 4262.0 121000648
cell 12 2.85 -2.20893233 0.1 0.09817477 302.0 2032.0 4208.0 4262.0 121000649
cell 12 2.85 -2.11075756 0.1 0.09817477 302.0 2032.0 4208.0 4262.0 121000650
cell 12 2.85 -2.01258279 0.1 0.09817477 302.0 2032.0 4208.0 4262.0 121000651
cell 12 2.85 -1.91440802 0.1 0.09817477 302.0 2032.0 4208.0 4262.0 121000652
cell 12 2.85 -1.81623325 0.1 0.09817477 302.0 2032.0 4208.0 4262.0 121000653
cell 12 2.85 -1.71805848 0.1 0.09817477 302.0 2032.0 4208.0 4262.0 121000654
cell 12 2.85 -1.61988371 0.1 0.09817477 302.0 2032.0 4208.0 4262.0 121000655
cell 12 2.85 -1.52170894 0.1 0.09817477 302.0 2032.0 4208.0 4262.0 121000656
cell 12 2.85 -1.42353417 0.1 0.09817477 302.0 2032.0 4208.0 4262.0 121000657
cell 12 2.85 -1.3253594 0.1 0.09817477 302.0 2032.0 4208.0 4262.0 121000658
cell 12 2.85 -1.22718463 0.1 0.09817477 302.0 2032.0 4208.0 4262.0 121000659
cell 12 2.85 -1.12900986 0.1 0.09817477 302.0 2032.0 4208.0 4262.0 121000660
cell 12 2.85 -1.03083509 0.1 0.09817477 302.0 2032.0 4208.0 4262.0 121000661
cell 12 2.85 -0.93266032 0.1 0.09817477 302.0 2032.0 4208.0 4262.0 121000662
cell 12 2.85 -0.83448555 0.1 0.09817477 302.0 2032.0 4208.0 4262.0 121000663
cell 12 2.85 -0.73631078 0.1 0.09817477 302.0 2032.0 4208.0 4262.0 121000664
cell 12 2.85 -0.63813601 0.1 0.09817477 302.0 2032.0 4208.0 4262.0 121000665
cell 12 2.85 -0.53996124 0.1 0.09817477 302.0 2032.0 4208.0 4262.0 121000666
cell 12 2.85 -0.44178647 0.1 0.09817477 302.0 2032.0 4208.0 4262.0 121000667
cell 12 2.85 -0.3436117 0.1 0.09817477 302.0 2032.0 4208.0 4262.0 121000668
cell 12 2.85 -0.24543693 0.1 0.09817477 302.0 2032.0 4208.0 4262.0 121000669
cell 12 2.85 -0.14726216 0.1 0.09817477 302.0 2032.0 4208.0 4262.0 121000670
cell 12 2.85 -0.04908739 0.1 0.09817477 302.0 2032.0 4208.0 4262.0 121000671
cell 12 2.85 0.04908739 0.1 0.09817477 302.0 2032.0 4208.0 4262.0 121000672
cell 12 2.85 0.14726216 0.1 0.09817477 302.0 2032.0 4208.0 4262.0 121000673
cell 12 2.85 0.24543693 0.1 0.09817477 302.0 2032.0 4208.0 4262.0 121000674
cell 12 2.85 0.3436117 0.1 0.09817477 302.0 2032.0 4208.0 4262.0 121000675
cell 12 2.85 0.44178647 0.1 0.09817477 302.0 2032.0 4208.0 4262.0 121000676
cell 12 2.85 0.53996124 0.1 0.09817477 302.0 2032.0 4208.0 4262.0 121000677
cell 12 2.85 0.63813601 0.1 0.09817477 302.0 2032.0 4208.0 4262.0 121000678
cell 12 2.85 0.73631078 0.1 0.09817477 302.0 2032.0 4208.0 4262.0 121000679
cell 12 2.85 0.83448555 0.1 0.09817477 302.0 2032.0 4208.0 4262.0 121000680
cell 12 2.85 0.93266032 0.1 0.09817477 302.0 2032.0 4208.0 4262.0 121000681
cell 12 2.85 1.03083509 0.1 0.09817477 302.0 2032.0 4208.0 4262.0 121000682
cell 12 2.85 1.12900986 0.1 0.09817477 302.0 2032.0 4208.0 4262.0 121000683
cell 12 2.85 1.22718463 0.1 0.09817477 302.0 2032.0 4208.0 4262.0 121000684
cell 12 2.85 1.3253594 0.1 0.09817477 302.0 2032.0 4208.0 4262.0 121000685
cell 12 2.85 1.42353417 0.1 0.09817477 302.0 2032.0 4208.0 4262.0 121000686
cell 12 2.85 1.52170894 0.1 0.09817477 302.0 2032.0 4208.0 4262.0 121000687
cell 12 2.85 1.61988371 0.1 0.09817477 302.0 2032.0 4208.0 4262.0 121000688
cell 12 2.85 1.71805848 0.1 0.09817477 302.0 2032.0 4208.0 4262.0 121000689
cell 12 2.85 1.81623325 0.1 0.09817477 302.0 2032.0 4208.0 4262.0 121000690
cell 12 2.85 1.91440802 0.1 0.09817477 302.0 2032.0 4208.0 4262.0 121000691
cell 12 2.85 2.01258279 0.1 0.09817477 302.0 2032.0 4208.0 4262.0 121000692
cell 12 2.85 2.11075756 0.1 0.09817477 302.0 2032.0 4208.0 4262.0 121000693
cell 12 2.85 2.20893233 0.1 0.09817477 302.0 2032.0 4208.0 4262.0 121000694
cell 12 2.85 2.3071071 0.1 0.09817477 302.0 2032.0 4208.0 4262.0 121000695
cell 12 2.85 2.40528188 0.1 0.09817477 302.0 2032.0 4208.0 4262.0 121000696
cell 12 2.85 2.50345665 0.1 0.09817477 302.0 2032.0 4208.0 4262.0 121000697
cell 12 2.85 2.60163142 0.1 0.09817477 302.0 2032.0 4208.0 4262.0 121000698
cell 12 2.85 2.69980619 0.1 0.09817477 302.0 2032.0 4208.0 4262.0 121000699
cell 12 2.85 2.79798096 0.1 0.09817477 302.0 2032.0 4208.0 4262.0 121000700
cell 12 2.85 2.89615573 0.1 0.09817477 302.0 2032.0 4208.0 4262.0 121000701
cell 12 2.85 2.9943305 0.1 0.09817477 302.0 2032.0 4208.0 4262.0 121000702
cell 12 2.85 3.09250527 0.1 0.09817477 302.0 2032.0 4208.0 4262.0 121000703
cell 12 2.95 -3.09250527 0.1 0.09817477 302.0 2032.0 4208.0 4262.0 121000704
cell 12 2.95 -2.9943305 0.1 0.09817477 302.0 2032.0 4208.0 4262.0 121000705
cell 12 2.95 -2.89615573 0.1 0.09817477 302.0 2032.0 4208.0 4262.0 121000706
cell 12 2.95 -2.79798096 0.1 0.09817477 302.0 2032.0 4208.0 4262.0 121000707
cell 12 2.95 -2.69980619 0.1 0.09817477 302.0 2032.0 4208.0 4262.0 121000708
cell 12 2.95 -2.60163142 0.1 0.09817477 302.0 2032.0 4208.0 4262.0 121000709
cell 12 2.95 -2.50345665 0.1 0.09817477 302.0 2032.0 4208.0 4262.0 121000710
cell 12 2.95 -2.40528188 0.1 0.09817477 302.0 2032.0 4208.0 4262.0 121000711
cell 12 2.95 -2.3071071 0.1 0.09817477 302.0 2032.0 4208.0 4262.0 121000712
cell 12 2.95 -2.20893233 0.1 0.09817477 302.0 2032.0 4208.0 4262.0 121000713
cell 12 2.95 -2.11075756 0.1 0.09817477 302.0 2032.0 4208.0 4262.0 121000714
cell 12 2.95 -2.01258279 0.1 0.09817477 302.0 2032.0 4208.0 4262.0 121000715
cell 12 2.95 -1.91440802 0.1 0.09817477 302.0 2032.0 4208.0 4262.0 121000716
cell 12 2.95 -1.81623325 0.1 0.09817477 302.0 2032.0 4208.0 4262.0 121000717
cell 12 2.95 -1.71805848 0.1 0.09817477 302.0 2032.0 4208.0 4262.0 121000718
cell 12 2.95 -1.61988371 0.1 0.09817477 302.0 2032.0 4208.0 4262.0 121000719
cell 12 2.95 -1.52170894 0.1 0.09817477 302.0 2032.0 4208.0 4262.0 121000720
cell 12 2.95 -1.42353417 0.1 0.09817477 302.0 2032.0 4208.0 4262.0 121000721
cell 12 2.95 -1.3253594 0.1 0.09817477 302.0 2032.0 4208.0 4262.0 121000722
cell 12 2.95 -1.22718463 0.1 0.09817477 302.0 2032.0 4208.0 4262.0 121000723
cell 12 2.95 -1.12900986 0.1 0.09817477 302.0 2032.0 4208.0 4262.0 121000724
cell 12 2.95 -1.03083509 0.1 0.09817477 302.0 2032.0 4208.0 4262.0 121000725
cell 12 2.95 -0.93266032 0.1 0.09817477 302.0 2032.0 4208.0 4262.0 121000726
cell 12 2.95 -0.83448555 0.1 0.09817477 302.0 2032.0 4208.0 4262.0 121000727
cell 12 2.95 -0.73631078 0.1 0.09817477 302.0 2032.0 4208.0 4262.0 121000728
cell 12 2.95 -0.63813601 0.1 0.09817477 302.0 2032.0 4208.0 4262.0 121000729
cell 12 2.95 -0.53996124 0.1 0.09817477 302.0 2032.0 4208.0 4262.0 121000730
cell 12 2.95 -0.44178647 0.1 0.09817477 302.0 2032.0 4208.0 4262.0 121000731
cell 12 2.95 -0.3436117 0.1 0.09817477 302.0 2032.0 4208.0 4262.0 121000732
cell 12 2.95 -0.24543693 0.1 0.09817477 302.0 2032.0 4208.0 4262.0 121000733
cell 12 2.95 -0.14726216 0.1 0.09817477 302.0 2032.0 4208.0 4262.0 121000734
cell 12 2.95 -0.04908739 0.1 0.09817477 302.0 2032.0 4208.0 4262.0 121000735
cell 12 2.95 0.04908739 0.1 0.09817477 302.0 2032.0 4208.0 4262.0 121000736
cell 12 2.95 0.14726216 0.1 0.09817477 302.0 2032.0 4208.0 4262.0 121000737
cell 12 2.95 0.24543693 0.1 0.09817477 302.0 2032.0 4208.0 4262.0 121000738
cell 12 2.95 0.3436117 0.1 0.09817477 302.0 2032.0 4208.0 4262.0 121000739
cell 12 2.95 0.44178647 0.1 0.09817477 302.0 2032.0 4208.0 4262.0 121000740
cell 12 2.95 0.53996124 0.1 0.09817477 302.0 2032.0 4208.0 4262.0 121000741
cell 12 2.95 0.63813601 0.1 0.09817477 302.0 2032.0 4208.0 4262.0 121000742
cell 12 2.95 0.73631078 0.1 0.09817477 302.0 2032.0 4208.0 4262.0 121000743
cell 12 2.95 0.83448555 0.1 0.09817477 302.0 2032.0 4208.0 4262.0 121000744
cell 12 2.95 0.93266032 0.1 0.09817477 302.0 2032.0 4208.0 4262.0 121000745
cell 12 2.95 1.03083509 0.1 0.09817477 302.0 2032.0 4208.0 4262.0 121000746
cell 12 2.95 1.12900986 0.1 0.09817477 302.0 2032.0 4208.0 4262.0 121000747
cell 12 2.95 1.22718463 0.1 0.09817477 302.0 2032.0 4208.0 4262.0 121000748
cell 12 2.95 1.3253594 0.1 0.09817477 302.0 2032.0 4208.0 4262.0 121000749
cell 12 2.95 1.42353417 0.1 0.09817477 302.0 2032.0 4208.0 4262.0 121000750
cell 12 2.95 1.52170894 0.1 0.09817477 302.0 2032.0 4208.0 4262.0 121000751
cell 12 2.95 1.61988371 0.1 0.09817477 302.0 2032.0 4208.0 4262.0 121000752
cell 12 2.95 1.71805848 0.1 0.09817477 302.0 2032.0 4208.0 4262.0 121000753
cell 12 2.95 1.81623325 0.1 0.09817477 302.0 2032.0 4208.0 4262.0 121000754
cell 12 2.95 1.91440802 0.1 0.09817477 302.0 2032.0 4208.0 4262.0 121000755
cell 12 2.95 2.01258279 0.1 0.09817477 302.0 2032.0 4208.0 4262.0 121000756
cell 12 2.95 2.11075756 0.1 0.09817477 302.0 2032.0 4208.0 4262.0 121000757
cell 12 2.95 2.20893233 0.1 0.09817477 302.0 2032.0 4208.0 4262.0 121000758
cell 12 2.95 2.3071071 0.1 0.09817477 302.0 2032.0 4208.0 4262.0 121000759
cell 12 2.95 2.40528188 0.1 0.09817477 302.0 2032.0 4208.0 4262.0 121000760
cell 12 2.95 2.50345665 0.1 0.09817477 302.0 2032.0 4208.0 4262.0 121000761
cell 12 2.95 2.60163142 0.1 0.09817477 302.0 2032.0 4208.0 4262.0 121000762
cell 12 2.95 2.69980619 0.1 0.09817477 302.0 2032.0 4208.0 4262.0 121000763
cell 12 2.95 2.79798096 0.1 0.09817477 302.0 2032.0 4208.0 4262.0 121000764
cell 12 2.95 2.89615573 0.1 0.09817477 302.0 2032.0 4208.0 4262.0 121000765
cell 12 2.95 2.9943305 0.1 0.09817477 302.0 2032.0 4208.0 4262.0 121000766
cell 12 2.95 3.09250527 0.1 0.09817477 302.0 2032.0 4208.0 4262.0 121000767
cell 12 3.05 -3.09250527 0.1 0.09817477 302.0 2032.0 4208.0 4262.0 121000768
cell 12 3.05 -2.9943305 0.1 0.09817477 302.0 2032.0 4208.0 4262.0 121000769
cell 12 3.05 -2.89615573 0.1 0.09817477 302.0 2032.0 4208.0 4262.0 121000770
cell 12 3.05 -2.79798096 0.1 0.09817477 302.0 2032.0 4208.0 4262.0 121000771
cell 12 3.05 -2.69980619 0.1 0.09817477 302.0 2032.0 4208.0 4262.0 121000772
cell 12 3.05 -2.60163142 0.1 0.09817477 302.0 2032.0 4208.0 4262.0 121000773
cell 12 3.05 -2.50345665 0.1 0.09817477 302.0 2032.0 4208.0 4262.0 121000774
cell 12 3.05 -2.40528188 0.1 0.09817477 302.0 2032.0 4208.0 4262.0 121000775
cell 12 3.05 -2.3071071 0.1 0.09817477 302.0 2032.0 4208.0 4262.0 121000776
cell 12 3.05 -2.20893233 0.1 0.09817477 302.0 2032.0 4208.0 4262.0 121000777
cell 12 3.05 -2.11075756 0.1 0.09817477 302.0 2032.0 4208.0 4262.0 121000778
cell 12 3.05 -2.01258279 0.1 0.09817477 302.0 2032.0 4208.0 4262.0 121000779
cell 12 3.05 -1.91440802 0.1 0.09817477 302.0 2032.0 4208.0 4262.0 121000780
cell 12 3.05 -1.81623325 0.1 0.09817477 302.0 2032.0 4208.0 4262.0 121000781
cell 12 3.05 -1.71805848 0.1 0.09817477 302.0 2032.0 4208.0 4262.0 121000782
cell 12 3.05 -1.61988371 0.1 0.09817477 302.0 2032.0 4208.0 4262.0 121000783
cell 12 3.05 -1.52170894 0.1 0.09817477 302.0 2032.0 4208.0 4262.0 121000784
cell 12 3.05 -1.42353417 0.1 0.09817477 302.0 2032.0 4208.0 4262.0 121000785
cell 12 3.05 -1.3253594 0.1 0.09817477 302.0 2032.0 4208.0 4262.0 121000786
cell 12 3.05 -1.22718463 0.1 0.09817477 302.0 2032.0 4208.0 4262.0 121000787
cell 12 3.05 -1.12900986 0.1 0.09817477 302.0 2032.0 4208.0 4262.0 121000788
cell 12 3.05 -1.03083509 0.1 0.09817477 302.0 2032.0 4208.0 4262.0 121000789
cell 12 3.05 -0.93266032 0.1 0.09817477 302.0 2032.0 4208.0 4262.0 121000790
cell 12 3.05 -0.83448555 0.1 0.09817477 302.0 2032.0 4208.0 4262.0 121000791
cell 12 3.05 -0.73631078 0.1 0.09817477 302.0 2032.0 4208.0 4262.0 121000792
cell 12 3.05 -0.63813601 0.1 0.09817477 302.0 2032.0 4208.0 4262.0 121000793
cell 12 3.05 -0.53996124 0.1 0.09817477 302.0 2032.0 4208.0 4262.0 121000794
cell 12 3.05 -0.44178647 0.1 0.09817477 302.0 2032.0 4208.0 4262.0 121000795
cell 12 3.05 -0.3436117 0.1 0.09817477 302.0 2032.0 4208.0 4262.0 121000796
cell 12 3.05 -0.24543693 0.1 0.09817477 302.0 2032.0 4208.0 4262.0 121000797
cell 12 3.05 -0.14726216 0.1 0.09817477 302.0 2032.0 4208.0 4262.0 121000798
cell 12 3.05 -0.04908739 0.1 0.09817477 302.0 2032.0 4208.0 4262.0 121000799
cell 12 3.05 0.04908739 0.1 0.09817477 302.0 2032.0 4208.0 4262.0 121000800
cell 12 3.05 0.14726216 0.1 0.09817477 302.0 2032.0 4208.0 4262.0 121000801
cell 12 3.05 0.24543693 0.1 0.09817477 302.0 2032.0 4208.0 4262.0 121000802
cell 12 3.05 0.3436117 0.1 0.09817477 302.0 2032.0 4208.0 4262.0 121000803
cell 12 3.05 0.44178647 0.1 0.09817477 302.0 2032.0 4208.0 4262.0 121000804
cell 12 3.05 0.53996124 0.1 0.09817477 302.0 2032.0 4208.0 4262.0 121000805
cell 12 3.05 0.63813601 0.1 0.09817477 302.0 2032.0 4208.0 4262.0 121000806
cell 12 3.05 0.73631078 0.1 0.09817477 302.0 2032.0 4208.0 4262.0 121000807
cell 12 3.05 0.83448555 0.1 0.09817477 302.0 2032.0 4208.0 4262.0 121000808
cell 12 3.05 0.93266032 0.1 0.09817477 302.0 2032.0 4208.0 4262.0 121000809
cell 12 3.05 1.03083509 0.1 0.09817477 302.0 2032.0 4208.0 4262.0 121000810
cell 12 3.05 1.12900986 0.1 0.09817477 302.0 2032.0 4208.0 4262.0 121000811
cell 12 3.05 1.22718463 0.1 0.09817477 302.0 2032.0 4208.0 4262.0 121000812
cell 12 3.05 1.3253594 0.1 0.09817477 302.0 2032.0 4208.0 4262.0 121000813
cell 12 3.05 1.42353417 0.1 0.09817477 302.0 2032.0 4208.0 4262.0 121000814
cell 12 3.05 1.52170894 0.1 0.09817477 302.0 2032.0 4208.0 4262.0 121000815
cell 12 3.05 1.61988371 0.1 0.09817477 302.0 2032.0 4208.0 4262.0 121000816
cell 12 3.05 1.71805848 0.1 0.09817477 302.0 2032.0 4208.0 4262.0 121000817
cell 12 3.05 1.81623325 0.1 0.09817477 302.0 2032.0 4208.0 4262.0 121000818
cell 12 3.05 1.91440802 0.1 0.09817477 302.0 2032.0 4208.0 4262.0 121000819
cell 12 3.05 2.01258279 0.1 0.09817477 302.0 2032.0 4208.0 4262.0 121000820
cell 12 3.05 2.11075756 0.1 0.09817477 302.0 2032.0 4208.0 4262.0 121000821
cell 12 3.05 2.20893233 0.1 0.09817477 302.0 2032.0 4208.0 4262.0 121000822
cell 12 3.05 2.3071071 0.1 0.09817477 302.0 2032.0 4208.0 4262.0 121000823
cell 12 3.05 2.40528188 0.1 0.09817477 302.0 2032.0 4208.0 4262.0 121000824
cell 12 3.05 2.50345665 0.1 0.09817477 302.0 2032.0 4208.0 4262.0 121000825
cell 12 3.05 2.60163142 0.1 0.09817477 302.0 2032.0 4208.0 4262.0 121000826
cell 12 3.05 2.69980619 0.1 0.09817477 302.0 2032.0 4208.0 4262.0 121000827
cell 12 3.05 2.79798096 0.1 0.09817477 302.0 2032.0 4208.0 4262.0 121000828
cell 12 3.05 2.89615573 0.1 0.09817477 302.0 2032.0 4208.0 4262.0 121000829
cell 12 3.05 2.9943305 0.1 0.09817477 302.0 2032.0 4208.0 4262.0 121000830
cell 12 3.05 3.09250527 0.1 0.09817477 302.0 2032.0 4208.0 4262.0 121000831
cell 12 3.15 -3.09250527 0.1 0.09817477 302.0 2032.0 4208.0 4262.0 121000832
cell 12 3.15 -2.9943305 0.1 0.09817477 302.0 2032.0 4208.0 4262.0 121000833
cell 12 3.15 -2.89615573 0.1 0.09817477 302.0 2032.0 4208.0 4262.0 121000834
cell 12 3.15 -2.79798096 0.1 0.09817477 302.0 2032.0 4208.0 4262.0 121000835
cell 12 3.15 -2.69980619 0.1 0.09817477 302.0 2032.0 4208.0 4262.0 121000836
cell 12 3.15 -2.60163142 0.1 0.09817477 302.0 2032.0 4208.0 4262.0 121000837
cell 12 3.15 -2.50345665 0.1 0.09817477 302.0 2032.0 4208.0 4262.0 121000838
cell 12 3.15 -2.40528188 0.1 0.09817477 302.0 2032.0 4208.0 4262.0 121000839
cell 12 3.15 -2.3071071 0.1 0.09817477 302.0 2032.0 4208.0 4262.0 121000840
cell 12 3.15 -2.20893233 0.1 0.09817477 302.0 2032.0 4208.0 4262.0 121000841
cell 12 3.15 -2.11075756 0.1 0.09817477 302.0 2032.0 4208.0 4262.0 121000842
cell 12 3.15 -2.01258279 0.1 0.09817477 302.0 2032.0 4208.0 4262.0 121000843
cell 12 3.15 -1.91440802 0.1 0.09817477 302.0 2032.0 4208.0 4262.0 121000844
cell 12 3.15 -1.81623325 0.1 0.09817477 302.0 2032.0 4208.0 4262.0 121000845
cell 12 3.15 -1.71805848 0.1 0.09817477 302.0 2032.0 4208.0 4262.0 121000846
cell 12 3.15 -1.61988371 0.1 0.09817477 302.0 2032.0 4208.0 4262.0 121000847
cell 12 3.15 -1.52170894 0.1 0.09817477 302.0 2032.0 4208.0 4262.0 121000848
cell 12 3.15 -1.42353417 0.1 0.09817477 302.0 2032.0 4208.0 4262.0 121000849
cell 12 3.15 -1.3253594 0.1 0.09817477 302.0 2032.0 4208.0 4262.0 121000850
cell 12 3.15 -1.22718463 0.1 0.09817477 302.0 2032.0 4208.0 4262.0 121000851
cell 12 3.15 -1.12900986 0.1 0.09817477 302.0 2032.0 4208.0 4262.0 121000852
cell 12 3.15 -1.03083509 0.1 0.09817477 302.0 2032.0 4208.0 4262.0 121000853
cell 12 3.15 -0.93266032 0.1 0.09817477 302.0 2032.0 4208.0 4262.0 121000854
cell 12 3.15 -0.83448555 0.1 0.09817477 302.0 2032.0 4208.0 4262.0 121000855
cell 12 3.15 -0.73631078 0.1 0.09817477 302.0 2032.0 4208.0 4262.0 121000856
cell 12 3.15 -0.63813601 0.1 0.09817477 302.0 2032.0 4208.0 4262.0 121000857
cell 12 3.15 -0.53996124 0.1 0.09817477 302.0 2032.0 4208.0 4262.0 121000858
cell 12 3.15 -0.44178647 0.1 0.09817477 302.0 2032.0 4208.0 4262.0 121000859
cell 12 3.15 -0.3436117 0.1 0.09817477 302.0 2032.0 4208.0 4262.0 121000860
cell 12 3.15 -0.24543693 0.1 0.09817477 302.0 2032.0 4208.0 4262.0 121000861
cell 12 3.15 -0.14726216 0.1 0.09817477 302.0 2032.0 4208.0 4262.0 121000862
cell 12 3.15 -0.04908739 0.1 0.09817477 302.0 2032.0 4208.0 4262.0 121000863
cell 12 3.15 0.04908739 0.1 0.09817477 302.0 2032.0 4208.0 4262.0 121000864
cell 12 3.15 0.14726216 0.1 0.09817477 302.0 2032.0 4208.0 4262.0 121000865
cell 12 3.15 0.24543693 0.1 0.09817477 302.0 2032.0 4208.0 4262.0 121000866
cell 12 3.15 0.3436117 0.1 0.09817477 302.0 2032.0 4208.0 4262.0 121000867
cell 12 3.15 0.44178647 0.1 0.09817477 302.0 2032.0 4208.0 4262.0 121000868
cell 12 3.15 0.53996124 0.1 0.09817477 302.0 2032.0 4208.0 4262.0 121000869
cell 12 3.15 0.63813601 0.1 0.09817477 302.0 2032.0 4208.0 4262.0 121000870
cell 12 3.15 0.73631078 0.1 0.09817477 302.0 2032.0 4208.0 4262.0 121000871
cell 12 3.15 0.83448555 0.1 0.09817477 302.0 2032.0 4208.0 4262.0 121000872
cell 12 3.15 0.93266032 0.1 0.09817477 302.0 2032.0 4208.0 4262.0 121000873
cell 12 3.15 1.03083509 0.1 0.09817477 302.0 2032.0 4208.0 4262.0 121000874
cell 12 3.15 1.12900986 0.1 0.09817477 302.0 2032.0 4208.0 4262.0 121000875
cell 12 3.15 1.22718463 0.1 0.09817477 302.0 2032.0 4208.0 4262.0 121000876
cell 12 3.15 1.3253594 0.1 0.09817477 302.0 2032.0 4208.0 4262.0 121000877
cell 12 3.15 1.42353417 0.1 0.09817477 302.0 2032.0 4208.0 4262.0 121000878
cell 12 3.15 1.52170894 0.1 0.09817477 302.0 2032.0 4208.0 4262.0 121000879
cell 12 3.15 1.61988371 0.1 0.09817477 302.0 2032.0 4208.0 4262.0 121000880
cell 12 3.15 1.71805848 0.1 0.09817477 302.0 2032.0 4208.0 4262.0 121000881
cell 12 3.15 1.81623325 0.1 0.09817477 302.0 2032.0 4208.0 4262.0 121000882
cell 12 3.15 1.91440802 0.1 0.09817477 302.0 2032.0 4208.0 4262.0 121000883
cell 12 3.15 2.01258279 0.1 0.09817477 302.0 2032.0 4208.0 4262.0 121000884
cell 12 3.15 2.11075756 0.1 0.09817477 302.0 2032.0 4208.0 4262.0 121000885
cell 12 3.15 2.20893233 0.1 0.09817477 302.0 2032.0 4208.0 4262.0 121000886
cell 12 3.15 2.3071071 0.1 0.09817477 302.0 2032.0 4208.0 4262.0 121000887
cell 12 3.15 2.40528188 0.1 0.09817477 302.0 2032.0 4208.0 4262.0 121000888
cell 12 3.15 2.50345665 0.1 0.09817477 302.0 2032.0 4208.0 4262.0 121000889
cell 12 3.15 2.60163142 0.1 0.09817477 302.0 2032.0 4208.0 4262.0 121000890
cell 12 3.15 2.69980619 0.1 0.09817477 302.0 2032.0 4208.0 4262.0 121000891
cell 12 3.15 2.79798096 0.1 0.09817477 302.0 2032.0 4208.0 4262.0 121000892
cell 12 3.15 2.89615573 0.1 0.09817477 302.0 2032.0 4208.0 4262.0 121000893
cell 12 3.15 2.9943305 0.1 0.09817477 302.0 2032.0 4208.0 4262.0 121000894
cell 12 3.15 3.09250527 0.1 0.09817477 302.0 2032.0 4208.0 4262.0 121000895
