# sample segmentation eta phi delta_eta delta_phi rmin rmax zmin zmax
config 11 1 2.5 3.2 302.0 2032.0 3878.0 4208.0
eta_bins -3.2 -3.1 -3.0 -2.9 -2.8 -2.7 -2.6 -2.5 2.5 2.6 2.7 2.8 2.9 3.0 3.1 3.2
phi_bins -3.1416 -3.0434 -2.9452 -2.8471 -2.7489 -2.6507 -2.5525 -2.4544 -2.3562 -2.258 -2.1598 -2.0617 -1.9635 -1.8653 -1.7671 -1.669 -1.5708 -1.4726 -1.3744 -1.2763 -1.1781 -1.0799 -0.9817 -0.8836 -0.7854 -0.6872 -0.589 -0.4909 -0.3927 -0.2945 -0.1963 -0.0982 0.0 0.0982 0.1963 0.2945 0.3927 0.4909 0.589 0.6872 0.7854 0.8836 0.9817 1.0799 1.1781 1.2763 1.3744 1.4726 1.5708 1.669 1.7671 1.8653 1.9635 2.0617 2.1598 2.258 2.3562 2.4544 2.5525 2.6507 2.7489 2.8471 2.9452 3.0434 3.1416
cell 11 -3.15 -3.09250527 0.1 0.09817477 302.0 2032.0 3878.0 4208.0 111000000
cell 11 -3.15 -2.9943305 0.1 0.09817477 302.0 2032.0 3878.0 4208.0 111000001
cell 11 -3.15 -2.89615573 0.1 0.09817477 302.0 2032.0 3878.0 4208.0 111000002
cell 11 -3.15 -2.79798096 0.1 0.09817477 302.0 2032.0 3878.0 4208.0 111000003
cell 11 -3.15 -2.69980619 0.1 0.09817477 302.0 2032.0 3878.0 4208.0 111000004
cell 11 -3.15 -2.60163142 0.1 0.09817477 302.0 2032.0 3878.0 4208.0 111000005
cell 11 -3.15 -2.50345665 0.1 0.09817477 302.0 2032.0 3878.0 4208.0 111000006
cell 11 -3.15 -2.40528188 0.1 0.09817477 302.0 2032.0 3878.0 4208.0 111000007
cell 11 -3.15 -2.3071071 0.1 0.09817477 302.0 2032.0 3878.0 4208.0 111000008
cell 11 -3.15 -2.20893233 0.1 0.09817477 302.0 2032.0 3878.0 4208.0 111000009
cell 11 -3.15 -2.11075756 0.1 0.09817477 302.0 2032.0 3878.0 4208.0 111000010
cell 11 -3.15 -2.01258279 0.1 0.09817477 302.0 2032.0 3878.0 4208.0 111000011
cell 11 -3.15 -1.91440802 0.1 0.09817477 302.0 2032.0 3878.0 4208.0 111000012
cell 11 -3.15 -1.81623325 0.1 0.09817477 302.0 2032.0 3878.0 4208.0 111000013
cell 11 -3.15 -1.71805848 0.1 0.09817477 302.0 2032.0 3878.0 4208.0 111000014
cell 11 -3.15 -1.61988371 0.1 0.09817477 302.0 2032.0 3878.0 4208.0 111000015
cell 11 -3.15 -1.52170894 0.1 0.09817477 302.0 2032.0 3878.0 4208.0 111000016
cell 11 -3.15 -1.42353417 0.1 0.09817477 302.0 2032.0 3878.0 4208.0 111000017
cell 11 -3.15 -1.3253594 0.1 0.09817477 302.0 2032.0 3878.0 4208.0 111000018
cell 11 -3.15 -1.22718463 0.1 0.09817477 302.0 2032.0 3878.0 4208.0 111000019
cell 11 -3.15 -1.12900986 0.1 0.09817477 302.0 2032.0 3878.0 4208.0 111000020
cell 11 -3.15 -1.03083509 0.1 0.09817477 302.0 2032.0 3878.0 4208.0 111000021
cell 11 -3.15 -0.93266032 0.1 0.09817477 302.0 2032.0 3878.0 4208.0 111000022
cell 11 -3.15 -0.83448555 0.1 0.09817477 302.0 2032.0 3878.0 4208.0 111000023
cell 11 -3.15 -0.73631078 0.1 0.09817477 302.0 2032.0 3878.0 4208.0 111000024
cell 11 -3.15 -0.63813601 0.1 0.09817477 302.0 2032.0 3878.0 4208.0 111000025
cell 11 -3.15 -0.53996124 0.1 0.09817477 302.0 2032.0 3878.0 4208.0 111000026
cell 11 -3.15 -0.44178647 0.1 0.09817477 302.0 2032.0 3878.0 4208.0 111000027
cell 11 -3.15 -0.3436117 0.1 0.09817477 302.0 2032.0 3878.0 4208.0 111000028
cell 11 -3.15 -0.24543693 0.1 0.09817477 302.0 2032.0 3878.0 4208.0 111000029
cell 11 -3.15 -0.14726216 0.1 0.09817477 302.0 2032.0 3878.0 4208.0 111000030
cell 11 -3.15 -0.04908739 0.1 0.09817477 302.0 2032.0 3878.0 4208.0 111000031
cell 11 -3.15 0.04908739 0.1 0.09817477 302.0 2032.0 3878.0 4208.0 111000032
cell 11 -3.15 0.14726216 0.1 0.09817477 302.0 2032.0 3878.0 4208.0 111000033
cell 11 -3.15 0.24543693 0.1 0.09817477 302.0 2032.0 3878.0 4208.0 111000034
cell 11 -3.15 0.3436117 0.1 0.09817477 302.0 2032.0 3878.0 4208.0 111000035
cell 11 -3.15 0.44178647 0.1 0.09817477 302.0 2032.0 3878.0 4208.0 111000036
cell 11 -3.15 0.53996124 0.1 0.09817477 302.0 2032.0 3878.0 4208.0 111000037
cell 11 -3.15 0.63813601 0.1 0.09817477 302.0 2032.0 3878.0 4208.0 111000038
cell 11 -3.15 0.73631078 0.1 0.09817477 302.0 2032.0 3878.0 4208.0 111000039
cell 11 -3.15 0.83448555 0.1 0.09817477 302.0 2032.0 3878.0 4208.0 111000040
cell 11 -3.15 0.93266032 0.1 0.09817477 302.0 2032.0 3878.0 4208.0 111000041
cell 11 -3.15 1.03083509 0.1 0.09817477 302.0 2032.0 3878.0 4208.0 111000042
cell 11 -3.15 1.12900986 0.1 0.09817477 302.0 2032.0 3878.0 4208.0 111000043
cell 11 -3.15 1.22718463 0.1 0.09817477 302.0 2032.0 3878.0 4208.0 111000044
cell 11 -3.15 1.3253594 0.1 0.09817477 302.0 2032.0 3878.0 4208.0 111000045
cell 11 -3.15 1.42353417 0.1 0.09817477 302.0 2032.0 3878.0 4208.0 111000046
cell 11 -3.15 1.52170894 0.1 0.09817477 302.0 2032.0 3878.0 4208.0 111000047
cell 11 -3.15 1.61988371 0.1 0.09817477 302.0 2032.0 3878.0 4208.0 111000048
cell 11 -3.15 1.71805848 0.1 0.09817477 302.0 2032.0 3878.0 4208.0 111000049
cell 11 -3.15 1.81623325 0.1 0.09817477 302.0 2032.0 3878.0 4208.0 111000050
cell 11 -3.15 1.91440802 0.1 0.09817477 302.0 2032.0 3878.0 4208.0 111000051
cell 11 -3.15 2.01258279 0.1 0.09817477 302.0 2032.0 3878.0 4208.0 111000052
cell 11 -3.15 2.11075756 0.1 0.09817477 302.0 2032.0 3878.0 4208.0 111000053
cell 11 -3.15 2.20893233 0.1 0.09817477 302.0 2032.0 3878.0 4208.0 111000054
cell 11 -3.15 2.3071071 0.1 0.09817477 302.0 2032.0 3878.0 4208.0 111000055
cell 11 -3.15 2.40528188 0.1 0.09817477 302.0 2032.0 3878.0 4208.0 111000056
cell 11 -3.15 2.50345665 0.1 0.09817477 302.0 2032.0 3878.0 4208.0 111000057
cell 11 -3.15 2.60163142 0.1 0.09817477 302.0 2032.0 3878.0 4208.0 111000058
cell 11 -3.15 2.69980619 0.1 0.09817477 302.0 2032.0 3878.0 4208.0 111000059
cell 11 -3.15 2.79798096 0.1 0.09817477 302.0 2032.0 3878.0 4208.0 111000060
cell 11 -3.15 2.89615573 0.1 0.09817477 302.0 2032.0 3878.0 4208.0 111000061
cell 11 -3.15 2.9943305 0.1 0.09817477 302.0 2032.0 3878.0 4208.0 111000062
cell 11 -3.15 3.09250527 0.1 0.09817477 302.0 2032.0 3878.0 4208.0 111000063
cell 11 -3.05 -3.09250527 0.1 0.09817477 302.0 2032.0 3878.0 4208.0 111000064
cell 11 -3.05 -2.9943305 0.1 0.09817477 302.0 2032.0 3878.0 4208.0 111000065
cell 11 -3.05 -2.89615573 0.1 0.09817477 302.0 2032.0 3878.0 4208.0 111000066
cell 11 -3.05 -2.79798096 0.1 0.09817477 302.0 2032.0 3878.0 4208.0 111000067
cell 11 -3.05 -2.69980619 0.1 0.09817477 302.0 2032.0 3878.0 4208.0 111000068
cell 11 -3.05 -2.60163142 0.1 0.09817477 302.0 2032.0 3878.0 4208.0 111000069
cell 11 -3.05 -2.50345665 0.1 0.09817477 302.0 2032.0 3878.0 4208.0 111000070
cell 11 -3.05 -2.40528188 0.1 0.09817477 302.0 2032.0 3878.0 4208.0 111000071
cell 11 -3.05 -2.3071071 0.1 0.09817477 302.0 2032.0 3878.0 4208.0 111000072
cell 11 -3.05 -2.20893233 0.1 0.09817477 302.0 2032.0 3878.0 4208.0 111000073
cell 11 -3.05 -2.11075756 0.1 0.09817477 302.0 2032.0 3878.0 4208.0 111000074
cell 11 -3.05 -2.01258279 0.1 0.09817477 302.0 2032.0 3878.0 4208.0 111000075
cell 11 -3.05 -1.91440802 0.1 0.09817477 302.0 2032.0 3878.0 4208.0 111000076
cell 11 -3.05 -1.81623325 0.1 0.09817477 302.0 2032.0 3878.0 4208.0 111000077
cell 11 -3.05 -1.71805848 0.1 0.09817477 302.0 2032.0 3878.0 4208.0 111000078
cell 11 -3.05 -1.61988371 0.1 0.09817477 302.0 2032.0 3878.0 4208.0 111000079
cell 11 -3.05 -1.52170894 0.1 0.09817477 302.0 2032.0 3878.0 4208.0 111000080
cell 11 -3.05 -1.42353417 0.1 0.09817477 302.0 2032.0 3878.0 4208.0 111000081
cell 11 -3.05 -1.3253594 0.1 0.09817477 302.0 2032.0 3878.0 4208.0 111000082
cell 11 -3.05 -1.22718463 0.1 0.09817477 302.0 2032.0 3878.0 4208.0 111000083
cell 11 -3.05 -1.12900986 0.1 0.09817477 302.0 2032.0 3878.0 4208.0 111000084
cell 11 -3.05 -1.03083509 0.1 0.09817477 302.0 2032.0 3878.0 4208.0 111000085
cell 11 -3.05 -0.93266032 0.1 0.09817477 302.0 2032.0 3878.0 4208.0 111000086
cell 11 -3.05 -0.83448555 0.1 0.09817477 302.0 2032.0 3878.0 4208.0 111000087
cell 11 -3.05 -0.73631078 0.1 0.09817477 302.0 2032.0 3878.0 4208.0 111000088
cell 11 -3.05 -0.63813601 0.1 0.09817477 302.0 2032.0 3878.0 4208.0 111000089
cell 11 -3.05 -0.53996124 0.1 0.09817477 302.0 2032.0 3878.0 4208.0 111000090
cell 11 -3.05 -0.44178647 0.1 0.09817477 302.0 2032.0 3878.0 4208.0 111000091
cell 11 -3.05 -0.3436117 0.1 0.09817477 302.0 2032.0 3878.0 4208.0 111000092
cell 11 -3.05 -0.24543693 0.1 0.09817477 302.0 2032.0 3878.0 4208.0 111000093
cell 11 -3.05 -0.14726216 0.1 0.09817477 302.0 2032.0 3878.0 4208.0 111000094
cell 11 -3.05 -0.04908739 0.1 0.09817477 302.0 2032.0 3878.0 4208.0 111000095
cell 11 -3.05 0.04908739 0.1 0.09817477 302.0 2032.0 3878.0 4208.0 111000096
cell 11 -3.05 0.14726216 0.1 0.09817477 302.0 2032.0 3878.0 4208.0 111000097
cell 11 -3.05 0.24543693 0.1 0.09817477 302.0 2032.0 3878.0 4208.0 111000098
cell 11 -3.05 0.3436117 0.1 0.09817477 302.0 2032.0 3878.0 4208.0 111000099
cell 11 -3.05 0.44178647 0.1 0.09817477 302.0 2032.0 3878.0 4208.0 111000100
cell 11 -3.05 0.53996124 0.1 0.09817477 302.0 2032.0 3878.0 4208.0 111000101
cell 11 -3.05 0.63813601 0.1 0.09817477 302.0 2032.0 3878.0 4208.0 111000102
cell 11 -3.05 0.73631078 0.1 0.09817477 302.0 2032.0 3878.0 4208.0 111000103
cell 11 -3.05 0.83448555 0.1 0.09817477 302.0 2032.0 3878.0 4208.0 111000104
cell 11 -3.05 0.93266032 0.1 0.09817477 302.0 2032.0 3878.0 4208.0 111000105
cell 11 -3.05 1.03083509 0.1 0.09817477 302.0 2032.0 3878.0 4208.0 111000106
cell 11 -3.05 1.12900986 0.1 0.09817477 302.0 2032.0 3878.0 4208.0 111000107
cell 11 -3.05 1.22718463 0.1 0.09817477 302.0 2032.0 3878.0 4208.0 111000108
cell 11 -3.05 1.3253594 0.1 0.09817477 302.0 2032.0 3878.0 4208.0 111000109
cell 11 -3.05 1.42353417 0.1 0.09817477 302.0 2032.0 3878.0 4208.0 111000110
cell 11 -3.05 1.52170894 0.1 0.09817477 302.0 2032.0 3878.0 4208.0 111000111
cell 11 -3.05 1.61988371 0.1 0.09817477 302.0 2032.0 3878.0 4208.0 111000112
cell 11 -3.05 1.71805848 0.1 0.09817477 302.0 2032.0 3878.0 4208.0 111000113
cell 11 -3.05 1.81623325 0.1 0.09817477 302.0 2032.0 3878.0 4208.0 111000114
cell 11 -3.05 1.91440802 0.1 0.09817477 302.0 2032.0 3878.0 4208.0 111000115
cell 11 -3.05 2.01258279 0.1 0.09817477 302.0 2032.0 3878.0 4208.0 111000116
cell 11 -3.05 2.11075756 0.1 0.09817477 302.0 2032.0 3878.0 4208.0 111000117
cell 11 -3.05 2.20893233 0.1 0.09817477 302.0 2032.0 3878.0 4208.0 111000118
cell 11 -3.05 2.3071071 0.1 0.09817477 302.0 2032.0 3878.0 4208.0 111000119
cell 11 -3.05 2.40528188 0.1 0.09817477 302.0 2032.0 3878.0 4208.0 111000120
cell 11 -3.05 2.50345665 0.1 0.09817477 302.0 2032.0 3878.0 4208.0 111000121
cell 11 -3.05 2.60163142 0.1 0.09817477 302.0 2032.0 3878.0 4208.0 111000122
cell 11 -3.05 2.69980619 0.1 0.09817477 302.0 2032.0 3878.0 4208.0 111000123
cell 11 -3.05 2.79798096 0.1 0.09817477 302.0 2032.0 3878.0 4208.0 111000124
cell 11 -3.05 2.89615573 0.1 0.09817477 302.0 2032.0 3878.0 4208.0 111000125
cell 11 -3.05 2.9943305 0.1 0.09817477 302.0 2032.0 3878.0 4208.0 111000126
cell 11 -3.05 3.09250527 0.1 0.09817477 302.0 2032.0 3878.0 4208.0 111000127
cell 11 -2.95 -3.09250527 0.1 0.09817477 302.0 2032.0 3878.0 4208.0 111000128
cell 11 -2.95 -2.9943305 0.1 0.09817477 302.0 2032.0 3878.0 4208.0 111000129
cell 11 -2.95 -2.89615573 0.1 0.09817477 302.0 2032.0 3878.0 4208.0 111000130
cell 11 -2.95 -2.79798096 0.1 0.09817477 302.0 2032.0 3878.0 4208.0 111000131
cell 11 -2.95 -2.69980619 0.1 0.09817477 302.0 2032.0 3878.0 4208.0 111000132
cell 11 -2.95 -2.60163142 0.1 0.09817477 302.0 2032.0 3878.0 4208.0 111000133
cell 11 -2.95 -2.50345665 0.1 0.09817477 302.0 2032.0 3878.0 4208.0 111000134
cell 11 -2.95 -2.40528188 0.1 0.09817477 302.0 2032.0 3878.0 4208.0 111000135
cell 11 -2.95 -2.3071071 0.1 0.09817477 302.0 2032.0 3878.0 4208.0 111000136
cell 11 -2.95 -2.20893233 0.1 0.09817477 302.0 2032.0 3878.0 4208.0 111000137
cell 11 -2.95 -2.11075756 0.1 0.09817477 302.0 2032.0 3878.0 4208.0 111000138
cell 11 -2.95 -2.01258279 0.1 0.09817477 302.0 2032.0 3878.0 4208.0 111000139
cell 11 -2.95 -1.91440802 0.1 0.09817477 302.0 2032.0 3878.0 4208.0 111000140
cell 11 -2.95 -1.81623325 0.1 0.09817477 302.0 2032.0 3878.0 4208.0 111000141
cell 11 -2.95 -1.71805848 0.1 0.09817477 302.0 2032.0 3878.0 4208.0 111000142
cell 11 -2.95 -1.61988371 0.1 0.09817477 302.0 2032.0 3878.0 4208.0 111000143
cell 11 -2.95 -1.52170894 0.1 0.09817477 302.0 2032.0 3878.0 4208.0 111000144
cell 11 -2.95 -1.42353417 0.1 0.09817477 302.0 2032.0 3878.0 4208.0 111000145
cell 11 -2.95 -1.3253594 0.1 0.09817477 302.0 2032.0 3878.0 4208.0 111000146
cell 11 -2.95 -1.22718463 0.1 0.09817477 302.0 2032.0 3878.0 4208.0 111000147
cell 11 -2.95 -1.12900986 0.1 0.09817477 302.0 2032.0 3878.0 4208.0 111000148
cell 11 -2.95 -1.03083509 0.1 0.09817477 302.0 2032.0 3878.0 4208.0 111000149
cell 11 -2.95 -0.93266032 0.1 0.09817477 302.0 2032.0 3878.0 4208.0 111000150
cell 11 -2.95 -0.83448555 0.1 0.09817477 302.0 2032.0 3878.0 4208.0 111000151
cell 11 -2.95 -0.73631078 0.1 0.09817477 302.0 2032.0 3878.0 4208.0 111000152
cell 11 -2.95 -0.63813601 0.1 0.09817477 302.0 2032.0 3878.0 4208.0 111000153
cell 11 -2.95 -0.53996124 0.1 0.09817477 302.0 2032.0 3878.0 4208.0 111000154
cell 11 -2.95 -0.44178647 0.1 0.09817477 302.0 2032.0 3878.0 4208.0 111000155
cell 11 -2.95 -0.3436117 0.1 0.09817477 302.0 2032.0 3878.0 4208.0 111000156
cell 11 -2.95 -0.24543693 0.1 0.09817477 302.0 2032.0 3878.0 4208.0 111000157
cell 11 -2.95 -0.14726216 0.1 0.09817477 302.0 2032.0 3878.0 4208.0 111000158
cell 11 -2.95 -0.04908739 0.1 0.09817477 302.0 2032.0 3878.0 4208.0 111000159
cell 11 -2.95 0.04908739 0.1 0.09817477 302.0 2032.0 3878.0 4208.0 111000160
cell 11 -2.95 0.14726216 0.1 0.09817477 302.0 2032.0 3878.0 4208.0 111000161
cell 11 -2.95 0.24543693 0.1 0.09817477 302.0 2032.0 3878.0 4208.0 111000162
cell 11 -2.95 0.3436117 0.1 0.09817477 302.0 2032.0 3878.0 4208.0 111000163
cell 11 -2.95 0.44178647 0.1 0.09817477 302.0 2032.0 3878.0 4208.0 111000164
cell 11 -2.95 0.53996124 0.1 0.09817477 302.0 2032.0 3878.0 4208.0 111000165
cell 11 -2.95 0.63813601 0.1 0.09817477 302.0 2032.0 3878.0 4208.0 111000166
cell 11 -2.95 0.73631078 0.1 0.09817477 302.0 2032.0 3878.0 4208.0 111000167
cell 11 -2.95 0.83448555 0.1 0.09817477 302.0 2032.0 3878.0 4208.0 111000168
cell 11 -2.95 0.93266032 0.1 0.09817477 302.0 2032.0 3878.0 4208.0 111000169
cell 11 -2.95 1.03083509 0.1 0.09817477 302.0 2032.0 3878.0 4208.0 111000170
cell 11 -2.95 1.12900986 0.1 0.09817477 302.0 2032.0 3878.0 4208.0 111000171
cell 11 -2.95 1.22718463 0.1 0.09817477 302.0 2032.0 3878.0 4208.0 111000172
cell 11 -2.95 1.3253594 0.1 0.09817477 302.0 2032.0 3878.0 4208.0 111000173
cell 11 -2.95 1.42353417 0.1 0.09817477 302.0 2032.0 3878.0 4208.0 111000174
cell 11 -2.95 1.52170894 0.1 0.09817477 302.0 2032.0 3878.0 4208.0 111000175
cell 11 -2.95 1.61988371 0.1 0.09817477 302.0 2032.0 3878.0 4208.0 111000176
cell 11 -2.95 1.71805848 0.1 0.09817477 302.0 2032.0 3878.0 4208.0 111000177
cell 11 -2.95 1.81623325 0.1 0.09817477 302.0 2032.0 3878.0 4208.0 111000178
cell 11 -2.95 1.91440802 0.1 0.09817477 302.0 2032.0 3878.0 4208.0 111000179
cell 11 -2.95 2.01258279 0.1 0.09817477 302.0 2032.0 3878.0 4208.0 111000180
cell 11 -2.95 2.11075756 0.1 0.09817477 302.0 2032.0 3878.0 4208.0 111000181
cell 11 -2.95 2.20893233 0.1 0.09817477 302.0 2032.0 3878.0 4208.0 111000182
cell 11 -2.95 2.3071071 0.1 0.09817477 302.0 2032.0 3878.0 4208.0 111000183
cell 11 -2.95 2.40528188 0.1 0.09817477 302.0 2032.0 3878.0 4208.0 111000184
cell 11 -2.95 2.50345665 0.1 0.09817477 302.0 2032.0 3878.0 4208.0 111000185
cell 11 -2.95 2.60163142 0.1 0.09817477 302.0 2032.0 3878.0 4208.0 111000186
cell 11 -2.95 2.69980619 0.1 0.09817477 302.0 2032.0 3878.0 4208.0 111000187
cell 11 -2.95 2.79798096 0.1 0.09817477 302.0 2032.0 3878.0 4208.0 111000188
cell 11 -2.95 2.89615573 0.1 0.09817477 302.0 2032.0 3878.0 4208.0 111000189
cell 11 -2.95 2.9943305 0.1 0.09817477 302.0 2032.0 3878.0 4208.0 111000190
cell 11 -2.95 3.09250527 0.1 0.09817477 302.0 2032.0 3878.0 4208.0 111000191
cell 11 -2.85 -3.09250527 0.1 0.09817477 302.0 2032.0 3878.0 4208.0 111000192
cell 11 -2.85 -2.9943305 0.1 0.09817477 302.0 2032.0 3878.0 4208.0 111000193
cell 11 -2.85 -2.89615573 0.1 0.09817477 302.0 2032.0 3878.0 4208.0 111000194
cell 11 -2.85 -2.79798096 0.1 0.09817477 302.0 2032.0 3878.0 4208.0 111000195
cell 11 -2.85 -2.69980619 0.1 0.09817477 302.0 2032.0 3878.0 4208.0 111000196
cell 11 -2.85 -2.60163142 0.1 0.09817477 302.0 2032.0 3878.0 4208.0 111000197
cell 11 -2.85 -2.50345665 0.1 0.09817477 302.0 2032.0 3878.0 4208.0 111000198
cell 11 -2.85 -2.40528188 0.1 0.09817477 302.0 2032.0 3878.0 4208.0 111000199
cell 11 -2.85 -2.3071071 0.1 0.09817477 302.0 2032.0 3878.0 4208.0 111000200
cell 11 -2.85 -2.20893233 0.1 0.09817477 302.0 2032.0 3878.0 4208.0 111000201
cell 11 -2.85 -2.11075756 0.1 0.09817477 302.0 2032.0 3878.0 4208.0 111000202
cell 11 -2.85 -2.01258279 0.1 0.09817477 302.0 2032.0 3878.0 4208.0 111000203
cell 11 -2.85 -1.91440802 0.1 0.09817477 302.0 2032.0 3878.0 4208.0 111000204
cell 11 -2.85 -1.81623325 0.1 0.09817477 302.0 2032.0 3878.0 4208.0 111000205
cell 11 -2.85 -1.71805848 0.1 0.09817477 302.0 2032.0 3878.0 4208.0 111000206
cell 11 -2.85 -1.61988371 0.1 0.09817477 302.0 2032.0 3878.0 4208.0 111000207
cell 11 -2.85 -1.52170894 0.1 0.09817477 302.0 2032.0 3878.0 4208.0 111000208
cell 11 -2.85 -1.42353417 0.1 0.09817477 302.0 2032.0 3878.0 4208.0 111000209
cell 11 -2.85 -1.3253594 0.1 0.09817477 302.0 2032.0 3878.0 4208.0 111000210
cell 11 -2.85 -1.22718463 0.1 0.09817477 302.0 2032.0 3878.0 4208.0 111000211
cell 11 -2.85 -1.12900986 0.1 0.09817477 302.0 2032.0 3878.0 4208.0 111000212
cell 11 -2.85 -1.03083509 0.1 0.09817477 302.0 2032.0 3878.0 4208.0 111000213
cell 11 -2.85 -0.93266032 0.1 0.09817477 302.0 2032.0 3878.0 4208.0 111000214
cell 11 -2.85 -0.83448555 0.1 0.09817477 302.0 2032.0 3878.0 4208.0 111000215
cell 11 -2.85 -0.73631078 0.1 0.09817477 302.0 2032.0 3878.0 4208.0 111000216
cell 11 -2.85 -0.63813601 0.1 0.09817477 302.0 2032.0 3878.0 4208.0 111000217
cell 11 -2.85 -0.53996124 0.1 0.09817477 302.0 2032.0 3878.0 4208.0 111000218
cell 11 -2.85 -0.44178647 0.1 0.09817477 302.0 2032.0 3878.0 4208.0 111000219
cell 11 -2.85 -0.3436117 0.1 0.09817477 302.0 2032.0 3878.0 4208.0 111000220
cell 11 -2.85 -0.24543693 0.1 0.09817477 302.0 2032.0 3878.0 4208.0 111000221
cell 11 -2.85 -0.14726216 0.1 0.09817477 302.0 2032.0 3878.0 4208.0 111000222
cell 11 -2.85 -0.04908739 0.1 0.09817477 302.0 2032.0 3878.0 4208.0 111000223
cell 11 -2.85 0.04908739 0.1 0.09817477 302.0 2032.0 3878.0 4208.0 111000224
cell 11 -2.85 0.14726216 0.1 0.09817477 302.0 2032.0 3878.0 4208.0 111000225
cell 11 -2.85 0.24543693 0.1 0.09817477 302.0 2032.0 3878.0 4208.0 111000226
cell 11 -2.85 0.3436117 0.1 0.09817477 302.0 2032.0 3878.0 4208.0 111000227
cell 11 -2.85 0.44178647 0.1 0.09817477 302.0 2032.0 3878.0 4208.0 111000228
cell 11 -2.85 0.53996124 0.1 0.09817477 302.0 2032.0 3878.0 4208.0 111000229
cell 11 -2.85 0.63813601 0.1 0.09817477 302.0 2032.0 3878.0 4208.0 111000230
cell 11 -2.85 0.73631078 0.1 0.09817477 302.0 2032.0 3878.0 4208.0 111000231
cell 11 -2.85 0.83448555 0.1 0.09817477 302.0 2032.0 3878.0 4208.0 111000232
cell 11 -2.85 0.93266032 0.1 0.09817477 302.0 2032.0 3878.0 4208.0 111000233
cell 11 -2.85 1.03083509 0.1 0.09817477 302.0 2032.0 3878.0 4208.0 111000234
cell 11 -2.85 1.12900986 0.1 0.09817477 302.0 2032.0 3878.0 4208.0 111000235
cell 11 -2.85 1.22718463 0.1 0.09817477 302.0 2032.0 3878.0 4208.0 111000236
cell 11 -2.85 1.3253594 0.1 0.09817477 302.0 2032.0 3878.0 4208.0 111000237
cell 11 -2.85 1.42353417 0.1 0.09817477 302.0 2032.0 3878.0 4208.0 111000238
cell 11 -2.85 1.52170894 0.1 0.09817477 302.0 2032.0 3878.0 4208.0 111000239
cell 11 -2.85 1.61988371 0.1 0.09817477 302.0 2032.0 3878.0 4208.0 111000240
cell 11 -2.85 1.71805848 0.1 0.09817477 302.0 2032.0 3878.0 4208.0 111000241
cell 11 -2.85 1.81623325 0.1 0.09817477 302.0 2032.0 3878.0 4208.0 111000242
cell 11 -2.85 1.91440802 0.1 0.09817477 302.0 2032.0 3878.0 4208.0 111000243
cell 11 -2.85 2.01258279 0.1 0.09817477 302.0 2032.0 3878.0 4208.0 111000244
cell 11 -2.85 2.11075756 0.1 0.09817477 302.0 2032.0 3878.0 4208.0 111000245
cell 11 -2.85 2.20893233 0.1 0.09817477 302.0 2032.0 3878.0 4208.0 111000246
cell 11 -2.85 2.3071071 0.1 0.09817477 302.0 2032.0 3878.0 4208.0 111000247
cell 11 -2.85 2.40528188 0.1 0.09817477 302.0 2032.0 3878.0 4208.0 111000248
cell 11 -2.85 2.50345665 0.1 0.09817477 302.0 2032.0 3878.0 4208.0 111000249
cell 11 -2.85 2.60163142 0.1 0.09817477 302.0 2032.0 3878.0 4208.0 111000250
cell 11 -2.85 2.69980619 0.1 0.09817477 302.0 2032.0 3878.0 4208.0 111000251
cell 11 -2.85 2.79798096 0.1 0.09817477 302.0 2032.0 3878.0 4208.0 111000252
cell 11 -2.85 2.89615573 0.1 0.09817477 302.0 2032.0 3878.0 4208.0 111000253
cell 11 -2.85 2.9943305 0.1 0.09817477 302.0 2032.0 3878.0 4208.0 111000254
cell 11 -2.85 3.09250527 0.1 0.09817477 302.0 2032.0 3878.0 4208.0 111000255
cell 11 -2.75 -3.09250527 0.1 0.09817477 302.0 2032.0 3878.0 4208.0 111000256
cell 11 -2.75 -2.9943305 0.1 0.09817477 302.0 2032.0 3878.0 4208.0 111000257
cell 11 -2.75 -2.89615573 0.1 0.09817477 302.0 2032.0 3878.0 4208.0 111000258
cell 11 -2.75 -2.79798096 0.1 0.09817477 302.0 2032.0 3878.0 4208.0 111000259
cell 11 -2.75 -2.69980619 0.1 0.09817477 302.0 2032.0 3878.0 4208.0 111000260
cell 11 -2.75 -2.60163142 0.1 0.09817477 302.0 2032.0 3878.0 4208.0 111000261
cell 11 -2.75 -2.50345665 0.1 0.09817477 302.0 2032.0 3878.0 4208.0 111000262
cell 11 -2.75 -2.40528188 0.1 0.09817477 302.0 2032.0 3878.0 4208.0 111000263
cell 11 -2.75 -2.3071071 0.1 0.09817477 302.0 2032.0 3878.0 4208.0 111000264
cell 11 -2.75 -2.20893233 0.1 0.09817477 302.0 2032.0 3878.0 4208.0 111000265
cell 11 -2.75 -2.11075756 0.1 0.09817477 302.0 2032.0 3878.0 4208.0 111000266
cell 11 -2.75 -2.01258279 0.1 0.09817477 302.0 2032.0 3878.0 4208.0 111000267
cell 11 -2.75 -1.91440802 0.1 0.09817477 302.0 2032.0 3878.0 4208.0 111000268
cell 11 -2.75 -1.81623325 0.1 0.09817477 302.0 2032.0 3878.0 4208.0 111000269
cell 11 -2.75 -1.71805848 0.1 0.09817477 302.0 2032.0 3878.0 4208.0 111000270
cell 11 -2.75 -1.61988371 0.1 0.09817477 302.0 2032.0 3878.0 4208.0 111000271
cell 11 -2.75 -1.52170894 0.1 0.09817477 302.0 2032.0 3878.0 4208.0 111000272
cell 11 -2.75 -1.42353417 0.1 0.09817477 302.0 2032.0 3878.0 4208.0 111000273
cell 11 -2.75 -1.3253594 0.1 0.09817477 302.0 2032.0 3878.0 4208.0 111000274
cell 11 -2.75 -1.22718463 0.1 0.09817477 302.0 2032.0 3878.0 4208.0 111000275
cell 11 -2.75 -1.12900986 0.1 0.09817477 302.0 2032.0 3878.0 4208.0 111000276
cell 11 -2.75 -1.03083509 0.1 0.09817477 302.0 2032.0 3878.0 4208.0 111000277
cell 11 -2.75 -0.93266032 0.1 0.09817477 302.0 2032.0 3878.0 4208.0 111000278
cell 11 -2.75 -0.83448555 0.1 0.09817477 302.0 2032.0 3878.0 4208.0 111000279
cell 11 -2.75 -0.73631078 0.1 0.09817477 302.0 2032.0 3878.0 4208.0 111000280
cell 11 -2.75 -0.63813601 0.1 0.09817477 302.0 2032.0 3878.0 4208.0 111000281
cell 11 -2.75 -0.53996124 0.1 0.09817477 302.0 2032.0 3878.0 4208.0 111000282
cell 11 -2.75 -0.44178647 0.1 0.09817477 302.0 2032.0 3878.0 4208.0 111000283
cell 11 -2.75 -0.3436117 0.1 0.09817477 302.0 2032.0 3878.0 4208.0 111000284
cell 11 -2.75 -0.24543693 0.1 0.09817477 302.0 2032.0 3878.0 4208.0 111000285
cell 11 -2.75 -0.14726216 0.1 0.09817477 302.0 2032.0 3878.0 4208.0 111000286
cell 11 -2.75 -0.04908739 0.1 0.09817477 302.0 2032.0 3878.0 4208.0 111000287
cell 11 -2.75 0.04908739 0.1 0.09817477 302.0 2032.0 3878.0 4208.0 111000288
cell 11 -2.75 0.14726216 0.1 0.09817477 302.0 2032.0 3878.0 4208.0 111000289
cell 11 -2.75 0.24543693 0.1 0.09817477 302.0 2032.0 3878.0 4208.0 111000290
cell 11 -2.75 0.3436117 0.1 0.09817477 302.0 2032.0 3878.0 4208.0 111000291
cell 11 -2.75 0.44178647 0.1 0.09817477 302.0 2032.0 3878.0 4208.0 111000292
cell 11 -2.75 0.53996124 0.1 0.09817477 302.0 2032.0 3878.0 4208.0 111000293
cell 11 -2.75 0.63813601 0.1 0.09817477 302.0 2032.0 3878.0 4208.0 111000294
cell 11 -2.75 0.73631078 0.1 0.09817477 302.0 2032.0 3878.0 4208.0 111000295
cell 11 -2.75 0.83448555 0.1 0.09817477 302.0 2032.0 3878.0 4208.0 111000296
cell 11 -2.75 0.93266032 0.1 0.09817477 302.0 2032.0 3878.0 4208.0 111000297
cell 11 -2.75 1.03083509 0.1 0.09817477 302.0 2032.0 3878.0 4208.0 111000298
cell 11 -2.75 1.12900986 0.1 0.09817477 302.0 2032.0 3878.0 4208.0 111000299
cell 11 -2.75 1.22718463 0.1 0.09817477 302.0 2032.0 3878.0 4208.0 111000300
cell 11 -2.75 1.3253594 0.1 0.09817477 302.0 2032.0 3878.0 4208.0 111000301
cell 11 -2.75 1.42353417 0.1 0.09817477 302.0 2032.0 3878.0 4208.0 111000302
cell 11 -2.75 1.52170894 0.1 0.09817477 302.0 2032.0 3878.0 4208.0 111000303
cell 11 -2.75 1.61988371 0.1 0.09817477 302.0 2032.0 3878.0 4208.0 111000304
cell 11 -2.75 1.71805848 0.1 0.09817477 302.0 2032.0 3878.0 4208.0 111000305
cell 11 -2.75 1.81623325 0.1 0.09817477 302.0 2032.0 3878.0 4208.0 111000306
cell 11 -2.75 1.91440802 0.1 0.09817477 302.0 2032.0 3878.0 4208.0 111000307
cell 11 -2.75 2.01258279 0.1 0.09817477 302.0 2032.0 3878.0 4208.0 111000308
cell 11 -2.75 2.11075756 0.1 0.09817477 302.0 2032.0 3878.0 4208.0 111000309
cell 11 -2.75 2.20893233 0.1 0.09817477 302.0 2032.0 3878.0 4208.0 111000310
cell 11 -2.75 2.3071071 0.1 0.09817477 302.0 2032.0 3878.0 4208.0 111000311
cell 11 -2.75 2.40528188 0.1 0.09817477 302.0 2032.0 3878.0 4208.0 111000312
cell 11 -2.75 2.50345665 0.1 0.09817477 302.0 2032.0 3878.0 4208.0 111000313
cell 11 -2.75 2.60163142 0.1 0.09817477 302.0 2032.0 3878.0 4208.0 111000314
cell 11 -2.75 2.69980619 0.1 0.09817477 302.0 2032.0 3878.0 4208.0 111000315
cell 11 -2.75 2.79798096 0.1 0.09817477 302.0 2032.0 3878.0 4208.0 111000316
cell 11 -2.75 2.89615573 0.1 0.09817477 302.0 2032.0 3878.0 4208.0 111000317
cell 11 -2.75 2.9943305 0.1 0.09817477 302.0 2032.0 3878.0 4208.0 111000318
cell 11 -2.75 3.09250527 0.1 0.09817477 302.0 2032.0 3878.0 4208.0 111000319
cell 11 -2.65 -3.09250527 0.1 0.09817477 302.0 2032.0 3878.0 4208.0 111000320
cell 11 -2.65 -2.9943305 0.1 0.09817477 302.0 2032.0 3878.0 4208.0 111000321
cell 11 -2.65 -2.89615573 0.1 0.09817477 302.0 2032.0 3878.0 4208.0 111000322
cell 11 -2.65 -2.79798096 0.1 0.09817477 302.0 2032.0 3878.0 4208.0 111000323
cell 11 -2.65 -2.69980619 0.1 0.09817477 302.0 2032.0 3878.0 4208.0 111000324
cell 11 -2.65 -2.60163142 0.1 0.09817477 302.0 2032.0 3878.0 4208.0 111000325
cell 11 -2.65 -2.50345665 0.1 0.09817477 302.0 2032.0 3878.0 4208.0 111000326
cell 11 -2.65 -2.40528188 0.1 0.09817477 302.0 2032.0 3878.0 4208.0 111000327
cell 11 -2.65 -2.3071071 0.1 0.09817477 302.0 2032.0 3878.0 4208.0 111000328
cell 11 -2.65 -2.20893233 0.1 0.09817477 302.0 2032.0 3878.0 4208.0 111000329
cell 11 -2.65 -2.11075756 0.1 0.09817477 302.0 2032.0 3878.0 4208.0 111000330
cell 11 -2.65 -2.01258279 0.1 0.09817477 302.0 2032.0 3878.0 4208.0 111000331
cell 11 -2.65 -1.91440802 0.1 0.09817477 302.0 2032.0 3878.0 4208.0 111000332
cell 11 -2.65 -1.81623325 0.1 0.09817477 302.0 2032.0 3878.0 4208.0 111000333
cell 11 -2.65 -1.71805848 0.1 0.09817477 302.0 2032.0 3878.0 4208.0 111000334
cell 11 -2.65 -1.61988371 0.1 0.09817477 302.0 2032.0 3878.0 4208.0 111000335
cell 11 -2.65 -1.52170894 0.1 0.09817477 302.0 2032.0 3878.0 4208.0 111000336
cell 11 -2.65 -1.42353417 0.1 0.09817477 302.0 2032.0 3878.0 4208.0 111000337
cell 11 -2.65 -1.3253594 0.1 0.09817477 302.0 2032.0 3878.0 4208.0 111000338
cell 11 -2.65 -1.22718463 0.1 0.09817477 302.0 2032.0 3878.0 4208.0 111000339
cell 11 -2.65 -1.12900986 0.1 0.09817477 302.0 2032.0 3878.0 4208.0 111000340
cell 11 -2.65 -1.03083509 0.1 0.09817477 302.0 2032.0 3878.0 4208.0 111000341
cell 11 -2.65 -0.93266032 0.1 0.09817477 302.0 2032.0 3878.0 4208.0 111000342
cell 11 -2.65 -0.83448555 0.1 0.09817477 302.0 2032.0 3878.0 4208.0 111000343
cell 11 -2.65 -0.73631078 0.1 0.09817477 302.0 2032.0 3878.0 4208.0 111000344
cell 11 -2.65 -0.63813601 0.1 0.09817477 302.0 2032.0 3878.0 4208.0 111000345
cell 11 -2.65 -0.53996124 0.1 0.09817477 302.0 2032.0 3878.0 4208.0 111000346
cell 11 -2.65 -0.44178647 0.1 0.09817477 302.0 2032.0 3878.0 4208.0 111000347
cell 11 -2.65 -0.3436117 0.1 0.09817477 302.0 2032.0 3878.0 4208.0 111000348
cell 11 -2.65 -0.24543693 0.1 0.09817477 302.0 2032.0 3878.0 4208.0 111000349
cell 11 -2.65 -0.14726216 0.1 0.09817477 302.0 2032.0 3878.0 4208.0 111000350
cell 11 -2.65 -0.04908739 0.1 0.09817477 302.0 2032.0 3878.0 4208.0 111000351
cell 11 -2.65 0.04908739 0.1 0.09817477 302.0 2032.0 3878.0 4208.0 111000352
cell 11 -2.65 0.14726216 0.1 0.09817477 302.0 2032.0 3878.0 4208.0 111000353
cell 11 -2.65 0.24543693 0.1 0.09817477 302.0 2032.0 3878.0 4208.0 111000354
cell 11 -2.65 0.3436117 0.1 0.09817477 302.0 2032.0 3878.0 4208.0 111000355
cell 11 -2.65 0.44178647 0.1 0.09817477 302.0 2032.0 3878.0 4208.0 111000356
cell 11 -2.65 0.53996124 0.1 0.09817477 302.0 2032.0 3878.0 4208.0 111000357
cell 11 -2.65 0.63813601 0.1 0.09817477 302.0 2032.0 3878.0 4208.0 111000358
cell 11 -2.65 0.73631078 0.1 0.09817477 302.0 2032.0 3878.0 4208.0 111000359
cell 11 -2.65 0.83448555 0.1 0.09817477 302.0 2032.0 3878.0 4208.0 111000360
cell 11 -2.65 0.93266032 0.1 0.09817477 302.0 2032.0 3878.0 4208.0 111000361
cell 11 -2.65 1.03083509 0.1 0.09817477 302.0 2032.0 3878.0 4208.0 111000362
cell 11 -2.65 1.12900986 0.1 0.09817477 302.0 2032.0 3878.0 4208.0 111000363
cell 11 -2.65 1.22718463 0.1 0.09817477 302.0 2032.0 3878.0 4208.0 111000364
cell 11 -2.65 1.3253594 0.1 0.09817477 302.0 2032.0 3878.0 4208.0 111000365
cell 11 -2.65 1.42353417 0.1 0.09817477 302.0 2032.0 3878.0 4208.0 111000366
cell 11 -2.65 1.52170894 0.1 0.09817477 302.0 2032.0 3878.0 4208.0 111000367
cell 11 -2.65 1.61988371 0.1 0.09817477 302.0 2032.0 3878.0 4208.0 111000368
cell 11 -2.65 1.71805848 0.1 0.09817477 302.0 2032.0 3878.0 4208.0 111000369
cell 11 -2.65 1.81623325 0.1 0.09817477 302.0 2032.0 3878.0 4208.0 111000370
cell 11 -2.65 1.91440802 0.1 0.09817477 302.0 2032.0 3878.0 4208.0 111000371
cell 11 -2.65 2.01258279 0.1 0.09817477 302.0 2032.0 3878.0 4208.0 111000372
cell 11 -2.65 2.11075756 0.1 0.09817477 302.0 2032.0 3878.0 4208.0 111000373
cell 11 -2.65 2.20893233 0.1 0.09817477 302.0 2032.0 3878.0 4208.0 111000374
cell 11 -2.65 2.3071071 0.1 0.09817477 302.0 2032.0 3878.0 4208.0 111000375
cell 11 -2.65 2.40528188 0.1 0.09817477 302.0 2032.0 3878.0 4208.0 111000376
cell 11 -2.65 2.50345665 0.1 0.09817477 302.0 2032.0 3878.0 4208.0 111000377
cell 11 -2.65 2.60163142 0.1 0.09817477 302.0 2032.0 3878.0 4208.0 111000378
cell 11 -2.65 2.69980619 0.1 0.09817477 302.0 2032.0 3878.0 4208.0 111000379
cell 11 -2.65 2.79798096 0.1 0.09817477 302.0 2032.0 3878.0 4208.0 111000380
cell 11 -2.65 2.89615573 0.1 0.09817477 302.0 2032.0 3878.0 4208.0 111000381
cell 11 -2.65 2.9943305 0.1 0.09817477 302.0 2032.0 3878.0 4208.0 111000382
cell 11 -2.65 3.09250527 0.1 0.09817477 302.0 2032.0 3878.0 4208.0 111000383
cell 11 -2.55 -3.09250527 0.1 0.09817477 302.0 2032.0 3878.0 4208.0 111000384
cell 11 -2.55 -2.9943305 0.1 0.09817477 302.0 2032.0 3878.0 4208.0 111000385
cell 11 -2.55 -2.89615573 0.1 0.09817477 302.0 2032.0 3878.0 4208.0 111000386
cell 11 -2.55 -2.79798096 0.1 0.09817477 302.0 2032.0 3878.0 4208.0 111000387
cell 11 -2.55 -2.69980619 0.1 0.09817477 302.0 2032.0 3878.0 4208.0 111000388
cell 11 -2.55 -2.60163142 0.1 0.09817477 302.0 2032.0 3878.0 4208.0 111000389
cell 11 -2.55 -2.50345665 0.1 0.09817477 302.0 2032.0 3878.0 4208.0 111000390
cell 11 -2.55 -2.40528188 0.1 0.09817477 302.0 2032.0 3878.0 4208.0 111000391
cell 11 -2.55 -2.3071071 0.1 0.09817477 302.0 2032.0 3878.0 4208.0 111000392
cell 11 -2.55 -2.20893233 0.1 0.09817477 302.0 2032.0 3878.0 4208.0 111000393
cell 11 -2.55 -2.11075756 0.1 0.09817477 302.0 2032.0 3878.0 4208.0 111000394
cell 11 -2.55 -2.01258279 0.1 0.09817477 302.0 2032.0 3878.0 4208.0 111000395
cell 11 -2.55 -1.91440802 0.1 0.09817477 302.0 2032.0 3878.0 4208.0 111000396
cell 11 -2.55 -1.81623325 0.1 0.09817477 302.0 2032.0 3878.0 4208.0 111000397
cell 11 -2.55 -1.71805848 0.1 0.09817477 302.0 2032.0 3878.0 4208.0 111000398
cell 11 -2.55 -1.61988371 0.1 0.09817477 302.0 2032.0 3878.0 4208.0 111000399
cell 11 -2.55 -1.52170894 0.1 0.09817477 302.0 2032.0 3878.0 4208.0 111000400
cell 11 -2.55 -1.42353417 0.1 0.09817477 302.0 2032.0 3878.0 4208.0 111000401
cell 11 -2.55 -1.3253594 0.1 0.09817477 302.0 2032.0 3878.0 4208.0 111000402
cell 11 -2.55 -1.22718463 0.1 0.09817477 302.0 2032.0 3878.0 4208.0 111000403
cell 11 -2.55 -1.12900986 0.1 0.09817477 302.0 2032.0 3878.0 4208.0 111000404
cell 11 -2.55 -1.03083509 0.1 0.09817477 302.0 2032.0 3878.0 4208.0 111000405
cell 11 -2.55 -0.93266032 0.1 0.09817477 302.0 2032.0 3878.0 4208.0 111000406
cell 11 -2.55 -0.83448555 0.1 0.09817477 302.0 2032.0 3878.0 4208.0 111000407
cell 11 -2.55 -0.73631078 0.1 0.09817477 302.0 2032.0 3878.0 4208.0 111000408
cell 11 -2.55 -0.63813601 0.1 0.09817477 302.0 2032.0 3878.0 4208.0 111000409
cell 11 -2.55 -0.53996124 0.1 0.09817477 302.0 2032.0 3878.0 4208.0 111000410
cell 11 -2.55 -0.44178647 0.1 0.09817477 302.0 2032.0 3878.0 4208.0 111000411
cell 11 -2.55 -0.3436117 0.1 0.09817477 302.0 2032.0 3878.0 4208.0 111000412
cell 11 -2.55 -0.24543693 0.1 0.09817477 302.0 2032.0 3878.0 4208.0 111000413
cell 11 -2.55 -0.14726216 0.1 0.09817477 302.0 2032.0 3878.0 4208.0 111000414
cell 11 -2.55 -0.04908739 0.1 0.09817477 302.0 2032.0 3878.0 4208.0 111000415
cell 11 -2.55 0.04908739 0.1 0.09817477 302.0 2032.0 3878.0 4208.0 111000416
cell 11 -2.55 0.14726216 0.1 0.09817477 302.0 2032.0 3878.0 4208.0 111000417
cell 11 -2.55 0.24543693 0.1 0.09817477 302.0 2032.0 3878.0 4208.0 111000418
cell 11 -2.55 0.3436117 0.1 0.09817477 302.0 2032.0 3878.0 4208.0 111000419
cell 11 -2.55 0.44178647 0.1 0.09817477 302.0 2032.0 3878.0 4208.0 111000420
cell 11 -2.55 0.53996124 0.1 0.09817477 302.0 2032.0 3878.0 4208.0 111000421
cell 11 -2.55 0.63813601 0.1 0.09817477 302.0 2032.0 3878.0 4208.0 111000422
cell 11 -2.55 0.73631078 0.1 0.09817477 302.0 2032.0 3878.0 4208.0 111000423
cell 11 -2.55 0.83448555 0.1 0.09817477 302.0 2032.0 3878.0 4208.0 111000424
cell 11 -2.55 0.93266032 0.1 0.09817477 302.0 2032.0 3878.0 4208.0 111000425
cell 11 -2.55 1.03083509 0.1 0.09817477 302.0 2032.0 3878.0 4208.0 111000426
cell 11 -2.55 1.12900986 0.1 0.09817477 302.0 2032.0 3878.0 4208.0 111000427
cell 11 -2.55 1.22718463 0.1 0.09817477 302.0 2032.0 3878.0 4208.0 111000428
cell 11 -2.55 1.3253594 0.1 0.09817477 302.0 2032.0 3878.0 4208.0 111000429
cell 11 -2.55 1.42353417 0.1 0.09817477 302.0 2032.0 3878.0 4208.0 111000430
cell 11 -2.55 1.52170894 0.1 0.09817477 302.0 2032.0 3878.0 4208.0 111000431
cell 11 -2.55 1.61988371 0.1 0.09817477 302.0 2032.0 3878.0 4208.0 111000432
cell 11 -2.55 1.71805848 0.1 0.09817477 302.0 2032.0 3878.0 4208.0 111000433
cell 11 -2.55 1.81623325 0.1 0.09817477 302.0 2032.0 3878.0 4208.0 111000434
cell 11 -2.55 1.91440802 0.1 0.09817477 302.0 2032.0 3878.0 4208.0 111000435
cell 11 -2.55 2.01258279 0.1 0.09817477 302.0 2032.0 3878.0 4208.0 111000436
cell 11 -2.55 2.11075756 0.1 0.09817477 302.0 2032.0 3878.0 4208.0 111000437
cell 11 -2.55 2.20893233 0.1 0.09817477 302.0 2032.0 3878.0 4208.0 111000438
cell 11 -2.55 2.3071071 0.1 0.09817477 302.0 2032.0 3878.0 4208.0 111000439
cell 11 -2.55 2.40528188 0.1 0.09817477 302.0 2032.0 3878.0 4208.0 111000440
cell 11 -2.55 2.50345665 0.1 0.09817477 302.0 2032.0 3878.0 4208.0 111000441
cell 11 -2.55 2.60163142 0.1 0.09817477 302.0 2032.0 3878.0 4208.0 111000442
cell 11 -2.55 2.69980619 0.1 0.09817477 302.0 2032.0 3878.0 4208.0 111000443
cell 11 -2.55 2.79798096 0.1 0.09817477 302.0 2032.0 3878.0 4208.0 111000444
cell 11 -2.55 2.89615573 0.1 0.09817477 302.0 2032.0 3878.0 4208.0 111000445
cell 11 -2.55 2.9943305 0.1 0.09817477 302.0 2032.0 3878.0 4208.0 111000446
cell 11 -2.55 3.09250527 0.1 0.09817477 302.0 2032.0 3878.0 4208.0 111000447
cell 11 2.55 -3.09250527 0.1 0.09817477 302.0 2032.0 3878.0 4208.0 111000512
cell 11 2.55 -2.9943305 0.1 0.09817477 302.0 2032.0 3878.0 4208.0 111000513
cell 11 2.55 -2.89615573 0.1 0.09817477 302.0 2032.0 3878.0 4208.0 111000514
cell 11 2.55 -2.79798096 0.1 0.09817477 302.0 2032.0 3878.0 4208.0 111000515
cell 11 2.55 -2.69980619 0.1 0.09817477 302.0 2032.0 3878.0 4208.0 111000516
cell 11 2.55 -2.60163142 0.1 0.09817477 302.0 2032.0 3878.0 4208.0 111000517
cell 11 2.55 -2.50345665 0.1 0.09817477 302.0 2032.0 3878.0 4208.0 111000518
cell 11 2.55 -2.40528188 0.1 0.09817477 302.0 2032.0 3878.0 4208.0 111000519
cell 11 2.55 -2.3071071 0.1 0.09817477 302.0 2032.0 3878.0 4208.0 111000520
cell 11 2.55 -2.20893233 0.1 0.09817477 302.0 2032.0 3878.0 4208.0 111000521
cell 11 2.55 -2.11075756 0.1 0.09817477 302.0 2032.0 3878.0 4208.0 111000522
cell 11 2.55 -2.01258279 0.1 0.09817477 302.0 2032.0 3878.0 4208.0 111000523
cell 11 2.55 -1.91440802 0.1 0.09817477 302.0 2032.0 3878.0 4208.0 111000524
cell 11 2.55 -1.81623325 0.1 0.09817477 302.0 2032.0 3878.0 4208.0 111000525
cell 11 2.55 -1.71805848 0.1 0.09817477 302.0 2032.0 3878.0 4208.0 111000526
cell 11 2.55 -1.61988371 0.1 0.09817477 302.0 2032.0 3878.0 4208.0 111000527
cell 11 2.55 -1.52170894 0.1 0.09817477 302.0 2032.0 3878.0 4208.0 111000528
cell 11 2.55 -1.42353417 0.1 0.09817477 302.0 2032.0 3878.0 4208.0 111000529
cell 11 2.55 -1.3253594 0.1 0.09817477 302.0 2032.0 3878.0 4208.0 111000530
cell 11 2.55 -1.22718463 0.1 0.09817477 302.0 2032.0 3878.0 4208.0 111000531
cell 11 2.55 -1.12900986 0.1 0.09817477 302.0 2032.0 3878.0 4208.0 111000532
cell 11 2.55 -1.03083509 0.1 0.09817477 302.0 2032.0 3878.0 4208.0 111000533
cell 11 2.55 -0.93266032 0.1 0.09817477 302.0 2032.0 3878.0 4208.0 111000534
cell 11 2.55 -0.83448555 0.1 0.09817477 302.0 2032.0 3878.0 4208.0 111000535
cell 11 2.55 -0.73631078 0.1 0.09817477 302.0 2032.0 3878.0 4208.0 111000536
cell 11 2.55 -0.63813601 0.1 0.09817477 302.0 2032.0 3878.0 4208.0 111000537
cell 11 2.55 -0.53996124 0.1 0.09817477 302.0 2032.0 3878.0 4208.0 111000538
cell 11 2.55 -0.44178647 0.1 0.09817477 302.0 2032.0 3878.0 4208.0 111000539
cell 11 2.55 -0.3436117 0.1 0.09817477 302.0 2032.0 3878.0 4208.0 111000540
cell 11 2.55 -0.24543693 0.1 0.09817477 302.0 2032.0 3878.0 4208.0 111000541
cell 11 2.55 -0.14726216 0.1 0.09817477 302.0 2032.0 3878.0 4208.0 111000542
cell 11 2.55 -0.04908739 0.1 0.09817477 302.0 2032.0 3878.0 4208.0 111000543
cell 11 2.55 0.04908739 0.1 0.09817477 302.0 2032.0 3878.0 4208.0 111000544
cell 11 2.55 0.14726216 0.1 0.09817477 302.0 2032.0 3878.0 4208.0 111000545
cell 11 2.55 0.24543693 0.1 0.09817477 302.0 2032.0 3878.0 4208.0 111000546
cell 11 2.55 0.3436117 0.1 0.09817477 302.0 2032.0 3878.0 4208.0 111000547
cell 11 2.55 0.44178647 0.1 0.09817477 302.0 2032.0 3878.0 4208.0 111000548
cell 11 2.55 0.53996124 0.1 0.09817477 302.0 2032.0 3878.0 4208.0 111000549
cell 11 2.55 0.63813601 0.1 0.09817477 302.0 2032.0 3878.0 4208.0 111000550
cell 11 2.55 0.73631078 0.1 0.09817477 302.0 2032.0 3878.0 4208.0 111000551
cell 11 2.55 0.83448555 0.1 0.09817477 302.0 2032.0 3878.0 4208.0 111000552
cell 11 2.55 0.93266032 0.1 0.09817477 302.0 2032.0 3878.0 4208.0 111000553
cell 11 2.55 1.03083509 0.1 0.09817477 302.0 2032.0 3878.0 4208.0 111000554
cell 11 2.55 1.12900986 0.1 0.09817477 302.0 2032.0 3878.0 4208.0 111000555
cell 11 2.55 1.22718463 0.1 0.09817477 302.0 2032.0 3878.0 4208.0 111000556
cell 11 2.55 1.3253594 0.1 0.09817477 302.0 2032.0 3878.0 4208.0 111000557
cell 11 2.55 1.42353417 0.1 0.09817477 302.0 2032.0 3878.0 4208.0 111000558
cell 11 2.55 1.52170894 0.1 0.09817477 302.0 2032.0 3878.0 4208.0 111000559
cell 11 2.55 1.61988371 0.1 0.09817477 302.0 2032.0 3878.0 4208.0 111000560
cell 11 2.55 1.71805848 0.1 0.09817477 302.0 2032.0 3878.0 4208.0 111000561
cell 11 2.55 1.81623325 0.1 0.09817477 302.0 2032.0 3878.0 4208.0 111000562
cell 11 2.55 1.91440802 0.1 0.09817477 302.0 2032.0 3878.0 4208.0 111000563
cell 11 2.55 2.01258279 0.1 0.09817477 302.0 2032.0 3878.0 4208.0 111000564
cell 11 2.55 2.11075756 0.1 0.09817477 302.0 2032.0 3878.0 4208.0 111000565
cell 11 2.55 2.20893233 0.1 0.09817477 302.0 2032.0 3878.0 4208.0 111000566
cell 11 2.55 2.3071071 0.1 0.09817477 302.0 2032.0 3878.0 4208.0 111000567
cell 11 2.55 2.40528188 0.1 0.09817477 302.0 2032.0 3878.0 4208.0 111000568
cell 11 2.55 2.50345665 0.1 0.09817477 302.0 2032.0 3878.0 4208.0 111000569
cell 11 2.55 2.60163142 0.1 0.09817477 302.0 2032.0 3878.0 4208.0 111000570
cell 11 2.55 2.69980619 0.1 0.09817477 302.0 2032.0 3878.0 4208.0 111000571
cell 11 2.55 2.79798096 0.1 0.09817477 302.0 2032.0 3878.0 4208.0 111000572
cell 11 2.55 2.89615573 0.1 0.09817477 302.0 2032.0 3878.0 4208.0 111000573
cell 11 2.55 2.9943305 0.1 0.09817477 302.0 2032.0 3878.0 4208.0 111000574
cell 11 2.55 3.09250527 0.1 0.09817477 302.0 2032.0 3878.0 4208.0 111000575
cell 11 2.65 -3.09250527 0.1 0.09817477 302.0 2032.0 3878.0 4208.0 111000576
cell 11 2.65 -2.9943305 0.1 0.09817477 302.0 2032.0 3878.0 4208.0 111000577
cell 11 2.65 -2.89615573 0.1 0.09817477 302.0 2032.0 3878.0 4208.0 111000578
cell 11 2.65 -2.79798096 0.1 0.09817477 302.0 2032.0 3878.0 4208.0 111000579
cell 11 2.65 -2.69980619 0.1 0.09817477 302.0 2032.0 3878.0 4208.0 111000580
cell 11 2.65 -2.60163142 0.1 0.09817477 302.0 2032.0 3878.0 4208.0 111000581
cell 11 2.65 -2.50345665 0.1 0.09817477 302.0 2032.0 3878.0 4208.0 111000582
cell 11 2.65 -2.40528188 0.1 0.09817477 302.0 2032.0 3878.0 4208.0 111000583
cell 11 2.65 -2.3071071 0.1 0.09817477 302.0 2032.0 3878.0 4208.0 111000584
cell 11 2.65 -2.20893233 0.1 0.09817477 302.0 2032.0 3878.0 4208.0 111000585
cell 11 2.65 -2.11075756 0.1 0.09817477 302.0 2032.0 3878.0 4208.0 111000586
cell 11 2.65 -2.01258279 0.1 0.09817477 302.0 2032.0 3878.0 4208.0 111000587
cell 11 2.65 -1.91440802 0.1 0.09817477 302.0 2032.0 3878.0 4208.0 111000588
cell 11 2.65 -1.81623325 0.1 0.09817477 302.0 2032.0 3878.0 4208.0 111000589
cell 11 2.65 -1.71805848 0.1 0.09817477 302.0 2032.0 3878.0 4208.0 111000590
cell 11 2.65 -1.61988371 0.1 0.09817477 302.0 2032.0 3878.0 4208.0 111000591
cell 11 2.65 -1.52170894 0.1 0.09817477 302.0 2032.0 3878.0 4208.0 111000592
cell 11 2.65 -1.42353417 0.1 0.09817477 302.0 2032.0 3878.0 4208.0 111000593
cell 11 2.65 -1.3253594 0.1 0.09817477 302.0 2032.0 3878.0 4208.0 111000594
cell 11 2.65 -1.22718463 0.1 0.09817477 302.0 2032.0 3878.0 4208.0 111000595
cell 11 2.65 -1.12900986 0.1 0.09817477 302.0 2032.0 3878.0 4208.0 111000596
cell 11 2.65 -1.03083509 0.1 0.09817477 302.0 2032.0 3878.0 4208.0 111000597
cell 11 2.65 -0.93266032 0.1 0.09817477 302.0 2032.0 3878.0 4208.0 111000598
cell 11 2.65 -0.83448555 0.1 0.09817477 302.0 2032.0 3878.0 4208.0 111000599
cell 11 2.65 -0.73631078 0.1 0.09817477 302.0 2032.0 3878.0 4208.0 111000600
cell 11 2.65 -0.63813601 0.1 0.09817477 302.0 2032.0 3878.0 4208.0 111000601
cell 11 2.65 -0.53996124 0.1 0.09817477 302.0 2032.0 3878.0 4208.0 111000602
cell 11 2.65 -0.44178647 0.1 0.09817477 302.0 2032.0 3878.0 4208.0 111000603
cell 11 2.65 -0.3436117 0.1 0.09817477 302.0 2032.0 3878.0 4208.0 111000604
cell 11 2.65 -0.24543693 0.1 0.09817477 302.0 2032.0 3878.0 4208.0 111000605
cell 11 2.65 -0.14726216 0.1 0.09817477 302.0 2032.0 3878.0 4208.0 111000606
cell 11 2.65 -0.04908739 0.1 0.09817477 302.0 2032.0 3878.0 4208.0 111000607
cell 11 2.65 0.04908739 0.1 0.09817477 302.0 2032.0 3878.0 4208.0 111000608
cell 11 2.65 0.14726216 0.1 0.09817477 302.0 2032.0 3878.0 4208.0 111000609
cell 11 2.65 0.24543693 0.1 0.09817477 302.0 2032.0 3878.0 4208.0 111000610
cell 11 2.65 0.3436117 0.1 0.09817477 302.0 2032.0 3878.0 4208.0 111000611
cell 11 2.65 0.44178647 0.1 0.09817477 302.0 2032.0 3878.0 4208.0 111000612
cell 11 2.65 0.53996124 0.1 0.09817477 302.0 2032.0 3878.0 4208.0 111000613
cell 11 2.65 0.63813601 0.1 0.09817477 302.0 2032.0 3878.0 4208.0 111000614
cell 11 2.65 0.73631078 0.1 0.09817477 302.0 2032.0 3878.0 4208.0 111000615
cell 11 2.65 0.83448555 0.1 0.09817477 302.0 2032.0 3878.0 4208.0 111000616
cell 11 2.65 0.93266032 0.1 0.09817477 302.0 2032.0 3878.0 4208.0 111000617
cell 11 2.65 1.03083509 0.1 0.09817477 302.0 2032.0 3878.0 4208.0 111000618
cell 11 2.65 1.12900986 0.1 0.09817477 302.0 2032.0 3878.0 4208.0 111000619
cell 11 2.65 1.22718463 0.1 0.09817477 302.0 2032.0 3878.0 4208.0 111000620
cell 11 2.65 1.3253594 0.1 0.09817477 302.0 2032.0 3878.0 4208.0 111000621
cell 11 2.65 1.42353417 0.1 0.09817477 302.0 2032.0 3878.0 4208.0 111000622
cell 11 2.65 1.52170894 0.1 0.09817477 302.0 2032.0 3878.0 4208.0 111000623
cell 11 2.65 1.61988371 0.1 0.09817477 302.0 2032.0 3878.0 4208.0 111000624
cell 11 2.65 1.71805848 0.1 0.09817477 302.0 2032.0 3878.0 4208.0 111000625
cell 11 2.65 1.81623325 0.1 0.09817477 302.0 2032.0 3878.0 4208.0 111000626
cell 11 2.65 1.91440802 0.1 0.09817477 302.0 2032.0 3878.0 4208.0 111000627
cell 11 2.65 2.01258279 0.1 0.09817477 302.0 2032.0 3878.0 4208.0 111000628
cell 11 2.65 2.11075756 0.1 0.09817477 302.0 2032.0 3878.0 4208.0 111000629
cell 11 2.65 2.20893233 0.1 0.09817477 302.0 2032.0 3878.0 4208.0 111000630
cell 11 2.65 2.3071071 0.1 0.09817477 302.0 2032.0 3878.0 4208.0 111000631
cell 11 2.65 2.40528188 0.1 0.09817477 302.0 2032.0 3878.0 4208.0 111000632
cell 11 2.65 2.50345665 0.1 0.09817477 302.0 2032.0 3878.0 4208.0 111000633
cell 11 2.65 2.60163142 0.1 0.09817477 302.0 2032.0 3878.0 4208.0 111000634
cell 11 2.65 2.69980619 0.1 0.09817477 302.0 2032.0 3878.0 4208.0 111000635
cell 11 2.65 2.79798096 0.1 0.09817477 302.0 2032.0 3878.0 4208.0 111000636
cell 11 2.65 2.89615573 0.1 0.09817477 302.0 2032.0 3878.0 4208.0 111000637
cell 11 2.65 2.9943305 0.1 0.09817477 302.0 2032.0 3878.0 4208.0 111000638
cell 11 2.65 3.09250527 0.1 0.09817477 302.0 2032.0 3878.0 4208.0 111000639
cell 11 2.75 -3.09250527 0.1 0.09817477 302.0 2032.0 3878.0 4208.0 111000640
cell 11 2.75 -2.9943305 0.1 0.09817477 302.0 2032.0 3878.0 4208.0 111000641
cell 11 2.75 -2.89615573 0.1 0.09817477 302.0 2032.0 3878.0 4208.0 111000642
cell 11 2.75 -2.79798096 0.1 0.09817477 302.0 2032.0 3878.0 4208.0 111000643
cell 11 2.75 -2.69980619 0.1 0.09817477 302.0 2032.0 3878.0 4208.0 111000644
cell 11 2.75 -2.60163142 0.1 0.09817477 302.0 2032.0 3878.0 4208.0 111000645
cell 11 2.75 -2.50345665 0.1 0.09817477 302.0 2032.0 3878.0 4208.0 111000646
cell 11 2.75 -2.40528188 0.1 0.09817477 302.0 2032.0 3878.0 4208.0 111000647
cell 11 2.75 -2.3071071 0.1 0.09817477 302.0 2032.0 3878.0 4208.0 111000648
cell 11 2.75 -2.20893233 0.1 0.09817477 302.0 2032.0 3878.0 4208.0 111000649
cell 11 2.75 -2.11075756 0.1 0.09817477 302.0 2032.0 3878.0 4208.0 111000650
cell 11 2.75 -2.01258279 0.1 0.09817477 302.0 2032.0 3878.0 4208.0 111000651
cell 11 2.75 -1.91440802 0.1 0.09817477 302.0 2032.0 3878.0 4208.0 111000652
cell 11 2.75 -1.81623325 0.1 0.09817477 302.0 2032.0 3878.0 4208.0 111000653
cell 11 2.75 -1.71805848 0.1 0.09817477 302.0 2032.0 3878.0 4208.0 111000654
cell 11 2.75 -1.61988371 0.1 0.09817477 302.0 2032.0 3878.0 4208.0 111000655
cell 11 2.75 -1.52170894 0.1 0.09817477 302.0 2032.0 3878.0 4208.0 111000656
cell 11 2.75 -1.42353417 0.1 0.09817477 302.0 2032.0 3878.0 4208.0 111000657
cell 11 2.75 -1.3253594 0.1 0.09817477 302.0 2032.0 3878.0 4208.0 111000658
cell 11 2.75 -1.22718463 0.1 0.09817477 302.0 2032.0 3878.0 4208.0 111000659
cell 11 2.75 -1.12900986 0.1 0.09817477 302.0 2032.0 3878.0 4208.0 111000660
cell 11 2.75 -1.03083509 0.1 0.09817477 302.0 2032.0 3878.0 4208.0 111000661
cell 11 2.75 -0.93266032 0.1 0.09817477 302.0 2032.0 3878.0 4208.0 111000662
cell 11 2.75 -0.83448555 0.1 0.09817477 302.0 2032.0 3878.0 4208.0 111000663
cell 11 2.75 -0.73631078 0.1 0.09817477 302.0 2032.0 3878.0 4208.0 111000664
cell 11 2.75 -0.63813601 0.1 0.09817477 302.0 2032.0 3878.0 4208.0 111000665
cell 11 2.75 -0.53996124 0.1 0.09817477 302.0 2032.0 3878.0 4208.0 111000666
cell 11 2.75 -0.44178647 0.1 0.09817477 302.0 2032.0 3878.0 4208.0 111000667
cell 11 2.75 -0.3436117 0.1 0.09817477 302.0 2032.0 3878.0 4208.0 111000668
cell 11 2.75 -0.24543693 0.1 0.09817477 302.0 2032.0 3878.0 4208.0 111000669
cell 11 2.75 -0.14726216 0.1 0.09817477 302.0 2032.0 3878.0 4208.0 111000670
cell 11 2.75 -0.04908739 0.1 0.09817477 302.0 2032.0 3878.0 4208.0 111000671
cell 11 2.75 0.04908739 0.1 0.09817477 302.0 2032.0 3878.0 4208.0 111000672
cell 11 2.75 0.14726216 0.1 0.09817477 302.0 2032.0 3878.0 4208.0 111000673
cell 11 2.75 0.24543693 0.1 0.09817477 302.0 2032.0 3878.0 4208.0 111000674
cell 11 2.75 0.3436117 0.1 0.09817477 302.0 2032.0 3878.0 4208.0 111000675
cell 11 2.75 0.44178647 0.1 0.09817477 302.0 2032.0 3878.0 4208.0 111000676
cell 11 2.75 0.53996124 0.1 0.09817477 302.0 2032.0 3878.0 4208.0 111000677
cell 11 2.75 0.63813601 0.1 0.09817477 302.0 2032.0 3878.0 4208.0 111000678
cell 11 2.75 0.73631078 0.1 0.09817477 302.0 2032.0 3878.0 4208.0 111000679
cell 11 2.75 0.83448555 0.1 0.09817477 302.0 2032.0 3878.0 4208.0 111000680
cell 11 2.75 0.93266032 0.1 0.09817477 302.0 2032.0 3878.0 4208.0 111000681
cell 11 2.75 1.03083509 0.1 0.09817477 302.0 2032.0 3878.0 4208.0 111000682
cell 11 2.75 1.12900986 0.1 0.09817477 302.0 2032.0 3878.0 4208.0 111000683
cell 11 2.75 1.22718463 0.1 0.09817477 302.0 2032.0 3878.0 4208.0 111000684
cell 11 2.75 1.3253594 0.1 0.09817477 302.0 2032.0 3878.0 4208.0 111000685
cell 11 2.75 1.42353417 0.1 0.09817477 302.0 2032.0 3878.0 4208.0 111000686
cell 11 2.75 1.52170894 0.1 0.09817477 302.0 2032.0 3878.0 4208.0 111000687
cell 11 2.75 1.61988371 0.1 0.09817477 302.0 2032.0 3878.0 4208.0 111000688
cell 11 2.75 1.71805848 0.1 0.09817477 302.0 2032.0 3878.0 4208.0 111000689
cell 11 2.75 1.81623325 0.1 0.09817477 302.0 2032.0 3878.0 4208.0 111000690
cell 11 2.75 1.91440802 0.1 0.09817477 302.0 2032.0 3878.0 4208.0 111000691
cell 11 2.75 2.01258279 0.1 0.09817477 302.0 2032.0 3878.0 4208.0 111000692
cell 11 2.75 2.11075756 0.1 0.09817477 302.0 2032.0 3878.0 4208.0 111000693
cell 11 2.75 2.20893233 0.1 0.09817477 302.0 2032.0 3878.0 4208.0 111000694
cell 11 2.75 2.3071071 0.1 0.09817477 302.0 2032.0 3878.0 4208.0 111000695
cell 11 2.75 2.40528188 0.1 0.09817477 302.0 2032.0 3878.0 4208.0 111000696
cell 11 2.75 2.50345665 0.1 0.09817477 302.0 2032.0 3878.0 4208.0 111000697
cell 11 2.75 2.60163142 0.1 0.09817477 302.0 2032.0 3878.0 4208.0 111000698
cell 11 2.75 2.69980619 0.1 0.09817477 302.0 2032.0 3878.0 4208.0 111000699
cell 11 2.75 2.79798096 0.1 0.09817477 302.0 2032.0 3878.0 4208.0 111000700
cell 11 2.75 2.89615573 0.1 0.09817477 302.0 2032.0 3878.0 4208.0 111000701
cell 11 2.75 2.9943305 0.1 0.09817477 302.0 2032.0 3878.0 4208.0 111000702
cell 11 2.75 3.09250527 0.1 0.09817477 302.0 2032.0 3878.0 4208.0 111000703
cell 11 2.85 -3.09250527 0.1 0.09817477 302.0 2032.0 3878.0 4208.0 111000704
cell 11 2.85 -2.9943305 0.1 0.09817477 302.0 2032.0 3878.0 4208.0 111000705
cell 11 2.85 -2.89615573 0.1 0.09817477 302.0 2032.0 3878.0 4208.0 111000706
cell 11 2.85 -2.79798096 0.1 0.09817477 302.0 2032.0 3878.0 4208.0 111000707
cell 11 2.85 -2.69980619 0.1 0.09817477 302.0 2032.0 3878.0 4208.0 111000708
cell 11 2.85 -2.60163142 0.1 0.09817477 302.0 2032.0 3878.0 4208.0 111000709
cell 11 2.85 -2.50345665 0.1 0.09817477 302.0 2032.0 3878.0 4208.0 111000710
cell 11 2.85 -2.40528188 0.1 0.09817477 302.0 2032.0 3878.0 4208.0 111000711
cell 11 2.85 -2.3071071 0.1 0.09817477 302.0 2032.0 3878.0 4208.0 111000712
cell 11 2.85 -2.20893233 0.1 0.09817477 302.0 2032.0 3878.0 4208.0 111000713
cell 11 2.85 -2.11075756 0.1 0.09817477 302.0 2032.0 3878.0 4208.0 111000714
cell 11 2.85 -2.01258279 0.1 0.09817477 302.0 2032.0 3878.0 4208.0 111000715
cell 11 2.85 -1.91440802 0.1 0.09817477 302.0 2032.0 3878.0 4208.0 111000716
cell 11 2.85 -1.81623325 0.1 0.09817477 302.0 2032.0 3878.0 4208.0 111000717
cell 11 2.85 -1.71805848 0.1 0.09817477 302.0 2032.0 3878.0 4208.0 111000718
cell 11 2.85 -1.61988371 0.1 0.09817477 302.0 2032.0 3878.0 4208.0 111000719
cell 11 2.85 -1.52170894 0.1 0.09817477 302.0 2032.0 3878.0 4208.0 111000720
cell 11 2.85 -1.42353417 0.1 0.09817477 302.0 2032.0 3878.0 4208.0 111000721
cell 11 2.85 -1.3253594 0.1 0.09817477 302.0 2032.0 3878.0 4208.0 111000722
cell 11 2.85 -1.22718463 0.1 0.09817477 302.0 2032.0 3878.0 4208.0 111000723
cell 11 2.85 -1.12900986 0.1 0.09817477 302.0 2032.0 3878.0 4208.0 111000724
cell 11 2.85 -1.03083509 0.1 0.09817477 302.0 2032.0 3878.0 4208.0 111000725
cell 11 2.85 -0.93266032 0.1 0.09817477 302.0 2032.0 3878.0 4208.0 111000726
cell 11 2.85 -0.83448555 0.1 0.09817477 302.0 2032.0 3878.0 4208.0 111000727
cell 11 2.85 -0.73631078 0.1 0.09817477 302.0 2032.0 3878.0 4208.0 111000728
cell 11 2.85 -0.63813601 0.1 0.09817477 302.0 2032.0 3878.0 4208.0 111000729
cell 11 2.85 -0.53996124 0.1 0.09817477 302.0 2032.0 3878.0 4208.0 111000730
cell 11 2.85 -0.44178647 0.1 0.09817477 302.0 2032.0 3878.0 4208.0 111000731
cell 11 2.85 -0.3436117 0.1 0.09817477 302.0 2032.0 3878.0 4208.0 111000732
cell 11 2.85 -0.24543693 0.1 0.09817477 302.0 2032.0 3878.0 4208.0 111000733
cell 11 2.85 -0.14726216 0.1 0.09817477 302.0 2032.0 3878.0 4208.0 111000734
cell 11 2.85 -0.04908739 0.1 0.09817477 302.0 2032.0 3878.0 4208.0 111000735
cell 11 2.85 0.04908739 0.1 0.09817477 302.0 2032.0 3878.0 4208.0 111000736
cell 11 2.85 0.14726216 0.1 0.09817477 302.0 2032.0 3878.0 4208.0 111000737
cell 11 2.85 0.24543693 0.1 0.09817477 302.0 2032.0 3878.0 4208.0 111000738
cell 11 2.85 0.3436117 0.1 0.09817477 302.0 2032.0 3878.0 4208.0 111000739
cell 11 2.85 0.44178647 0.1 0.09817477 302.0 2032.0 3878.0 4208.0 111000740
cell 11 2.85 0.53996124 0.1 0.09817477 302.0 2032.0 3878.0 4208.0 111000741
cell 11 2.85 0.63813601 0.1 0.09817477 302.0 2032.0 3878.0 4208.0 111000742
cell 11 2.85 0.73631078 0.1 0.09817477 302.0 2032.0 3878.0 4208.0 111000743
cell 11 2.85 0.83448555 0.1 0.09817477 302.0 2032.0 3878.0 4208.0 111000744
cell 11 2.85 0.93266032 0.1 0.09817477 302.0 2032.0 3878.0 4208.0 111000745
cell 11 2.85 1.03083509 0.1 0.09817477 302.0 2032.0 3878.0 4208.0 111000746
cell 11 2.85 1.12900986 0.1 0.09817477 302.0 2032.0 3878.0 4208.0 111000747
cell 11 2.85 1.22718463 0.1 0.09817477 302.0 2032.0 3878.0 4208.0 111000748
cell 11 2.85 1.3253594 0.1 0.09817477 302.0 2032.0 3878.0 4208.0 111000749
cell 11 2.85 1.42353417 0.1 0.09817477 302.0 2032.0 3878.0 4208.0 111000750
cell 11 2.85 1.52170894 0.1 0.09817477 302.0 2032.0 3878.0 4208.0 111000751
cell 11 2.85 1.61988371 0.1 0.09817477 302.0 2032.0 3878.0 4208.0 111000752
cell 11 2.85 1.71805848 0.1 0.09817477 302.0 2032.0 3878.0 4208.0 111000753
cell 11 2.85 1.81623325 0.1 0.09817477 302.0 2032.0 3878.0 4208.0 111000754
cell 11 2.85 1.91440802 0.1 0.09817477 302.0 2032.0 3878.0 4208.0 111000755
cell 11 2.85 2.01258279 0.1 0.09817477 302.0 2032.0 3878.0 4208.0 111000756
cell 11 2.85 2.11075756 0.1 0.09817477 302.0 2032.0 3878.0 4208.0 111000757
cell 11 2.85 2.20893233 0.1 0.09817477 302.0 2032.0 3878.0 4208.0 111000758
cell 11 2.85 2.3071071 0.1 0.09817477 302.0 2032.0 3878.0 4208.0 111000759
cell 11 2.85 2.40528188 0.1 0.09817477 302.0 2032.0 3878.0 4208.0 111000760
cell 11 2.85 2.50345665 0.1 0.09817477 302.0 2032.0 3878.0 4208.0 111000761
cell 11 2.85 2.60163142 0.1 0.09817477 302.0 2032.0 3878.0 4208.0 111000762
cell 11 2.85 2.69980619 0.1 0.09817477 302.0 2032.0 3878.0 4208.0 111000763
cell 11 2.85 2.79798096 0.1 0.09817477 302.0 2032.0 3878.0 4208.0 111000764
cell 11 2.85 2.89615573 0.1 0.09817477 302.0 2032.0 3878.0 4208.0 111000765
cell 11 2.85 2.9943305 0.1 0.09817477 302.0 2032.0 3878.0 4208.0 111000766
cell 11 2.85 3.09250527 0.1 0.09817477 302.0 2032.0 3878.0 4208.0 111000767
cell 11 2.95 -3.09250527 0.1 0.09817477 302.0 2032.0 3878.0 4208.0 111000768
cell 11 2.95 -2.9943305 0.1 0.09817477 302.0 2032.0 3878.0 4208.0 111000769
cell 11 2.95 -2.89615573 0.1 0.09817477 302.0 2032.0 3878.0 4208.0 111000770
cell 11 2.95 -2.79798096 0.1 0.09817477 302.0 2032.0 3878.0 4208.0 111000771
cell 11 2.95 -2.69980619 0.1 0.09817477 302.0 2032.0 3878.0 4208.0 111000772
cell 11 2.95 -2.60163142 0.1 0.09817477 302.0 2032.0 3878.0 4208.0 111000773
cell 11 2.95 -2.50345665 0.1 0.09817477 302.0 2032.0 3878.0 4208.0 111000774
cell 11 2.95 -2.40528188 0.1 0.09817477 302.0 2032.0 3878.0 4208.0 111000775
cell 11 2.95 -2.3071071 0.1 0.09817477 302.0 2032.0 3878.0 4208.0 111000776
cell 11 2.95 -2.20893233 0.1 0.09817477 302.0 2032.0 3878.0 4208.0 111000777
cell 11 2.95 -2.11075756 0.1 0.09817477 302.0 2032.0 3878.0 4208.0 111000778
cell 11 2.95 -2.01258279 0.1 0.09817477 302.0 2032.0 3878.0 4208.0 111000779
cell 11 2.95 -1.91440802 0.1 0.09817477 302.0 2032.0 3878.0 4208.0 111000780
cell 11 2.95 -1.81623325 0.1 0.09817477 302.0 2032.0 3878.0 4208.0 111000781
cell 11 2.95 -1.71805848 0.1 0.09817477 302.0 2032.0 3878.0 4208.0 111000782
cell 11 2.95 -1.61988371 0.1 0.09817477 302.0 2032.0 3878.0 4208.0 111000783
cell 11 2.95 -1.52170894 0.1 0.09817477 302.0 2032.0 3878.0 4208.0 111000784
cell 11 2.95 -1.42353417 0.1 0.09817477 302.0 2032.0 3878.0 4208.0 111000785
cell 11 2.95 -1.3253594 0.1 0.09817477 302.0 2032.0 3878.0 4208.0 111000786
cell 11 2.95 -1.22718463 0.1 0.09817477 302.0 2032.0 3878.0 4208.0 111000787
cell 11 2.95 -1.12900986 0.1 0.09817477 302.0 2032.0 3878.0 4208.0 111000788
cell 11 2.95 -1.03083509 0.1 0.09817477 302.0 2032.0 3878.0 4208.0 111000789
cell 11 2.95 -0.93266032 0.1 0.09817477 302.0 2032.0 3878.0 4208.0 111000790
cell 11 2.95 -0.83448555 0.1 0.09817477 302.0 2032.0 3878.0 4208.0 111000791
cell 11 2.95 -0.73631078 0.1 0.09817477 302.0 2032.0 3878.0 4208.0 111000792
cell 11 2.95 -0.63813601 0.1 0.09817477 302.0 2032.0 3878.0 4208.0 111000793
cell 11 2.95 -0.53996124 0.1 0.09817477 302.0 2032.0 3878.0 4208.0 111000794
cell 11 2.95 -0.44178647 0.1 0.09817477 302.0 2032.0 3878.0 4208.0 111000795
cell 11 2.95 -0.3436117 0.1 0.09817477 302.0 2032.0 3878.0 4208.0 111000796
cell 11 2.95 -0.24543693 0.1 0.09817477 302.0 2032.0 3878.0 4208.0 111000797
cell 11 2.95 -0.14726216 0.1 0.09817477 302.0 2032.0 3878.0 4208.0 111000798
cell 11 2.95 -0.04908739 0.1 0.09817477 302.0 2032.0 3878.0 4208.0 111000799
cell 11 2.95 0.04908739 0.1 0.09817477 302.0 2032.0 3878.0 4208.0 111000800
cell 11 2.95 0.14726216 0.1 0.09817477 302.0 2032.0 3878.0 4208.0 111000801
cell 11 2.95 0.24543693 0.1 0.09817477 302.0 2032.0 3878.0 4208.0 111000802
cell 11 2.95 0.3436117 0.1 0.09817477 302.0 2032.0 3878.0 4208.0 111000803
cell 11 2.95 0.44178647 0.1 0.09817477 302.0 2032.0 3878.0 4208.0 111000804
cell 11 2.95 0.53996124 0.1 0.09817477 302.0 2032.0 3878.0 4208.0 111000805
cell 11 2.95 0.63813601 0.1 0.09817477 302.0 2032.0 3878.0 4208.0 111000806
cell 11 2.95 0.73631078 0.1 0.09817477 302.0 2032.0 3878.0 4208.0 111000807
cell 11 2.95 0.83448555 0.1 0.09817477 302.0 2032.0 3878.0 4208.0 111000808
cell 11 2.95 0.93266032 0.1 0.09817477 302.0 2032.0 3878.0 4208.0 111000809
cell 11 2.95 1.03083509 0.1 0.09817477 302.0 2032.0 3878.0 4208.0 111000810
cell 11 2.95 1.12900986 0.1 0.09817477 302.0 2032.0 3878.0 4208.0 111000811
cell 11 2.95 1.22718463 0.1 0.09817477 302.0 2032.0 3878.0 4208.0 111000812
cell 11 2.95 1.3253594 0.1 0.09817477 302.0 2032.0 3878.0 4208.0 111000813
cell 11 2.95 1.42353417 0.1 0.09817477 302.0 2032.0 3878.0 4208.0 111000814
cell 11 2.95 1.52170894 0.1 0.09817477 302.0 2032.0 3878.0 4208.0 111000815
cell 11 2.95 1.61988371 0.1 0.09817477 302.0 2032.0 3878.0 4208.0 111000816
cell 11 2.95 1.71805848 0.1 0.09817477 302.0 2032.0 3878.0 4208.0 111000817
cell 11 2.95 1.81623325 0.1 0.09817477 302.0 2032.0 3878.0 4208.0 111000818
cell 11 2.95 1.91440802 0.1 0.09817477 302.0 2032.0 3878.0 4208.0 111000819
cell 11 2.95 2.01258279 0.1 0.09817477 302.0 2032.0 3878.0 4208.0 111000820
cell 11 2.95 2.11075756 0.1 0.09817477 302.0 2032.0 3878.0 4208.0 111000821
cell 11 2.95 2.20893233 0.1 0.09817477 302.0 2032.0 3878.0 4208.0 111000822
cell 11 2.95 2.3071071 0.1 0.09817477 302.0 2032.0 3878.0 4208.0 111000823
cell 11 2.95 2.40528188 0.1 0.09817477 302.0 2032.0 3878.0 4208.0 111000824
cell 11 2.95 2.50345665 0.1 0.09817477 302.0 2032.0 3878.0 4208.0 111000825
cell 11 2.95 2.60163142 0.1 0.09817477 302.0 2032.0 3878.0 4208.0 111000826
cell 11 2.95 2.69980619 0.1 0.09817477 302.0 2032.0 3878.0 4208.0 111000827
cell 11 2.95 2.79798096 0.1 0.09817477 302.0 2032.0 3878.0 4208.0 111000828
cell 11 2.95 2.89615573 0.1 0.09817477 302.0 2032.0 3878.0 4208.0 111000829
cell 11 2.95 2.9943305 0.1 0.09817477 302.0 2032.0 3878.0 4208.0 111000830
cell 11 2.95 3.09250527 0.1 0.09817477 302.0 2032.0 3878.0 4208.0 111000831
cell 11 3.05 -3.09250527 0.1 0.09817477 302.0 2032.0 3878.0 4208.0 111000832
cell 11 3.05 -2.9943305 0.1 0.09817477 302.0 2032.0 3878.0 4208.0 111000833
cell 11 3.05 -2.89615573 0.1 0.09817477 302.0 2032.0 3878.0 4208.0 111000834
cell 11 3.05 -2.79798096 0.1 0.09817477 302.0 2032.0 3878.0 4208.0 111000835
cell 11 3.05 -2.69980619 0.1 0.09817477 302.0 2032.0 3878.0 4208.0 111000836
cell 11 3.05 -2.60163142 0.1 0.09817477 302.0 2032.0 3878.0 4208.0 111000837
cell 11 3.05 -2.50345665 0.1 0.09817477 302.0 2032.0 3878.0 4208.0 111000838
cell 11 3.05 -2.40528188 0.1 0.09817477 302.0 2032.0 3878.0 4208.0 111000839
cell 11 3.05 -2.3071071 0.1 0.09817477 302.0 2032.0 3878.0 4208.0 111000840
cell 11 3.05 -2.20893233 0.1 0.09817477 302.0 2032.0 3878.0 4208.0 111000841
cell 11 3.05 -2.11075756 0.1 0.09817477 302.0 2032.0 3878.0 4208.0 111000842
cell 11 3.05 -2.01258279 0.1 0.09817477 302.0 2032.0 3878.0 4208.0 111000843
cell 11 3.05 -1.91440802 0.1 0.09817477 302.0 2032.0 3878.0 4208.0 111000844
cell 11 3.05 -1.81623325 0.1 0.09817477 302.0 2032.0 3878.0 4208.0 111000845
cell 11 3.05 -1.71805848 0.1 0.09817477 302.0 2032.0 3878.0 4208.0 111000846
cell 11 3.05 -1.61988371 0.1 0.09817477 302.0 2032.0 3878.0 4208.0 111000847
cell 11 3.05 -1.52170894 0.1 0.09817477 302.0 2032.0 3878.0 4208.0 111000848
cell 11 3.05 -1.42353417 0.1 0.09817477 302.0 2032.0 3878.0 4208.0 111000849
cell 11 3.05 -1.3253594 0.1 0.09817477 302.0 2032.0 3878.0 4208.0 111000850
cell 11 3.05 -1.22718463 0.1 0.09817477 302.0 2032.0 3878.0 4208.0 111000851
cell 11 3.05 -1.12900986 0.1 0.09817477 302.0 2032.0 3878.0 4208.0 111000852
cell 11 3.05 -1.03083509 0.1 0.09817477 302.0 2032.0 3878.0 4208.0 111000853
cell 11 3.05 -0.93266032 0.1 0.09817477 302.0 2032.0 3878.0 4208.0 111000854
cell 11 3.05 -0.83448555 0.1 0.09817477 302.0 2032.0 3878.0 4208.0 111000855
cell 11 3.05 -0.73631078 0.1 0.09817477 302.0 2032.0 3878.0 4208.0 111000856
cell 11 3.05 -0.63813601 0.1 0.09817477 302.0 2032.0 3878.0 4208.0 111000857
cell 11 3.05 -0.53996124 0.1 0.09817477 302.0 2032.0 3878.0 4208.0 111000858
cell 11 3.05 -0.44178647 0.1 0.09817477 302.0 2032.0 3878.0 4208.0 111000859
cell 11 3.05 -0.3436117 0.1 0.09817477 302.0 2032.0 3878.0 4208.0 111000860
cell 11 3.05 -0.24543693 0.1 0.09817477 302.0 2032.0 3878.0 4208.0 111000861
cell 11 3.05 -0.14726216 0.1 0.09817477 302.0 2032.0 3878.0 4208.0 111000862
cell 11 3.05 -0.04908739 0.1 0.09817477 302.0 2032.0 3878.0 4208.0 111000863
cell 11 3.05 0.04908739 0.1 0.09817477 302.0 2032.0 3878.0 4208.0 111000864
cell 11 3.05 0.14726216 0.1 0.09817477 302.0 2032.0 3878.0 4208.0 111000865
cell 11 3.05 0.24543693 0.1 0.09817477 302.0 2032.0 3878.0 4208.0 111000866
cell 11 3.05 0.3436117 0.1 0.09817477 302.0 2032.0 3878.0 4208.0 111000867
cell 11 3.05 0.44178647 0.1 0.09817477 302.0 2032.0 3878.0 4208.0 111000868
cell 11 3.05 0.53996124 0.1 0.09817477 302.0 2032.0 3878.0 4208.0 111000869
cell 11 3.05 0.63813601 0.1 0.09817477 302.0 2032.0 3878.0 4208.0 111000870
cell 11 3.05 0.73631078 0.1 0.09817477 302.0 2032.0 3878.0 4208.0 111000871
cell 11 3.05 0.83448555 0.1 0.09817477 302.0 2032.0 3878.0 4208.0 111000872
cell 11 3.05 0.93266032 0.1 0.09817477 302.0 2032.0 3878.0 4208.0 111000873
cell 11 3.05 1.03083509 0.1 0.09817477 302.0 2032.0 3878.0 4208.0 111000874
cell 11 3.05 1.12900986 0.1 0.09817477 302.0 2032.0 3878.0 4208.0 111000875
cell 11 3.05 1.22718463 0.1 0.09817477 302.0 2032.0 3878.0 4208.0 111000876
cell 11 3.05 1.3253594 0.1 0.09817477 302.0 2032.0 3878.0 4208.0 111000877
cell 11 3.05 1.42353417 0.1 0.09817477 302.0 2032.0 3878.0 4208.0 111000878
cell 11 3.05 1.52170894 0.1 0.09817477 302.0 2032.0 3878.0 4208.0 111000879
cell 11 3.05 1.61988371 0.1 0.09817477 302.0 2032.0 3878.0 4208.0 111000880
cell 11 3.05 1.71805848 0.1 0.09817477 302.0 2032.0 3878.0 4208.0 111000881
cell 11 3.05 1.81623325 0.1 0.09817477 302.0 2032.0 3878.0 4208.0 111000882
cell 11 3.05 1.91440802 0.1 0.09817477 302.0 2032.0 3878.0 4208.0 111000883
cell 11 3.05 2.01258279 0.1 0.09817477 302.0 2032.0 3878.0 4208.0 111000884
cell 11 3.05 2.11075756 0.1 0.09817477 302.0 2032.0 3878.0 4208.0 111000885
cell 11 3.05 2.20893233 0.1 0.09817477 302.0 2032.0 3878.0 4208.0 111000886
cell 11 3.05 2.3071071 0.1 0.09817477 302.0 2032.0 3878.0 4208.0 111000887
cell 11 3.05 2.40528188 0.1 0.09817477 302.0 2032.0 3878.0 4208.0 111000888
cell 11 3.05 2.50345665 0.1 0.09817477 302.0 2032.0 3878.0 4208.0 111000889
cell 11 3.05 2.60163142 0.1 0.09817477 302.0 2032.0 3878.0 4208.0 111000890
cell 11 3.05 2.69980619 0.1 0.09817477 302.0 2032.0 3878.0 4208.0 111000891
cell 11 3.05 2.79798096 0.1 0.09817477 302.0 2032.0 3878.0 4208.0 111000892
cell 11 3.05 2.89615573 0.1 0.09817477 302.0 2032.0 3878.0 4208.0 111000893
cell 11 3.05 2.9943305 0.1 0.09817477 302.0 2032.0 3878.0 4208.0 111000894
cell 11 3.05 3.09250527 0.1 0.09817477 302.0 2032.0 3878.0 4208.0 111000895
cell 11 3.15 -3.09250527 0.1 0.09817477 302.0 2032.0 3878.0 4208.0 111000896
cell 11 3.15 -2.9943305 0.1 0.09817477 302.0 2032.0 3878.0 4208.0 111000897
cell 11 3.15 -2.89615573 0.1 0.09817477 302.0 2032.0 3878.0 4208.0 111000898
cell 11 3.15 -2.79798096 0.1 0.09817477 302.0 2032.0 3878.0 4208.0 111000899
cell 11 3.15 -2.69980619 0.1 0.09817477 302.0 2032.0 3878.0 4208.0 111000900
cell 11 3.15 -2.60163142 0.1 0.09817477 302.0 2032.0 3878.0 4208.0 111000901
cell 11 3.15 -2.50345665 0.1 0.09817477 302.0 2032.0 3878.0 4208.0 111000902
cell 11 3.15 -2.40528188 0.1 0.09817477 302.0 2032.0 3878.0 4208.0 111000903
cell 11 3.15 -2.3071071 0.1 0.09817477 302.0 2032.0 3878.0 4208.0 111000904
cell 11 3.15 -2.20893233 0.1 0.09817477 302.0 2032.0 3878.0 4208.0 111000905
cell 11 3.15 -2.11075756 0.1 0.09817477 302.0 2032.0 3878.0 4208.0 111000906
cell 11 3.15 -2.01258279 0.1 0.09817477 302.0 2032.0 3878.0 4208.0 111000907
cell 11 3.15 -1.91440802 0.1 0.09817477 302.0 2032.0 3878.0 4208.0 111000908
cell 11 3.15 -1.81623325 0.1 0.09817477 302.0 2032.0 3878.0 4208.0 111000909
cell 11 3.15 -1.71805848 0.1 0.09817477 302.0 2032.0 3878.0 4208.0 111000910
cell 11 3.15 -1.61988371 0.1 0.09817477 302.0 2032.0 3878.0 4208.0 111000911
cell 11 3.15 -1.52170894 0.1 0.09817477 302.0 2032.0 3878.0 4208.0 111000912
cell 11 3.15 -1.42353417 0.1 0.09817477 302.0 2032.0 3878.0 4208.0 111000913
cell 11 3.15 -1.3253594 0.1 0.09817477 302.0 2032.0 3878.0 4208.0 111000914
cell 11 3.15 -1.22718463 0.1 0.09817477 302.0 2032.0 3878.0 4208.0 111000915
cell 11 3.15 -1.12900986 0.1 0.09817477 302.0 2032.0 3878.0 4208.0 111000916
cell 11 3.15 -1.03083509 0.1 0.09817477 302.0 2032.0 3878.0 4208.0 111000917
cell 11 3.15 -0.93266032 0.1 0.09817477 302.0 2032.0 3878.0 4208.0 111000918
cell 11 3.15 -0.83448555 0.1 0.09817477 302.0 2032.0 3878.0 4208.0 111000919
cell 11 3.15 -0.73631078 0.1 0.09817477 302.0 2032.0 3878.0 4208.0 111000920
cell 11 3.15 -0.63813601 0.1 0.09817477 302.0 2032.0 3878.0 4208.0 111000921
cell 11 3.15 -0.53996124 0.1 0.09817477 302.0 2032.0 3878.0 4208.0 111000922
cell 11 3.15 -0.44178647 0.1 0.09817477 302.0 2032.0 3878.0 4208.0 111000923
cell 11 3.15 -0.3436117 0.1 0.09817477 302.0 2032.0 3878.0 4208.0 111000924
cell 11 3.15 -0.24543693 0.1 0.09817477 302.0 2032.0 3878.0 4208.0 111000925
cell 11 3.15 -0.14726216 0.1 0.09817477 302.0 2032.0 3878.0 4208.0 111000926
cell 11 3.15 -0.04908739 0.1 0.09817477 302.0 2032.0 3878.0 4208.0 111000927
cell 11 3.15 0.04908739 0.1 0.09817477 302.0 2032.0 3878.0 4208.0 111000928
cell 11 3.15 0.14726216 0.1 0.09817477 302.0 2032.0 3878.0 4208.0 111000929
cell 11 3.15 0.24543693 0.1 0.09817477 302.0 2032.0 3878.0 4208.0 111000930
cell 11 3.15 0.3436117 0.1 0.09817477 302.0 2032.0 3878.0 4208.0 111000931
cell 11 3.15 0.44178647 0.1 0.09817477 302.0 2032.0 3878.0 4208.0 111000932
cell 11 3.15 0.53996124 0.1 0.09817477 302.0 2032.0 3878.0 4208.0 111000933
cell 11 3.15 0.63813601 0.1 0.09817477 302.0 2032.0 3878.0 4208.0 111000934
cell 11 3.15 0.73631078 0.1 0.09817477 302.0 2032.0 3878.0 4208.0 111000935
cell 11 3.15 0.83448555 0.1 0.09817477 302.0 2032.0 3878.0 4208.0 111000936
cell 11 3.15 0.93266032 0.1 0.09817477 302.0 2032.0 3878.0 4208.0 111000937
cell 11 3.15 1.03083509 0.1 0.09817477 302.0 2032.0 3878.0 4208.0 111000938
cell 11 3.15 1.12900986 0.1 0.09817477 302.0 2032.0 3878.0 4208.0 111000939
cell 11 3.15 1.22718463 0.1 0.09817477 302.0 2032.0 3878.0 4208.0 111000940
cell 11 3.15 1.3253594 0.1 0.09817477 302.0 2032.0 3878.0 4208.0 111000941
cell 11 3.15 1.42353417 0.1 0.09817477 302.0 2032.0 3878.0 4208.0 111000942
cell 11 3.15 1.52170894 0.1 0.09817477 302.0 2032.0 3878.0 4208.0 111000943
cell 11 3.15 1.61988371 0.1 0.09817477 302.0 2032.0 3878.0 4208.0 111000944
cell 11 3.15 1.71805848 0.1 0.09817477 302.0 2032.0 3878.0 4208.0 111000945
cell 11 3.15 1.81623325 0.1 0.09817477 302.0 2032.0 3878.0 4208.0 111000946
cell 11 3.15 1.91440802 0.1 0.09817477 302.0 2032.0 3878.0 4208.0 111000947
cell 11 3.15 2.01258279 0.1 0.09817477 302.0 2032.0 3878.0 4208.0 111000948
cell 11 3.15 2.11075756 0.1 0.09817477 302.0 2032.0 3878.0 4208.0 111000949
cell 11 3.15 2.20893233 0.1 0.09817477 302.0 2032.0 3878.0 4208.0 111000950
cell 11 3.15 2.3071071 0.1 0.09817477 302.0 2032.0 3878.0 4208.0 111000951
cell 11 3.15 2.40528188 0.1 0.09817477 302.0 2032.0 3878.0 4208.0 111000952
cell 11 3.15 2.50345665 0.1 0.09817477 302.0 2032.0 3878.0 4208.0 111000953
cell 11 3.15 2.60163142 0.1 0.09817477 302.0 2032.0 3878.0 4208.0 111000954
cell 11 3.15 2.69980619 0.1 0.09817477 302.0 2032.0 3878.0 4208.0 111000955
cell 11 3.15 2.79798096 0.1 0.09817477 302.0 2032.0 3878.0 4208.0 111000956
cell 11 3.15 2.89615573 0.1 0.09817477 302.0 2032.0 3878.0 4208.0 111000957
cell 11 3.15 2.9943305 0.1 0.09817477 302.0 2032.0 3878.0 4208.0 111000958
cell 11 3.15 3.09250527 0.1 0.09817477 302.0 2032.0 3878.0 4208.0 111000959
