# sample segmentation eta phi delta_eta delta_phi rmin rmax zmin zmax
config 2 12 1 2.5 3.2 302.0 2032.0 3878.0 4208.0
eta_bins -3.2 -3.1 -3.0 -2.9 -2.8 -2.7 -2.6 -2.5 2.5 2.6 2.7 2.8 2.9 3.0 3.1 3.2
phi_bins -3.1416 -3.0434 -2.9452 -2.8471 -2.7489 -2.6507 -2.5525 -2.4544 -2.3562 -2.258 -2.1598 -2.0617 -1.9635 -1.8653 -1.7671 -1.669 -1.5708 -1.4726 -1.3744 -1.2763 -1.1781 -1.0799 -0.9817 -0.8836 -0.7854 -0.6872 -0.589 -0.4909 -0.3927 -0.2945 -0.1963 -0.0982 0.0 0.0982 0.1963 0.2945 0.3927 0.4909 0.589 0.6872 0.7854 0.8836 0.9817 1.0799 1.1781 1.2763 1.3744 1.4726 1.5708 1.669 1.7671 1.8653 1.9635 2.0617 2.1598 2.258 2.3562 2.4544 2.5525 2.6507 2.7489 2.8471 2.9452 3.0434 3.1416
cell 2 12 -3.15 -3.09250527 0.1 0.09817477 302.0 2032.0 3878.0 4208.0 2121000000
cell 2 12 -3.15 -2.9943305 0.1 0.09817477 302.0 2032.0 3878.0 4208.0 2121000001
cell 2 12 -3.15 -2.89615573 0.1 0.09817477 302.0 2032.0 3878.0 4208.0 2121000002
cell 2 12 -3.15 -2.79798096 0.1 0.09817477 302.0 2032.0 3878.0 4208.0 2121000003
cell 2 12 -3.15 -2.69980619 0.1 0.09817477 302.0 2032.0 3878.0 4208.0 2121000004
cell 2 12 -3.15 -2.60163142 0.1 0.09817477 302.0 2032.0 3878.0 4208.0 2121000005
cell 2 12 -3.15 -2.50345665 0.1 0.09817477 302.0 2032.0 3878.0 4208.0 2121000006
cell 2 12 -3.15 -2.40528188 0.1 0.09817477 302.0 2032.0 3878.0 4208.0 2121000007
cell 2 12 -3.15 -2.3071071 0.1 0.09817477 302.0 2032.0 3878.0 4208.0 2121000008
cell 2 12 -3.15 -2.20893233 0.1 0.09817477 302.0 2032.0 3878.0 4208.0 2121000009
cell 2 12 -3.15 -2.11075756 0.1 0.09817477 302.0 2032.0 3878.0 4208.0 2121000010
cell 2 12 -3.15 -2.01258279 0.1 0.09817477 302.0 2032.0 3878.0 4208.0 2121000011
cell 2 12 -3.15 -1.91440802 0.1 0.09817477 302.0 2032.0 3878.0 4208.0 2121000012
cell 2 12 -3.15 -1.81623325 0.1 0.09817477 302.0 2032.0 3878.0 4208.0 2121000013
cell 2 12 -3.15 -1.71805848 0.1 0.09817477 302.0 2032.0 3878.0 4208.0 2121000014
cell 2 12 -3.15 -1.61988371 0.1 0.09817477 302.0 2032.0 3878.0 4208.0 2121000015
cell 2 12 -3.15 -1.52170894 0.1 0.09817477 302.0 2032.0 3878.0 4208.0 2121000016
cell 2 12 -3.15 -1.42353417 0.1 0.09817477 302.0 2032.0 3878.0 4208.0 2121000017
cell 2 12 -3.15 -1.3253594 0.1 0.09817477 302.0 2032.0 3878.0 4208.0 2121000018
cell 2 12 -3.15 -1.22718463 0.1 0.09817477 302.0 2032.0 3878.0 4208.0 2121000019
cell 2 12 -3.15 -1.12900986 0.1 0.09817477 302.0 2032.0 3878.0 4208.0 2121000020
cell 2 12 -3.15 -1.03083509 0.1 0.09817477 302.0 2032.0 3878.0 4208.0 2121000021
cell 2 12 -3.15 -0.93266032 0.1 0.09817477 302.0 2032.0 3878.0 4208.0 2121000022
cell 2 12 -3.15 -0.83448555 0.1 0.09817477 302.0 2032.0 3878.0 4208.0 2121000023
cell 2 12 -3.15 -0.73631078 0.1 0.09817477 302.0 2032.0 3878.0 4208.0 2121000024
cell 2 12 -3.15 -0.63813601 0.1 0.09817477 302.0 2032.0 3878.0 4208.0 2121000025
cell 2 12 -3.15 -0.53996124 0.1 0.09817477 302.0 2032.0 3878.0 4208.0 2121000026
cell 2 12 -3.15 -0.44178647 0.1 0.09817477 302.0 2032.0 3878.0 4208.0 2121000027
cell 2 12 -3.15 -0.3436117 0.1 0.09817477 302.0 2032.0 3878.0 4208.0 2121000028
cell 2 12 -3.15 -0.24543693 0.1 0.09817477 302.0 2032.0 3878.0 4208.0 2121000029
cell 2 12 -3.15 -0.14726216 0.1 0.09817477 302.0 2032.0 3878.0 4208.0 2121000030
cell 2 12 -3.15 -0.04908739 0.1 0.09817477 302.0 2032.0 3878.0 4208.0 2121000031
cell 2 12 -3.15 0.04908739 0.1 0.09817477 302.0 2032.0 3878.0 4208.0 2121000032
cell 2 12 -3.15 0.14726216 0.1 0.09817477 302.0 2032.0 3878.0 4208.0 2121000033
cell 2 12 -3.15 0.24543693 0.1 0.09817477 302.0 2032.0 3878.0 4208.0 2121000034
cell 2 12 -3.15 0.3436117 0.1 0.09817477 302.0 2032.0 3878.0 4208.0 2121000035
cell 2 12 -3.15 0.44178647 0.1 0.09817477 302.0 2032.0 3878.0 4208.0 2121000036
cell 2 12 -3.15 0.53996124 0.1 0.09817477 302.0 2032.0 3878.0 4208.0 2121000037
cell 2 12 -3.15 0.63813601 0.1 0.09817477 302.0 2032.0 3878.0 4208.0 2121000038
cell 2 12 -3.15 0.73631078 0.1 0.09817477 302.0 2032.0 3878.0 4208.0 2121000039
cell 2 12 -3.15 0.83448555 0.1 0.09817477 302.0 2032.0 3878.0 4208.0 2121000040
cell 2 12 -3.15 0.93266032 0.1 0.09817477 302.0 2032.0 3878.0 4208.0 2121000041
cell 2 12 -3.15 1.03083509 0.1 0.09817477 302.0 2032.0 3878.0 4208.0 2121000042
cell 2 12 -3.15 1.12900986 0.1 0.09817477 302.0 2032.0 3878.0 4208.0 2121000043
cell 2 12 -3.15 1.22718463 0.1 0.09817477 302.0 2032.0 3878.0 4208.0 2121000044
cell 2 12 -3.15 1.3253594 0.1 0.09817477 302.0 2032.0 3878.0 4208.0 2121000045
cell 2 12 -3.15 1.42353417 0.1 0.09817477 302.0 2032.0 3878.0 4208.0 2121000046
cell 2 12 -3.15 1.52170894 0.1 0.09817477 302.0 2032.0 3878.0 4208.0 2121000047
cell 2 12 -3.15 1.61988371 0.1 0.09817477 302.0 2032.0 3878.0 4208.0 2121000048
cell 2 12 -3.15 1.71805848 0.1 0.09817477 302.0 2032.0 3878.0 4208.0 2121000049
cell 2 12 -3.15 1.81623325 0.1 0.09817477 302.0 2032.0 3878.0 4208.0 2121000050
cell 2 12 -3.15 1.91440802 0.1 0.09817477 302.0 2032.0 3878.0 4208.0 2121000051
cell 2 12 -3.15 2.01258279 0.1 0.09817477 302.0 2032.0 3878.0 4208.0 2121000052
cell 2 12 -3.15 2.11075756 0.1 0.09817477 302.0 2032.0 3878.0 4208.0 2121000053
cell 2 12 -3.15 2.20893233 0.1 0.09817477 302.0 2032.0 3878.0 4208.0 2121000054
cell 2 12 -3.15 2.3071071 0.1 0.09817477 302.0 2032.0 3878.0 4208.0 2121000055
cell 2 12 -3.15 2.40528188 0.1 0.09817477 302.0 2032.0 3878.0 4208.0 2121000056
cell 2 12 -3.15 2.50345665 0.1 0.09817477 302.0 2032.0 3878.0 4208.0 2121000057
cell 2 12 -3.15 2.60163142 0.1 0.09817477 302.0 2032.0 3878.0 4208.0 2121000058
cell 2 12 -3.15 2.69980619 0.1 0.09817477 302.0 2032.0 3878.0 4208.0 2121000059
cell 2 12 -3.15 2.79798096 0.1 0.09817477 302.0 2032.0 3878.0 4208.0 2121000060
cell 2 12 -3.15 2.89615573 0.1 0.09817477 302.0 2032.0 3878.0 4208.0 2121000061
cell 2 12 -3.15 2.9943305 0.1 0.09817477 302.0 2032.0 3878.0 4208.0 2121000062
cell 2 12 -3.15 3.09250527 0.1 0.09817477 302.0 2032.0 3878.0 4208.0 2121000063
cell 2 12 -3.05 -3.09250527 0.1 0.09817477 302.0 2032.0 3878.0 4208.0 2121000064
cell 2 12 -3.05 -2.9943305 0.1 0.09817477 302.0 2032.0 3878.0 4208.0 2121000065
cell 2 12 -3.05 -2.89615573 0.1 0.09817477 302.0 2032.0 3878.0 4208.0 2121000066
cell 2 12 -3.05 -2.79798096 0.1 0.09817477 302.0 2032.0 3878.0 4208.0 2121000067
cell 2 12 -3.05 -2.69980619 0.1 0.09817477 302.0 2032.0 3878.0 4208.0 2121000068
cell 2 12 -3.05 -2.60163142 0.1 0.09817477 302.0 2032.0 3878.0 4208.0 2121000069
cell 2 12 -3.05 -2.50345665 0.1 0.09817477 302.0 2032.0 3878.0 4208.0 2121000070
cell 2 12 -3.05 -2.40528188 0.1 0.09817477 302.0 2032.0 3878.0 4208.0 2121000071
cell 2 12 -3.05 -2.3071071 0.1 0.09817477 302.0 2032.0 3878.0 4208.0 2121000072
cell 2 12 -3.05 -2.20893233 0.1 0.09817477 302.0 2032.0 3878.0 4208.0 2121000073
cell 2 12 -3.05 -2.11075756 0.1 0.09817477 302.0 2032.0 3878.0 4208.0 2121000074
cell 2 12 -3.05 -2.01258279 0.1 0.09817477 302.0 2032.0 3878.0 4208.0 2121000075
cell 2 12 -3.05 -1.91440802 0.1 0.09817477 302.0 2032.0 3878.0 4208.0 2121000076
cell 2 12 -3.05 -1.81623325 0.1 0.09817477 302.0 2032.0 3878.0 4208.0 2121000077
cell 2 12 -3.05 -1.71805848 0.1 0.09817477 302.0 2032.0 3878.0 4208.0 2121000078
cell 2 12 -3.05 -1.61988371 0.1 0.09817477 302.0 2032.0 3878.0 4208.0 2121000079
cell 2 12 -3.05 -1.52170894 0.1 0.09817477 302.0 2032.0 3878.0 4208.0 2121000080
cell 2 12 -3.05 -1.42353417 0.1 0.09817477 302.0 2032.0 3878.0 4208.0 2121000081
cell 2 12 -3.05 -1.3253594 0.1 0.09817477 302.0 2032.0 3878.0 4208.0 2121000082
cell 2 12 -3.05 -1.22718463 0.1 0.09817477 302.0 2032.0 3878.0 4208.0 2121000083
cell 2 12 -3.05 -1.12900986 0.1 0.09817477 302.0 2032.0 3878.0 4208.0 2121000084
cell 2 12 -3.05 -1.03083509 0.1 0.09817477 302.0 2032.0 3878.0 4208.0 2121000085
cell 2 12 -3.05 -0.93266032 0.1 0.09817477 302.0 2032.0 3878.0 4208.0 2121000086
cell 2 12 -3.05 -0.83448555 0.1 0.09817477 302.0 2032.0 3878.0 4208.0 2121000087
cell 2 12 -3.05 -0.73631078 0.1 0.09817477 302.0 2032.0 3878.0 4208.0 2121000088
cell 2 12 -3.05 -0.63813601 0.1 0.09817477 302.0 2032.0 3878.0 4208.0 2121000089
cell 2 12 -3.05 -0.53996124 0.1 0.09817477 302.0 2032.0 3878.0 4208.0 2121000090
cell 2 12 -3.05 -0.44178647 0.1 0.09817477 302.0 2032.0 3878.0 4208.0 2121000091
cell 2 12 -3.05 -0.3436117 0.1 0.09817477 302.0 2032.0 3878.0 4208.0 2121000092
cell 2 12 -3.05 -0.24543693 0.1 0.09817477 302.0 2032.0 3878.0 4208.0 2121000093
cell 2 12 -3.05 -0.14726216 0.1 0.09817477 302.0 2032.0 3878.0 4208.0 2121000094
cell 2 12 -3.05 -0.04908739 0.1 0.09817477 302.0 2032.0 3878.0 4208.0 2121000095
cell 2 12 -3.05 0.04908739 0.1 0.09817477 302.0 2032.0 3878.0 4208.0 2121000096
cell 2 12 -3.05 0.14726216 0.1 0.09817477 302.0 2032.0 3878.0 4208.0 2121000097
cell 2 12 -3.05 0.24543693 0.1 0.09817477 302.0 2032.0 3878.0 4208.0 2121000098
cell 2 12 -3.05 0.3436117 0.1 0.09817477 302.0 2032.0 3878.0 4208.0 2121000099
cell 2 12 -3.05 0.44178647 0.1 0.09817477 302.0 2032.0 3878.0 4208.0 2121000100
cell 2 12 -3.05 0.53996124 0.1 0.09817477 302.0 2032.0 3878.0 4208.0 2121000101
cell 2 12 -3.05 0.63813601 0.1 0.09817477 302.0 2032.0 3878.0 4208.0 2121000102
cell 2 12 -3.05 0.73631078 0.1 0.09817477 302.0 2032.0 3878.0 4208.0 2121000103
cell 2 12 -3.05 0.83448555 0.1 0.09817477 302.0 2032.0 3878.0 4208.0 2121000104
cell 2 12 -3.05 0.93266032 0.1 0.09817477 302.0 2032.0 3878.0 4208.0 2121000105
cell 2 12 -3.05 1.03083509 0.1 0.09817477 302.0 2032.0 3878.0 4208.0 2121000106
cell 2 12 -3.05 1.12900986 0.1 0.09817477 302.0 2032.0 3878.0 4208.0 2121000107
cell 2 12 -3.05 1.22718463 0.1 0.09817477 302.0 2032.0 3878.0 4208.0 2121000108
cell 2 12 -3.05 1.3253594 0.1 0.09817477 302.0 2032.0 3878.0 4208.0 2121000109
cell 2 12 -3.05 1.42353417 0.1 0.09817477 302.0 2032.0 3878.0 4208.0 2121000110
cell 2 12 -3.05 1.52170894 0.1 0.09817477 302.0 2032.0 3878.0 4208.0 2121000111
cell 2 12 -3.05 1.61988371 0.1 0.09817477 302.0 2032.0 3878.0 4208.0 2121000112
cell 2 12 -3.05 1.71805848 0.1 0.09817477 302.0 2032.0 3878.0 4208.0 2121000113
cell 2 12 -3.05 1.81623325 0.1 0.09817477 302.0 2032.0 3878.0 4208.0 2121000114
cell 2 12 -3.05 1.91440802 0.1 0.09817477 302.0 2032.0 3878.0 4208.0 2121000115
cell 2 12 -3.05 2.01258279 0.1 0.09817477 302.0 2032.0 3878.0 4208.0 2121000116
cell 2 12 -3.05 2.11075756 0.1 0.09817477 302.0 2032.0 3878.0 4208.0 2121000117
cell 2 12 -3.05 2.20893233 0.1 0.09817477 302.0 2032.0 3878.0 4208.0 2121000118
cell 2 12 -3.05 2.3071071 0.1 0.09817477 302.0 2032.0 3878.0 4208.0 2121000119
cell 2 12 -3.05 2.40528188 0.1 0.09817477 302.0 2032.0 3878.0 4208.0 2121000120
cell 2 12 -3.05 2.50345665 0.1 0.09817477 302.0 2032.0 3878.0 4208.0 2121000121
cell 2 12 -3.05 2.60163142 0.1 0.09817477 302.0 2032.0 3878.0 4208.0 2121000122
cell 2 12 -3.05 2.69980619 0.1 0.09817477 302.0 2032.0 3878.0 4208.0 2121000123
cell 2 12 -3.05 2.79798096 0.1 0.09817477 302.0 2032.0 3878.0 4208.0 2121000124
cell 2 12 -3.05 2.89615573 0.1 0.09817477 302.0 2032.0 3878.0 4208.0 2121000125
cell 2 12 -3.05 2.9943305 0.1 0.09817477 302.0 2032.0 3878.0 4208.0 2121000126
cell 2 12 -3.05 3.09250527 0.1 0.09817477 302.0 2032.0 3878.0 4208.0 2121000127
cell 2 12 -2.95 -3.09250527 0.1 0.09817477 302.0 2032.0 3878.0 4208.0 2121000128
cell 2 12 -2.95 -2.9943305 0.1 0.09817477 302.0 2032.0 3878.0 4208.0 2121000129
cell 2 12 -2.95 -2.89615573 0.1 0.09817477 302.0 2032.0 3878.0 4208.0 2121000130
cell 2 12 -2.95 -2.79798096 0.1 0.09817477 302.0 2032.0 3878.0 4208.0 2121000131
cell 2 12 -2.95 -2.69980619 0.1 0.09817477 302.0 2032.0 3878.0 4208.0 2121000132
cell 2 12 -2.95 -2.60163142 0.1 0.09817477 302.0 2032.0 3878.0 4208.0 2121000133
cell 2 12 -2.95 -2.50345665 0.1 0.09817477 302.0 2032.0 3878.0 4208.0 2121000134
cell 2 12 -2.95 -2.40528188 0.1 0.09817477 302.0 2032.0 3878.0 4208.0 2121000135
cell 2 12 -2.95 -2.3071071 0.1 0.09817477 302.0 2032.0 3878.0 4208.0 2121000136
cell 2 12 -2.95 -2.20893233 0.1 0.09817477 302.0 2032.0 3878.0 4208.0 2121000137
cell 2 12 -2.95 -2.11075756 0.1 0.09817477 302.0 2032.0 3878.0 4208.0 2121000138
cell 2 12 -2.95 -2.01258279 0.1 0.09817477 302.0 2032.0 3878.0 4208.0 2121000139
cell 2 12 -2.95 -1.91440802 0.1 0.09817477 302.0 2032.0 3878.0 4208.0 2121000140
cell 2 12 -2.95 -1.81623325 0.1 0.09817477 302.0 2032.0 3878.0 4208.0 2121000141
cell 2 12 -2.95 -1.71805848 0.1 0.09817477 302.0 2032.0 3878.0 4208.0 2121000142
cell 2 12 -2.95 -1.61988371 0.1 0.09817477 302.0 2032.0 3878.0 4208.0 2121000143
cell 2 12 -2.95 -1.52170894 0.1 0.09817477 302.0 2032.0 3878.0 4208.0 2121000144
cell 2 12 -2.95 -1.42353417 0.1 0.09817477 302.0 2032.0 3878.0 4208.0 2121000145
cell 2 12 -2.95 -1.3253594 0.1 0.09817477 302.0 2032.0 3878.0 4208.0 2121000146
cell 2 12 -2.95 -1.22718463 0.1 0.09817477 302.0 2032.0 3878.0 4208.0 2121000147
cell 2 12 -2.95 -1.12900986 0.1 0.09817477 302.0 2032.0 3878.0 4208.0 2121000148
cell 2 12 -2.95 -1.03083509 0.1 0.09817477 302.0 2032.0 3878.0 4208.0 2121000149
cell 2 12 -2.95 -0.93266032 0.1 0.09817477 302.0 2032.0 3878.0 4208.0 2121000150
cell 2 12 -2.95 -0.83448555 0.1 0.09817477 302.0 2032.0 3878.0 4208.0 2121000151
cell 2 12 -2.95 -0.73631078 0.1 0.09817477 302.0 2032.0 3878.0 4208.0 2121000152
cell 2 12 -2.95 -0.63813601 0.1 0.09817477 302.0 2032.0 3878.0 4208.0 2121000153
cell 2 12 -2.95 -0.53996124 0.1 0.09817477 302.0 2032.0 3878.0 4208.0 2121000154
cell 2 12 -2.95 -0.44178647 0.1 0.09817477 302.0 2032.0 3878.0 4208.0 2121000155
cell 2 12 -2.95 -0.3436117 0.1 0.09817477 302.0 2032.0 3878.0 4208.0 2121000156
cell 2 12 -2.95 -0.24543693 0.1 0.09817477 302.0 2032.0 3878.0 4208.0 2121000157
cell 2 12 -2.95 -0.14726216 0.1 0.09817477 302.0 2032.0 3878.0 4208.0 2121000158
cell 2 12 -2.95 -0.04908739 0.1 0.09817477 302.0 2032.0 3878.0 4208.0 2121000159
cell 2 12 -2.95 0.04908739 0.1 0.09817477 302.0 2032.0 3878.0 4208.0 2121000160
cell 2 12 -2.95 0.14726216 0.1 0.09817477 302.0 2032.0 3878.0 4208.0 2121000161
cell 2 12 -2.95 0.24543693 0.1 0.09817477 302.0 2032.0 3878.0 4208.0 2121000162
cell 2 12 -2.95 0.3436117 0.1 0.09817477 302.0 2032.0 3878.0 4208.0 2121000163
cell 2 12 -2.95 0.44178647 0.1 0.09817477 302.0 2032.0 3878.0 4208.0 2121000164
cell 2 12 -2.95 0.53996124 0.1 0.09817477 302.0 2032.0 3878.0 4208.0 2121000165
cell 2 12 -2.95 0.63813601 0.1 0.09817477 302.0 2032.0 3878.0 4208.0 2121000166
cell 2 12 -2.95 0.73631078 0.1 0.09817477 302.0 2032.0 3878.0 4208.0 2121000167
cell 2 12 -2.95 0.83448555 0.1 0.09817477 302.0 2032.0 3878.0 4208.0 2121000168
cell 2 12 -2.95 0.93266032 0.1 0.09817477 302.0 2032.0 3878.0 4208.0 2121000169
cell 2 12 -2.95 1.03083509 0.1 0.09817477 302.0 2032.0 3878.0 4208.0 2121000170
cell 2 12 -2.95 1.12900986 0.1 0.09817477 302.0 2032.0 3878.0 4208.0 2121000171
cell 2 12 -2.95 1.22718463 0.1 0.09817477 302.0 2032.0 3878.0 4208.0 2121000172
cell 2 12 -2.95 1.3253594 0.1 0.09817477 302.0 2032.0 3878.0 4208.0 2121000173
cell 2 12 -2.95 1.42353417 0.1 0.09817477 302.0 2032.0 3878.0 4208.0 2121000174
cell 2 12 -2.95 1.52170894 0.1 0.09817477 302.0 2032.0 3878.0 4208.0 2121000175
cell 2 12 -2.95 1.61988371 0.1 0.09817477 302.0 2032.0 3878.0 4208.0 2121000176
cell 2 12 -2.95 1.71805848 0.1 0.09817477 302.0 2032.0 3878.0 4208.0 2121000177
cell 2 12 -2.95 1.81623325 0.1 0.09817477 302.0 2032.0 3878.0 4208.0 2121000178
cell 2 12 -2.95 1.91440802 0.1 0.09817477 302.0 2032.0 3878.0 4208.0 2121000179
cell 2 12 -2.95 2.01258279 0.1 0.09817477 302.0 2032.0 3878.0 4208.0 2121000180
cell 2 12 -2.95 2.11075756 0.1 0.09817477 302.0 2032.0 3878.0 4208.0 2121000181
cell 2 12 -2.95 2.20893233 0.1 0.09817477 302.0 2032.0 3878.0 4208.0 2121000182
cell 2 12 -2.95 2.3071071 0.1 0.09817477 302.0 2032.0 3878.0 4208.0 2121000183
cell 2 12 -2.95 2.40528188 0.1 0.09817477 302.0 2032.0 3878.0 4208.0 2121000184
cell 2 12 -2.95 2.50345665 0.1 0.09817477 302.0 2032.0 3878.0 4208.0 2121000185
cell 2 12 -2.95 2.60163142 0.1 0.09817477 302.0 2032.0 3878.0 4208.0 2121000186
cell 2 12 -2.95 2.69980619 0.1 0.09817477 302.0 2032.0 3878.0 4208.0 2121000187
cell 2 12 -2.95 2.79798096 0.1 0.09817477 302.0 2032.0 3878.0 4208.0 2121000188
cell 2 12 -2.95 2.89615573 0.1 0.09817477 302.0 2032.0 3878.0 4208.0 2121000189
cell 2 12 -2.95 2.9943305 0.1 0.09817477 302.0 2032.0 3878.0 4208.0 2121000190
cell 2 12 -2.95 3.09250527 0.1 0.09817477 302.0 2032.0 3878.0 4208.0 2121000191
cell 2 12 -2.85 -3.09250527 0.1 0.09817477 302.0 2032.0 3878.0 4208.0 2121000192
cell 2 12 -2.85 -2.9943305 0.1 0.09817477 302.0 2032.0 3878.0 4208.0 2121000193
cell 2 12 -2.85 -2.89615573 0.1 0.09817477 302.0 2032.0 3878.0 4208.0 2121000194
cell 2 12 -2.85 -2.79798096 0.1 0.09817477 302.0 2032.0 3878.0 4208.0 2121000195
cell 2 12 -2.85 -2.69980619 0.1 0.09817477 302.0 2032.0 3878.0 4208.0 2121000196
cell 2 12 -2.85 -2.60163142 0.1 0.09817477 302.0 2032.0 3878.0 4208.0 2121000197
cell 2 12 -2.85 -2.50345665 0.1 0.09817477 302.0 2032.0 3878.0 4208.0 2121000198
cell 2 12 -2.85 -2.40528188 0.1 0.09817477 302.0 2032.0 3878.0 4208.0 2121000199
cell 2 12 -2.85 -2.3071071 0.1 0.09817477 302.0 2032.0 3878.0 4208.0 2121000200
cell 2 12 -2.85 -2.20893233 0.1 0.09817477 302.0 2032.0 3878.0 4208.0 2121000201
cell 2 12 -2.85 -2.11075756 0.1 0.09817477 302.0 2032.0 3878.0 4208.0 2121000202
cell 2 12 -2.85 -2.01258279 0.1 0.09817477 302.0 2032.0 3878.0 4208.0 2121000203
cell 2 12 -2.85 -1.91440802 0.1 0.09817477 302.0 2032.0 3878.0 4208.0 2121000204
cell 2 12 -2.85 -1.81623325 0.1 0.09817477 302.0 2032.0 3878.0 4208.0 2121000205
cell 2 12 -2.85 -1.71805848 0.1 0.09817477 302.0 2032.0 3878.0 4208.0 2121000206
cell 2 12 -2.85 -1.61988371 0.1 0.09817477 302.0 2032.0 3878.0 4208.0 2121000207
cell 2 12 -2.85 -1.52170894 0.1 0.09817477 302.0 2032.0 3878.0 4208.0 2121000208
cell 2 12 -2.85 -1.42353417 0.1 0.09817477 302.0 2032.0 3878.0 4208.0 2121000209
cell 2 12 -2.85 -1.3253594 0.1 0.09817477 302.0 2032.0 3878.0 4208.0 2121000210
cell 2 12 -2.85 -1.22718463 0.1 0.09817477 302.0 2032.0 3878.0 4208.0 2121000211
cell 2 12 -2.85 -1.12900986 0.1 0.09817477 302.0 2032.0 3878.0 4208.0 2121000212
cell 2 12 -2.85 -1.03083509 0.1 0.09817477 302.0 2032.0 3878.0 4208.0 2121000213
cell 2 12 -2.85 -0.93266032 0.1 0.09817477 302.0 2032.0 3878.0 4208.0 2121000214
cell 2 12 -2.85 -0.83448555 0.1 0.09817477 302.0 2032.0 3878.0 4208.0 2121000215
cell 2 12 -2.85 -0.73631078 0.1 0.09817477 302.0 2032.0 3878.0 4208.0 2121000216
cell 2 12 -2.85 -0.63813601 0.1 0.09817477 302.0 2032.0 3878.0 4208.0 2121000217
cell 2 12 -2.85 -0.53996124 0.1 0.09817477 302.0 2032.0 3878.0 4208.0 2121000218
cell 2 12 -2.85 -0.44178647 0.1 0.09817477 302.0 2032.0 3878.0 4208.0 2121000219
cell 2 12 -2.85 -0.3436117 0.1 0.09817477 302.0 2032.0 3878.0 4208.0 2121000220
cell 2 12 -2.85 -0.24543693 0.1 0.09817477 302.0 2032.0 3878.0 4208.0 2121000221
cell 2 12 -2.85 -0.14726216 0.1 0.09817477 302.0 2032.0 3878.0 4208.0 2121000222
cell 2 12 -2.85 -0.04908739 0.1 0.09817477 302.0 2032.0 3878.0 4208.0 2121000223
cell 2 12 -2.85 0.04908739 0.1 0.09817477 302.0 2032.0 3878.0 4208.0 2121000224
cell 2 12 -2.85 0.14726216 0.1 0.09817477 302.0 2032.0 3878.0 4208.0 2121000225
cell 2 12 -2.85 0.24543693 0.1 0.09817477 302.0 2032.0 3878.0 4208.0 2121000226
cell 2 12 -2.85 0.3436117 0.1 0.09817477 302.0 2032.0 3878.0 4208.0 2121000227
cell 2 12 -2.85 0.44178647 0.1 0.09817477 302.0 2032.0 3878.0 4208.0 2121000228
cell 2 12 -2.85 0.53996124 0.1 0.09817477 302.0 2032.0 3878.0 4208.0 2121000229
cell 2 12 -2.85 0.63813601 0.1 0.09817477 302.0 2032.0 3878.0 4208.0 2121000230
cell 2 12 -2.85 0.73631078 0.1 0.09817477 302.0 2032.0 3878.0 4208.0 2121000231
cell 2 12 -2.85 0.83448555 0.1 0.09817477 302.0 2032.0 3878.0 4208.0 2121000232
cell 2 12 -2.85 0.93266032 0.1 0.09817477 302.0 2032.0 3878.0 4208.0 2121000233
cell 2 12 -2.85 1.03083509 0.1 0.09817477 302.0 2032.0 3878.0 4208.0 2121000234
cell 2 12 -2.85 1.12900986 0.1 0.09817477 302.0 2032.0 3878.0 4208.0 2121000235
cell 2 12 -2.85 1.22718463 0.1 0.09817477 302.0 2032.0 3878.0 4208.0 2121000236
cell 2 12 -2.85 1.3253594 0.1 0.09817477 302.0 2032.0 3878.0 4208.0 2121000237
cell 2 12 -2.85 1.42353417 0.1 0.09817477 302.0 2032.0 3878.0 4208.0 2121000238
cell 2 12 -2.85 1.52170894 0.1 0.09817477 302.0 2032.0 3878.0 4208.0 2121000239
cell 2 12 -2.85 1.61988371 0.1 0.09817477 302.0 2032.0 3878.0 4208.0 2121000240
cell 2 12 -2.85 1.71805848 0.1 0.09817477 302.0 2032.0 3878.0 4208.0 2121000241
cell 2 12 -2.85 1.81623325 0.1 0.09817477 302.0 2032.0 3878.0 4208.0 2121000242
cell 2 12 -2.85 1.91440802 0.1 0.09817477 302.0 2032.0 3878.0 4208.0 2121000243
cell 2 12 -2.85 2.01258279 0.1 0.09817477 302.0 2032.0 3878.0 4208.0 2121000244
cell 2 12 -2.85 2.11075756 0.1 0.09817477 302.0 2032.0 3878.0 4208.0 2121000245
cell 2 12 -2.85 2.20893233 0.1 0.09817477 302.0 2032.0 3878.0 4208.0 2121000246
cell 2 12 -2.85 2.3071071 0.1 0.09817477 302.0 2032.0 3878.0 4208.0 2121000247
cell 2 12 -2.85 2.40528188 0.1 0.09817477 302.0 2032.0 3878.0 4208.0 2121000248
cell 2 12 -2.85 2.50345665 0.1 0.09817477 302.0 2032.0 3878.0 4208.0 2121000249
cell 2 12 -2.85 2.60163142 0.1 0.09817477 302.0 2032.0 3878.0 4208.0 2121000250
cell 2 12 -2.85 2.69980619 0.1 0.09817477 302.0 2032.0 3878.0 4208.0 2121000251
cell 2 12 -2.85 2.79798096 0.1 0.09817477 302.0 2032.0 3878.0 4208.0 2121000252
cell 2 12 -2.85 2.89615573 0.1 0.09817477 302.0 2032.0 3878.0 4208.0 2121000253
cell 2 12 -2.85 2.9943305 0.1 0.09817477 302.0 2032.0 3878.0 4208.0 2121000254
cell 2 12 -2.85 3.09250527 0.1 0.09817477 302.0 2032.0 3878.0 4208.0 2121000255
cell 2 12 -2.75 -3.09250527 0.1 0.09817477 302.0 2032.0 3878.0 4208.0 2121000256
cell 2 12 -2.75 -2.9943305 0.1 0.09817477 302.0 2032.0 3878.0 4208.0 2121000257
cell 2 12 -2.75 -2.89615573 0.1 0.09817477 302.0 2032.0 3878.0 4208.0 2121000258
cell 2 12 -2.75 -2.79798096 0.1 0.09817477 302.0 2032.0 3878.0 4208.0 2121000259
cell 2 12 -2.75 -2.69980619 0.1 0.09817477 302.0 2032.0 3878.0 4208.0 2121000260
cell 2 12 -2.75 -2.60163142 0.1 0.09817477 302.0 2032.0 3878.0 4208.0 2121000261
cell 2 12 -2.75 -2.50345665 0.1 0.09817477 302.0 2032.0 3878.0 4208.0 2121000262
cell 2 12 -2.75 -2.40528188 0.1 0.09817477 302.0 2032.0 3878.0 4208.0 2121000263
cell 2 12 -2.75 -2.3071071 0.1 0.09817477 302.0 2032.0 3878.0 4208.0 2121000264
cell 2 12 -2.75 -2.20893233 0.1 0.09817477 302.0 2032.0 3878.0 4208.0 2121000265
cell 2 12 -2.75 -2.11075756 0.1 0.09817477 302.0 2032.0 3878.0 4208.0 2121000266
cell 2 12 -2.75 -2.01258279 0.1 0.09817477 302.0 2032.0 3878.0 4208.0 2121000267
cell 2 12 -2.75 -1.91440802 0.1 0.09817477 302.0 2032.0 3878.0 4208.0 2121000268
cell 2 12 -2.75 -1.81623325 0.1 0.09817477 302.0 2032.0 3878.0 4208.0 2121000269
cell 2 12 -2.75 -1.71805848 0.1 0.09817477 302.0 2032.0 3878.0 4208.0 2121000270
cell 2 12 -2.75 -1.61988371 0.1 0.09817477 302.0 2032.0 3878.0 4208.0 2121000271
cell 2 12 -2.75 -1.52170894 0.1 0.09817477 302.0 2032.0 3878.0 4208.0 2121000272
cell 2 12 -2.75 -1.42353417 0.1 0.09817477 302.0 2032.0 3878.0 4208.0 2121000273
cell 2 12 -2.75 -1.3253594 0.1 0.09817477 302.0 2032.0 3878.0 4208.0 2121000274
cell 2 12 -2.75 -1.22718463 0.1 0.09817477 302.0 2032.0 3878.0 4208.0 2121000275
cell 2 12 -2.75 -1.12900986 0.1 0.09817477 302.0 2032.0 3878.0 4208.0 2121000276
cell 2 12 -2.75 -1.03083509 0.1 0.09817477 302.0 2032.0 3878.0 4208.0 2121000277
cell 2 12 -2.75 -0.93266032 0.1 0.09817477 302.0 2032.0 3878.0 4208.0 2121000278
cell 2 12 -2.75 -0.83448555 0.1 0.09817477 302.0 2032.0 3878.0 4208.0 2121000279
cell 2 12 -2.75 -0.73631078 0.1 0.09817477 302.0 2032.0 3878.0 4208.0 2121000280
cell 2 12 -2.75 -0.63813601 0.1 0.09817477 302.0 2032.0 3878.0 4208.0 2121000281
cell 2 12 -2.75 -0.53996124 0.1 0.09817477 302.0 2032.0 3878.0 4208.0 2121000282
cell 2 12 -2.75 -0.44178647 0.1 0.09817477 302.0 2032.0 3878.0 4208.0 2121000283
cell 2 12 -2.75 -0.3436117 0.1 0.09817477 302.0 2032.0 3878.0 4208.0 2121000284
cell 2 12 -2.75 -0.24543693 0.1 0.09817477 302.0 2032.0 3878.0 4208.0 2121000285
cell 2 12 -2.75 -0.14726216 0.1 0.09817477 302.0 2032.0 3878.0 4208.0 2121000286
cell 2 12 -2.75 -0.04908739 0.1 0.09817477 302.0 2032.0 3878.0 4208.0 2121000287
cell 2 12 -2.75 0.04908739 0.1 0.09817477 302.0 2032.0 3878.0 4208.0 2121000288
cell 2 12 -2.75 0.14726216 0.1 0.09817477 302.0 2032.0 3878.0 4208.0 2121000289
cell 2 12 -2.75 0.24543693 0.1 0.09817477 302.0 2032.0 3878.0 4208.0 2121000290
cell 2 12 -2.75 0.3436117 0.1 0.09817477 302.0 2032.0 3878.0 4208.0 2121000291
cell 2 12 -2.75 0.44178647 0.1 0.09817477 302.0 2032.0 3878.0 4208.0 2121000292
cell 2 12 -2.75 0.53996124 0.1 0.09817477 302.0 2032.0 3878.0 4208.0 2121000293
cell 2 12 -2.75 0.63813601 0.1 0.09817477 302.0 2032.0 3878.0 4208.0 2121000294
cell 2 12 -2.75 0.73631078 0.1 0.09817477 302.0 2032.0 3878.0 4208.0 2121000295
cell 2 12 -2.75 0.83448555 0.1 0.09817477 302.0 2032.0 3878.0 4208.0 2121000296
cell 2 12 -2.75 0.93266032 0.1 0.09817477 302.0 2032.0 3878.0 4208.0 2121000297
cell 2 12 -2.75 1.03083509 0.1 0.09817477 302.0 2032.0 3878.0 4208.0 2121000298
cell 2 12 -2.75 1.12900986 0.1 0.09817477 302.0 2032.0 3878.0 4208.0 2121000299
cell 2 12 -2.75 1.22718463 0.1 0.09817477 302.0 2032.0 3878.0 4208.0 2121000300
cell 2 12 -2.75 1.3253594 0.1 0.09817477 302.0 2032.0 3878.0 4208.0 2121000301
cell 2 12 -2.75 1.42353417 0.1 0.09817477 302.0 2032.0 3878.0 4208.0 2121000302
cell 2 12 -2.75 1.52170894 0.1 0.09817477 302.0 2032.0 3878.0 4208.0 2121000303
cell 2 12 -2.75 1.61988371 0.1 0.09817477 302.0 2032.0 3878.0 4208.0 2121000304
cell 2 12 -2.75 1.71805848 0.1 0.09817477 302.0 2032.0 3878.0 4208.0 2121000305
cell 2 12 -2.75 1.81623325 0.1 0.09817477 302.0 2032.0 3878.0 4208.0 2121000306
cell 2 12 -2.75 1.91440802 0.1 0.09817477 302.0 2032.0 3878.0 4208.0 2121000307
cell 2 12 -2.75 2.01258279 0.1 0.09817477 302.0 2032.0 3878.0 4208.0 2121000308
cell 2 12 -2.75 2.11075756 0.1 0.09817477 302.0 2032.0 3878.0 4208.0 2121000309
cell 2 12 -2.75 2.20893233 0.1 0.09817477 302.0 2032.0 3878.0 4208.0 2121000310
cell 2 12 -2.75 2.3071071 0.1 0.09817477 302.0 2032.0 3878.0 4208.0 2121000311
cell 2 12 -2.75 2.40528188 0.1 0.09817477 302.0 2032.0 3878.0 4208.0 2121000312
cell 2 12 -2.75 2.50345665 0.1 0.09817477 302.0 2032.0 3878.0 4208.0 2121000313
cell 2 12 -2.75 2.60163142 0.1 0.09817477 302.0 2032.0 3878.0 4208.0 2121000314
cell 2 12 -2.75 2.69980619 0.1 0.09817477 302.0 2032.0 3878.0 4208.0 2121000315
cell 2 12 -2.75 2.79798096 0.1 0.09817477 302.0 2032.0 3878.0 4208.0 2121000316
cell 2 12 -2.75 2.89615573 0.1 0.09817477 302.0 2032.0 3878.0 4208.0 2121000317
cell 2 12 -2.75 2.9943305 0.1 0.09817477 302.0 2032.0 3878.0 4208.0 2121000318
cell 2 12 -2.75 3.09250527 0.1 0.09817477 302.0 2032.0 3878.0 4208.0 2121000319
cell 2 12 -2.65 -3.09250527 0.1 0.09817477 302.0 2032.0 3878.0 4208.0 2121000320
cell 2 12 -2.65 -2.9943305 0.1 0.09817477 302.0 2032.0 3878.0 4208.0 2121000321
cell 2 12 -2.65 -2.89615573 0.1 0.09817477 302.0 2032.0 3878.0 4208.0 2121000322
cell 2 12 -2.65 -2.79798096 0.1 0.09817477 302.0 2032.0 3878.0 4208.0 2121000323
cell 2 12 -2.65 -2.69980619 0.1 0.09817477 302.0 2032.0 3878.0 4208.0 2121000324
cell 2 12 -2.65 -2.60163142 0.1 0.09817477 302.0 2032.0 3878.0 4208.0 2121000325
cell 2 12 -2.65 -2.50345665 0.1 0.09817477 302.0 2032.0 3878.0 4208.0 2121000326
cell 2 12 -2.65 -2.40528188 0.1 0.09817477 302.0 2032.0 3878.0 4208.0 2121000327
cell 2 12 -2.65 -2.3071071 0.1 0.09817477 302.0 2032.0 3878.0 4208.0 2121000328
cell 2 12 -2.65 -2.20893233 0.1 0.09817477 302.0 2032.0 3878.0 4208.0 2121000329
cell 2 12 -2.65 -2.11075756 0.1 0.09817477 302.0 2032.0 3878.0 4208.0 2121000330
cell 2 12 -2.65 -2.01258279 0.1 0.09817477 302.0 2032.0 3878.0 4208.0 2121000331
cell 2 12 -2.65 -1.91440802 0.1 0.09817477 302.0 2032.0 3878.0 4208.0 2121000332
cell 2 12 -2.65 -1.81623325 0.1 0.09817477 302.0 2032.0 3878.0 4208.0 2121000333
cell 2 12 -2.65 -1.71805848 0.1 0.09817477 302.0 2032.0 3878.0 4208.0 2121000334
cell 2 12 -2.65 -1.61988371 0.1 0.09817477 302.0 2032.0 3878.0 4208.0 2121000335
cell 2 12 -2.65 -1.52170894 0.1 0.09817477 302.0 2032.0 3878.0 4208.0 2121000336
cell 2 12 -2.65 -1.42353417 0.1 0.09817477 302.0 2032.0 3878.0 4208.0 2121000337
cell 2 12 -2.65 -1.3253594 0.1 0.09817477 302.0 2032.0 3878.0 4208.0 2121000338
cell 2 12 -2.65 -1.22718463 0.1 0.09817477 302.0 2032.0 3878.0 4208.0 2121000339
cell 2 12 -2.65 -1.12900986 0.1 0.09817477 302.0 2032.0 3878.0 4208.0 2121000340
cell 2 12 -2.65 -1.03083509 0.1 0.09817477 302.0 2032.0 3878.0 4208.0 2121000341
cell 2 12 -2.65 -0.93266032 0.1 0.09817477 302.0 2032.0 3878.0 4208.0 2121000342
cell 2 12 -2.65 -0.83448555 0.1 0.09817477 302.0 2032.0 3878.0 4208.0 2121000343
cell 2 12 -2.65 -0.73631078 0.1 0.09817477 302.0 2032.0 3878.0 4208.0 2121000344
cell 2 12 -2.65 -0.63813601 0.1 0.09817477 302.0 2032.0 3878.0 4208.0 2121000345
cell 2 12 -2.65 -0.53996124 0.1 0.09817477 302.0 2032.0 3878.0 4208.0 2121000346
cell 2 12 -2.65 -0.44178647 0.1 0.09817477 302.0 2032.0 3878.0 4208.0 2121000347
cell 2 12 -2.65 -0.3436117 0.1 0.09817477 302.0 2032.0 3878.0 4208.0 2121000348
cell 2 12 -2.65 -0.24543693 0.1 0.09817477 302.0 2032.0 3878.0 4208.0 2121000349
cell 2 12 -2.65 -0.14726216 0.1 0.09817477 302.0 2032.0 3878.0 4208.0 2121000350
cell 2 12 -2.65 -0.04908739 0.1 0.09817477 302.0 2032.0 3878.0 4208.0 2121000351
cell 2 12 -2.65 0.04908739 0.1 0.09817477 302.0 2032.0 3878.0 4208.0 2121000352
cell 2 12 -2.65 0.14726216 0.1 0.09817477 302.0 2032.0 3878.0 4208.0 2121000353
cell 2 12 -2.65 0.24543693 0.1 0.09817477 302.0 2032.0 3878.0 4208.0 2121000354
cell 2 12 -2.65 0.3436117 0.1 0.09817477 302.0 2032.0 3878.0 4208.0 2121000355
cell 2 12 -2.65 0.44178647 0.1 0.09817477 302.0 2032.0 3878.0 4208.0 2121000356
cell 2 12 -2.65 0.53996124 0.1 0.09817477 302.0 2032.0 3878.0 4208.0 2121000357
cell 2 12 -2.65 0.63813601 0.1 0.09817477 302.0 2032.0 3878.0 4208.0 2121000358
cell 2 12 -2.65 0.73631078 0.1 0.09817477 302.0 2032.0 3878.0 4208.0 2121000359
cell 2 12 -2.65 0.83448555 0.1 0.09817477 302.0 2032.0 3878.0 4208.0 2121000360
cell 2 12 -2.65 0.93266032 0.1 0.09817477 302.0 2032.0 3878.0 4208.0 2121000361
cell 2 12 -2.65 1.03083509 0.1 0.09817477 302.0 2032.0 3878.0 4208.0 2121000362
cell 2 12 -2.65 1.12900986 0.1 0.09817477 302.0 2032.0 3878.0 4208.0 2121000363
cell 2 12 -2.65 1.22718463 0.1 0.09817477 302.0 2032.0 3878.0 4208.0 2121000364
cell 2 12 -2.65 1.3253594 0.1 0.09817477 302.0 2032.0 3878.0 4208.0 2121000365
cell 2 12 -2.65 1.42353417 0.1 0.09817477 302.0 2032.0 3878.0 4208.0 2121000366
cell 2 12 -2.65 1.52170894 0.1 0.09817477 302.0 2032.0 3878.0 4208.0 2121000367
cell 2 12 -2.65 1.61988371 0.1 0.09817477 302.0 2032.0 3878.0 4208.0 2121000368
cell 2 12 -2.65 1.71805848 0.1 0.09817477 302.0 2032.0 3878.0 4208.0 2121000369
cell 2 12 -2.65 1.81623325 0.1 0.09817477 302.0 2032.0 3878.0 4208.0 2121000370
cell 2 12 -2.65 1.91440802 0.1 0.09817477 302.0 2032.0 3878.0 4208.0 2121000371
cell 2 12 -2.65 2.01258279 0.1 0.09817477 302.0 2032.0 3878.0 4208.0 2121000372
cell 2 12 -2.65 2.11075756 0.1 0.09817477 302.0 2032.0 3878.0 4208.0 2121000373
cell 2 12 -2.65 2.20893233 0.1 0.09817477 302.0 2032.0 3878.0 4208.0 2121000374
cell 2 12 -2.65 2.3071071 0.1 0.09817477 302.0 2032.0 3878.0 4208.0 2121000375
cell 2 12 -2.65 2.40528188 0.1 0.09817477 302.0 2032.0 3878.0 4208.0 2121000376
cell 2 12 -2.65 2.50345665 0.1 0.09817477 302.0 2032.0 3878.0 4208.0 2121000377
cell 2 12 -2.65 2.60163142 0.1 0.09817477 302.0 2032.0 3878.0 4208.0 2121000378
cell 2 12 -2.65 2.69980619 0.1 0.09817477 302.0 2032.0 3878.0 4208.0 2121000379
cell 2 12 -2.65 2.79798096 0.1 0.09817477 302.0 2032.0 3878.0 4208.0 2121000380
cell 2 12 -2.65 2.89615573 0.1 0.09817477 302.0 2032.0 3878.0 4208.0 2121000381
cell 2 12 -2.65 2.9943305 0.1 0.09817477 302.0 2032.0 3878.0 4208.0 2121000382
cell 2 12 -2.65 3.09250527 0.1 0.09817477 302.0 2032.0 3878.0 4208.0 2121000383
cell 2 12 -2.55 -3.09250527 0.1 0.09817477 302.0 2032.0 3878.0 4208.0 2121000384
cell 2 12 -2.55 -2.9943305 0.1 0.09817477 302.0 2032.0 3878.0 4208.0 2121000385
cell 2 12 -2.55 -2.89615573 0.1 0.09817477 302.0 2032.0 3878.0 4208.0 2121000386
cell 2 12 -2.55 -2.79798096 0.1 0.09817477 302.0 2032.0 3878.0 4208.0 2121000387
cell 2 12 -2.55 -2.69980619 0.1 0.09817477 302.0 2032.0 3878.0 4208.0 2121000388
cell 2 12 -2.55 -2.60163142 0.1 0.09817477 302.0 2032.0 3878.0 4208.0 2121000389
cell 2 12 -2.55 -2.50345665 0.1 0.09817477 302.0 2032.0 3878.0 4208.0 2121000390
cell 2 12 -2.55 -2.40528188 0.1 0.09817477 302.0 2032.0 3878.0 4208.0 2121000391
cell 2 12 -2.55 -2.3071071 0.1 0.09817477 302.0 2032.0 3878.0 4208.0 2121000392
cell 2 12 -2.55 -2.20893233 0.1 0.09817477 302.0 2032.0 3878.0 4208.0 2121000393
cell 2 12 -2.55 -2.11075756 0.1 0.09817477 302.0 2032.0 3878.0 4208.0 2121000394
cell 2 12 -2.55 -2.01258279 0.1 0.09817477 302.0 2032.0 3878.0 4208.0 2121000395
cell 2 12 -2.55 -1.91440802 0.1 0.09817477 302.0 2032.0 3878.0 4208.0 2121000396
cell 2 12 -2.55 -1.81623325 0.1 0.09817477 302.0 2032.0 3878.0 4208.0 2121000397
cell 2 12 -2.55 -1.71805848 0.1 0.09817477 302.0 2032.0 3878.0 4208.0 2121000398
cell 2 12 -2.55 -1.61988371 0.1 0.09817477 302.0 2032.0 3878.0 4208.0 2121000399
cell 2 12 -2.55 -1.52170894 0.1 0.09817477 302.0 2032.0 3878.0 4208.0 2121000400
cell 2 12 -2.55 -1.42353417 0.1 0.09817477 302.0 2032.0 3878.0 4208.0 2121000401
cell 2 12 -2.55 -1.3253594 0.1 0.09817477 302.0 2032.0 3878.0 4208.0 2121000402
cell 2 12 -2.55 -1.22718463 0.1 0.09817477 302.0 2032.0 3878.0 4208.0 2121000403
cell 2 12 -2.55 -1.12900986 0.1 0.09817477 302.0 2032.0 3878.0 4208.0 2121000404
cell 2 12 -2.55 -1.03083509 0.1 0.09817477 302.0 2032.0 3878.0 4208.0 2121000405
cell 2 12 -2.55 -0.93266032 0.1 0.09817477 302.0 2032.0 3878.0 4208.0 2121000406
cell 2 12 -2.55 -0.83448555 0.1 0.09817477 302.0 2032.0 3878.0 4208.0 2121000407
cell 2 12 -2.55 -0.73631078 0.1 0.09817477 302.0 2032.0 3878.0 4208.0 2121000408
cell 2 12 -2.55 -0.63813601 0.1 0.09817477 302.0 2032.0 3878.0 4208.0 2121000409
cell 2 12 -2.55 -0.53996124 0.1 0.09817477 302.0 2032.0 3878.0 4208.0 2121000410
cell 2 12 -2.55 -0.44178647 0.1 0.09817477 302.0 2032.0 3878.0 4208.0 2121000411
cell 2 12 -2.55 -0.3436117 0.1 0.09817477 302.0 2032.0 3878.0 4208.0 2121000412
cell 2 12 -2.55 -0.24543693 0.1 0.09817477 302.0 2032.0 3878.0 4208.0 2121000413
cell 2 12 -2.55 -0.14726216 0.1 0.09817477 302.0 2032.0 3878.0 4208.0 2121000414
cell 2 12 -2.55 -0.04908739 0.1 0.09817477 302.0 2032.0 3878.0 4208.0 2121000415
cell 2 12 -2.55 0.04908739 0.1 0.09817477 302.0 2032.0 3878.0 4208.0 2121000416
cell 2 12 -2.55 0.14726216 0.1 0.09817477 302.0 2032.0 3878.0 4208.0 2121000417
cell 2 12 -2.55 0.24543693 0.1 0.09817477 302.0 2032.0 3878.0 4208.0 2121000418
cell 2 12 -2.55 0.3436117 0.1 0.09817477 302.0 2032.0 3878.0 4208.0 2121000419
cell 2 12 -2.55 0.44178647 0.1 0.09817477 302.0 2032.0 3878.0 4208.0 2121000420
cell 2 12 -2.55 0.53996124 0.1 0.09817477 302.0 2032.0 3878.0 4208.0 2121000421
cell 2 12 -2.55 0.63813601 0.1 0.09817477 302.0 2032.0 3878.0 4208.0 2121000422
cell 2 12 -2.55 0.73631078 0.1 0.09817477 302.0 2032.0 3878.0 4208.0 2121000423
cell 2 12 -2.55 0.83448555 0.1 0.09817477 302.0 2032.0 3878.0 4208.0 2121000424
cell 2 12 -2.55 0.93266032 0.1 0.09817477 302.0 2032.0 3878.0 4208.0 2121000425
cell 2 12 -2.55 1.03083509 0.1 0.09817477 302.0 2032.0 3878.0 4208.0 2121000426
cell 2 12 -2.55 1.12900986 0.1 0.09817477 302.0 2032.0 3878.0 4208.0 2121000427
cell 2 12 -2.55 1.22718463 0.1 0.09817477 302.0 2032.0 3878.0 4208.0 2121000428
cell 2 12 -2.55 1.3253594 0.1 0.09817477 302.0 2032.0 3878.0 4208.0 2121000429
cell 2 12 -2.55 1.42353417 0.1 0.09817477 302.0 2032.0 3878.0 4208.0 2121000430
cell 2 12 -2.55 1.52170894 0.1 0.09817477 302.0 2032.0 3878.0 4208.0 2121000431
cell 2 12 -2.55 1.61988371 0.1 0.09817477 302.0 2032.0 3878.0 4208.0 2121000432
cell 2 12 -2.55 1.71805848 0.1 0.09817477 302.0 2032.0 3878.0 4208.0 2121000433
cell 2 12 -2.55 1.81623325 0.1 0.09817477 302.0 2032.0 3878.0 4208.0 2121000434
cell 2 12 -2.55 1.91440802 0.1 0.09817477 302.0 2032.0 3878.0 4208.0 2121000435
cell 2 12 -2.55 2.01258279 0.1 0.09817477 302.0 2032.0 3878.0 4208.0 2121000436
cell 2 12 -2.55 2.11075756 0.1 0.09817477 302.0 2032.0 3878.0 4208.0 2121000437
cell 2 12 -2.55 2.20893233 0.1 0.09817477 302.0 2032.0 3878.0 4208.0 2121000438
cell 2 12 -2.55 2.3071071 0.1 0.09817477 302.0 2032.0 3878.0 4208.0 2121000439
cell 2 12 -2.55 2.40528188 0.1 0.09817477 302.0 2032.0 3878.0 4208.0 2121000440
cell 2 12 -2.55 2.50345665 0.1 0.09817477 302.0 2032.0 3878.0 4208.0 2121000441
cell 2 12 -2.55 2.60163142 0.1 0.09817477 302.0 2032.0 3878.0 4208.0 2121000442
cell 2 12 -2.55 2.69980619 0.1 0.09817477 302.0 2032.0 3878.0 4208.0 2121000443
cell 2 12 -2.55 2.79798096 0.1 0.09817477 302.0 2032.0 3878.0 4208.0 2121000444
cell 2 12 -2.55 2.89615573 0.1 0.09817477 302.0 2032.0 3878.0 4208.0 2121000445
cell 2 12 -2.55 2.9943305 0.1 0.09817477 302.0 2032.0 3878.0 4208.0 2121000446
cell 2 12 -2.55 3.09250527 0.1 0.09817477 302.0 2032.0 3878.0 4208.0 2121000447
cell 2 12 2.55 -3.09250527 0.1 0.09817477 302.0 2032.0 3878.0 4208.0 2121000512
cell 2 12 2.55 -2.9943305 0.1 0.09817477 302.0 2032.0 3878.0 4208.0 2121000513
cell 2 12 2.55 -2.89615573 0.1 0.09817477 302.0 2032.0 3878.0 4208.0 2121000514
cell 2 12 2.55 -2.79798096 0.1 0.09817477 302.0 2032.0 3878.0 4208.0 2121000515
cell 2 12 2.55 -2.69980619 0.1 0.09817477 302.0 2032.0 3878.0 4208.0 2121000516
cell 2 12 2.55 -2.60163142 0.1 0.09817477 302.0 2032.0 3878.0 4208.0 2121000517
cell 2 12 2.55 -2.50345665 0.1 0.09817477 302.0 2032.0 3878.0 4208.0 2121000518
cell 2 12 2.55 -2.40528188 0.1 0.09817477 302.0 2032.0 3878.0 4208.0 2121000519
cell 2 12 2.55 -2.3071071 0.1 0.09817477 302.0 2032.0 3878.0 4208.0 2121000520
cell 2 12 2.55 -2.20893233 0.1 0.09817477 302.0 2032.0 3878.0 4208.0 2121000521
cell 2 12 2.55 -2.11075756 0.1 0.09817477 302.0 2032.0 3878.0 4208.0 2121000522
cell 2 12 2.55 -2.01258279 0.1 0.09817477 302.0 2032.0 3878.0 4208.0 2121000523
cell 2 12 2.55 -1.91440802 0.1 0.09817477 302.0 2032.0 3878.0 4208.0 2121000524
cell 2 12 2.55 -1.81623325 0.1 0.09817477 302.0 2032.0 3878.0 4208.0 2121000525
cell 2 12 2.55 -1.71805848 0.1 0.09817477 302.0 2032.0 3878.0 4208.0 2121000526
cell 2 12 2.55 -1.61988371 0.1 0.09817477 302.0 2032.0 3878.0 4208.0 2121000527
cell 2 12 2.55 -1.52170894 0.1 0.09817477 302.0 2032.0 3878.0 4208.0 2121000528
cell 2 12 2.55 -1.42353417 0.1 0.09817477 302.0 2032.0 3878.0 4208.0 2121000529
cell 2 12 2.55 -1.3253594 0.1 0.09817477 302.0 2032.0 3878.0 4208.0 2121000530
cell 2 12 2.55 -1.22718463 0.1 0.09817477 302.0 2032.0 3878.0 4208.0 2121000531
cell 2 12 2.55 -1.12900986 0.1 0.09817477 302.0 2032.0 3878.0 4208.0 2121000532
cell 2 12 2.55 -1.03083509 0.1 0.09817477 302.0 2032.0 3878.0 4208.0 2121000533
cell 2 12 2.55 -0.93266032 0.1 0.09817477 302.0 2032.0 3878.0 4208.0 2121000534
cell 2 12 2.55 -0.83448555 0.1 0.09817477 302.0 2032.0 3878.0 4208.0 2121000535
cell 2 12 2.55 -0.73631078 0.1 0.09817477 302.0 2032.0 3878.0 4208.0 2121000536
cell 2 12 2.55 -0.63813601 0.1 0.09817477 302.0 2032.0 3878.0 4208.0 2121000537
cell 2 12 2.55 -0.53996124 0.1 0.09817477 302.0 2032.0 3878.0 4208.0 2121000538
cell 2 12 2.55 -0.44178647 0.1 0.09817477 302.0 2032.0 3878.0 4208.0 2121000539
cell 2 12 2.55 -0.3436117 0.1 0.09817477 302.0 2032.0 3878.0 4208.0 2121000540
cell 2 12 2.55 -0.24543693 0.1 0.09817477 302.0 2032.0 3878.0 4208.0 2121000541
cell 2 12 2.55 -0.14726216 0.1 0.09817477 302.0 2032.0 3878.0 4208.0 2121000542
cell 2 12 2.55 -0.04908739 0.1 0.09817477 302.0 2032.0 3878.0 4208.0 2121000543
cell 2 12 2.55 0.04908739 0.1 0.09817477 302.0 2032.0 3878.0 4208.0 2121000544
cell 2 12 2.55 0.14726216 0.1 0.09817477 302.0 2032.0 3878.0 4208.0 2121000545
cell 2 12 2.55 0.24543693 0.1 0.09817477 302.0 2032.0 3878.0 4208.0 2121000546
cell 2 12 2.55 0.3436117 0.1 0.09817477 302.0 2032.0 3878.0 4208.0 2121000547
cell 2 12 2.55 0.44178647 0.1 0.09817477 302.0 2032.0 3878.0 4208.0 2121000548
cell 2 12 2.55 0.53996124 0.1 0.09817477 302.0 2032.0 3878.0 4208.0 2121000549
cell 2 12 2.55 0.63813601 0.1 0.09817477 302.0 2032.0 3878.0 4208.0 2121000550
cell 2 12 2.55 0.73631078 0.1 0.09817477 302.0 2032.0 3878.0 4208.0 2121000551
cell 2 12 2.55 0.83448555 0.1 0.09817477 302.0 2032.0 3878.0 4208.0 2121000552
cell 2 12 2.55 0.93266032 0.1 0.09817477 302.0 2032.0 3878.0 4208.0 2121000553
cell 2 12 2.55 1.03083509 0.1 0.09817477 302.0 2032.0 3878.0 4208.0 2121000554
cell 2 12 2.55 1.12900986 0.1 0.09817477 302.0 2032.0 3878.0 4208.0 2121000555
cell 2 12 2.55 1.22718463 0.1 0.09817477 302.0 2032.0 3878.0 4208.0 2121000556
cell 2 12 2.55 1.3253594 0.1 0.09817477 302.0 2032.0 3878.0 4208.0 2121000557
cell 2 12 2.55 1.42353417 0.1 0.09817477 302.0 2032.0 3878.0 4208.0 2121000558
cell 2 12 2.55 1.52170894 0.1 0.09817477 302.0 2032.0 3878.0 4208.0 2121000559
cell 2 12 2.55 1.61988371 0.1 0.09817477 302.0 2032.0 3878.0 4208.0 2121000560
cell 2 12 2.55 1.71805848 0.1 0.09817477 302.0 2032.0 3878.0 4208.0 2121000561
cell 2 12 2.55 1.81623325 0.1 0.09817477 302.0 2032.0 3878.0 4208.0 2121000562
cell 2 12 2.55 1.91440802 0.1 0.09817477 302.0 2032.0 3878.0 4208.0 2121000563
cell 2 12 2.55 2.01258279 0.1 0.09817477 302.0 2032.0 3878.0 4208.0 2121000564
cell 2 12 2.55 2.11075756 0.1 0.09817477 302.0 2032.0 3878.0 4208.0 2121000565
cell 2 12 2.55 2.20893233 0.1 0.09817477 302.0 2032.0 3878.0 4208.0 2121000566
cell 2 12 2.55 2.3071071 0.1 0.09817477 302.0 2032.0 3878.0 4208.0 2121000567
cell 2 12 2.55 2.40528188 0.1 0.09817477 302.0 2032.0 3878.0 4208.0 2121000568
cell 2 12 2.55 2.50345665 0.1 0.09817477 302.0 2032.0 3878.0 4208.0 2121000569
cell 2 12 2.55 2.60163142 0.1 0.09817477 302.0 2032.0 3878.0 4208.0 2121000570
cell 2 12 2.55 2.69980619 0.1 0.09817477 302.0 2032.0 3878.0 4208.0 2121000571
cell 2 12 2.55 2.79798096 0.1 0.09817477 302.0 2032.0 3878.0 4208.0 2121000572
cell 2 12 2.55 2.89615573 0.1 0.09817477 302.0 2032.0 3878.0 4208.0 2121000573
cell 2 12 2.55 2.9943305 0.1 0.09817477 302.0 2032.0 3878.0 4208.0 2121000574
cell 2 12 2.55 3.09250527 0.1 0.09817477 302.0 2032.0 3878.0 4208.0 2121000575
cell 2 12 2.65 -3.09250527 0.1 0.09817477 302.0 2032.0 3878.0 4208.0 2121000576
cell 2 12 2.65 -2.9943305 0.1 0.09817477 302.0 2032.0 3878.0 4208.0 2121000577
cell 2 12 2.65 -2.89615573 0.1 0.09817477 302.0 2032.0 3878.0 4208.0 2121000578
cell 2 12 2.65 -2.79798096 0.1 0.09817477 302.0 2032.0 3878.0 4208.0 2121000579
cell 2 12 2.65 -2.69980619 0.1 0.09817477 302.0 2032.0 3878.0 4208.0 2121000580
cell 2 12 2.65 -2.60163142 0.1 0.09817477 302.0 2032.0 3878.0 4208.0 2121000581
cell 2 12 2.65 -2.50345665 0.1 0.09817477 302.0 2032.0 3878.0 4208.0 2121000582
cell 2 12 2.65 -2.40528188 0.1 0.09817477 302.0 2032.0 3878.0 4208.0 2121000583
cell 2 12 2.65 -2.3071071 0.1 0.09817477 302.0 2032.0 3878.0 4208.0 2121000584
cell 2 12 2.65 -2.20893233 0.1 0.09817477 302.0 2032.0 3878.0 4208.0 2121000585
cell 2 12 2.65 -2.11075756 0.1 0.09817477 302.0 2032.0 3878.0 4208.0 2121000586
cell 2 12 2.65 -2.01258279 0.1 0.09817477 302.0 2032.0 3878.0 4208.0 2121000587
cell 2 12 2.65 -1.91440802 0.1 0.09817477 302.0 2032.0 3878.0 4208.0 2121000588
cell 2 12 2.65 -1.81623325 0.1 0.09817477 302.0 2032.0 3878.0 4208.0 2121000589
cell 2 12 2.65 -1.71805848 0.1 0.09817477 302.0 2032.0 3878.0 4208.0 2121000590
cell 2 12 2.65 -1.61988371 0.1 0.09817477 302.0 2032.0 3878.0 4208.0 2121000591
cell 2 12 2.65 -1.52170894 0.1 0.09817477 302.0 2032.0 3878.0 4208.0 2121000592
cell 2 12 2.65 -1.42353417 0.1 0.09817477 302.0 2032.0 3878.0 4208.0 2121000593
cell 2 12 2.65 -1.3253594 0.1 0.09817477 302.0 2032.0 3878.0 4208.0 2121000594
cell 2 12 2.65 -1.22718463 0.1 0.09817477 302.0 2032.0 3878.0 4208.0 2121000595
cell 2 12 2.65 -1.12900986 0.1 0.09817477 302.0 2032.0 3878.0 4208.0 2121000596
cell 2 12 2.65 -1.03083509 0.1 0.09817477 302.0 2032.0 3878.0 4208.0 2121000597
cell 2 12 2.65 -0.93266032 0.1 0.09817477 302.0 2032.0 3878.0 4208.0 2121000598
cell 2 12 2.65 -0.83448555 0.1 0.09817477 302.0 2032.0 3878.0 4208.0 2121000599
cell 2 12 2.65 -0.73631078 0.1 0.09817477 302.0 2032.0 3878.0 4208.0 2121000600
cell 2 12 2.65 -0.63813601 0.1 0.09817477 302.0 2032.0 3878.0 4208.0 2121000601
cell 2 12 2.65 -0.53996124 0.1 0.09817477 302.0 2032.0 3878.0 4208.0 2121000602
cell 2 12 2.65 -0.44178647 0.1 0.09817477 302.0 2032.0 3878.0 4208.0 2121000603
cell 2 12 2.65 -0.3436117 0.1 0.09817477 302.0 2032.0 3878.0 4208.0 2121000604
cell 2 12 2.65 -0.24543693 0.1 0.09817477 302.0 2032.0 3878.0 4208.0 2121000605
cell 2 12 2.65 -0.14726216 0.1 0.09817477 302.0 2032.0 3878.0 4208.0 2121000606
cell 2 12 2.65 -0.04908739 0.1 0.09817477 302.0 2032.0 3878.0 4208.0 2121000607
cell 2 12 2.65 0.04908739 0.1 0.09817477 302.0 2032.0 3878.0 4208.0 2121000608
cell 2 12 2.65 0.14726216 0.1 0.09817477 302.0 2032.0 3878.0 4208.0 2121000609
cell 2 12 2.65 0.24543693 0.1 0.09817477 302.0 2032.0 3878.0 4208.0 2121000610
cell 2 12 2.65 0.3436117 0.1 0.09817477 302.0 2032.0 3878.0 4208.0 2121000611
cell 2 12 2.65 0.44178647 0.1 0.09817477 302.0 2032.0 3878.0 4208.0 2121000612
cell 2 12 2.65 0.53996124 0.1 0.09817477 302.0 2032.0 3878.0 4208.0 2121000613
cell 2 12 2.65 0.63813601 0.1 0.09817477 302.0 2032.0 3878.0 4208.0 2121000614
cell 2 12 2.65 0.73631078 0.1 0.09817477 302.0 2032.0 3878.0 4208.0 2121000615
cell 2 12 2.65 0.83448555 0.1 0.09817477 302.0 2032.0 3878.0 4208.0 2121000616
cell 2 12 2.65 0.93266032 0.1 0.09817477 302.0 2032.0 3878.0 4208.0 2121000617
cell 2 12 2.65 1.03083509 0.1 0.09817477 302.0 2032.0 3878.0 4208.0 2121000618
cell 2 12 2.65 1.12900986 0.1 0.09817477 302.0 2032.0 3878.0 4208.0 2121000619
cell 2 12 2.65 1.22718463 0.1 0.09817477 302.0 2032.0 3878.0 4208.0 2121000620
cell 2 12 2.65 1.3253594 0.1 0.09817477 302.0 2032.0 3878.0 4208.0 2121000621
cell 2 12 2.65 1.42353417 0.1 0.09817477 302.0 2032.0 3878.0 4208.0 2121000622
cell 2 12 2.65 1.52170894 0.1 0.09817477 302.0 2032.0 3878.0 4208.0 2121000623
cell 2 12 2.65 1.61988371 0.1 0.09817477 302.0 2032.0 3878.0 4208.0 2121000624
cell 2 12 2.65 1.71805848 0.1 0.09817477 302.0 2032.0 3878.0 4208.0 2121000625
cell 2 12 2.65 1.81623325 0.1 0.09817477 302.0 2032.0 3878.0 4208.0 2121000626
cell 2 12 2.65 1.91440802 0.1 0.09817477 302.0 2032.0 3878.0 4208.0 2121000627
cell 2 12 2.65 2.01258279 0.1 0.09817477 302.0 2032.0 3878.0 4208.0 2121000628
cell 2 12 2.65 2.11075756 0.1 0.09817477 302.0 2032.0 3878.0 4208.0 2121000629
cell 2 12 2.65 2.20893233 0.1 0.09817477 302.0 2032.0 3878.0 4208.0 2121000630
cell 2 12 2.65 2.3071071 0.1 0.09817477 302.0 2032.0 3878.0 4208.0 2121000631
cell 2 12 2.65 2.40528188 0.1 0.09817477 302.0 2032.0 3878.0 4208.0 2121000632
cell 2 12 2.65 2.50345665 0.1 0.09817477 302.0 2032.0 3878.0 4208.0 2121000633
cell 2 12 2.65 2.60163142 0.1 0.09817477 302.0 2032.0 3878.0 4208.0 2121000634
cell 2 12 2.65 2.69980619 0.1 0.09817477 302.0 2032.0 3878.0 4208.0 2121000635
cell 2 12 2.65 2.79798096 0.1 0.09817477 302.0 2032.0 3878.0 4208.0 2121000636
cell 2 12 2.65 2.89615573 0.1 0.09817477 302.0 2032.0 3878.0 4208.0 2121000637
cell 2 12 2.65 2.9943305 0.1 0.09817477 302.0 2032.0 3878.0 4208.0 2121000638
cell 2 12 2.65 3.09250527 0.1 0.09817477 302.0 2032.0 3878.0 4208.0 2121000639
cell 2 12 2.75 -3.09250527 0.1 0.09817477 302.0 2032.0 3878.0 4208.0 2121000640
cell 2 12 2.75 -2.9943305 0.1 0.09817477 302.0 2032.0 3878.0 4208.0 2121000641
cell 2 12 2.75 -2.89615573 0.1 0.09817477 302.0 2032.0 3878.0 4208.0 2121000642
cell 2 12 2.75 -2.79798096 0.1 0.09817477 302.0 2032.0 3878.0 4208.0 2121000643
cell 2 12 2.75 -2.69980619 0.1 0.09817477 302.0 2032.0 3878.0 4208.0 2121000644
cell 2 12 2.75 -2.60163142 0.1 0.09817477 302.0 2032.0 3878.0 4208.0 2121000645
cell 2 12 2.75 -2.50345665 0.1 0.09817477 302.0 2032.0 3878.0 4208.0 2121000646
cell 2 12 2.75 -2.40528188 0.1 0.09817477 302.0 2032.0 3878.0 4208.0 2121000647
cell 2 12 2.75 -2.3071071 0.1 0.09817477 302.0 2032.0 3878.0 4208.0 2121000648
cell 2 12 2.75 -2.20893233 0.1 0.09817477 302.0 2032.0 3878.0 4208.0 2121000649
cell 2 12 2.75 -2.11075756 0.1 0.09817477 302.0 2032.0 3878.0 4208.0 2121000650
cell 2 12 2.75 -2.01258279 0.1 0.09817477 302.0 2032.0 3878.0 4208.0 2121000651
cell 2 12 2.75 -1.91440802 0.1 0.09817477 302.0 2032.0 3878.0 4208.0 2121000652
cell 2 12 2.75 -1.81623325 0.1 0.09817477 302.0 2032.0 3878.0 4208.0 2121000653
cell 2 12 2.75 -1.71805848 0.1 0.09817477 302.0 2032.0 3878.0 4208.0 2121000654
cell 2 12 2.75 -1.61988371 0.1 0.09817477 302.0 2032.0 3878.0 4208.0 2121000655
cell 2 12 2.75 -1.52170894 0.1 0.09817477 302.0 2032.0 3878.0 4208.0 2121000656
cell 2 12 2.75 -1.42353417 0.1 0.09817477 302.0 2032.0 3878.0 4208.0 2121000657
cell 2 12 2.75 -1.3253594 0.1 0.09817477 302.0 2032.0 3878.0 4208.0 2121000658
cell 2 12 2.75 -1.22718463 0.1 0.09817477 302.0 2032.0 3878.0 4208.0 2121000659
cell 2 12 2.75 -1.12900986 0.1 0.09817477 302.0 2032.0 3878.0 4208.0 2121000660
cell 2 12 2.75 -1.03083509 0.1 0.09817477 302.0 2032.0 3878.0 4208.0 2121000661
cell 2 12 2.75 -0.93266032 0.1 0.09817477 302.0 2032.0 3878.0 4208.0 2121000662
cell 2 12 2.75 -0.83448555 0.1 0.09817477 302.0 2032.0 3878.0 4208.0 2121000663
cell 2 12 2.75 -0.73631078 0.1 0.09817477 302.0 2032.0 3878.0 4208.0 2121000664
cell 2 12 2.75 -0.63813601 0.1 0.09817477 302.0 2032.0 3878.0 4208.0 2121000665
cell 2 12 2.75 -0.53996124 0.1 0.09817477 302.0 2032.0 3878.0 4208.0 2121000666
cell 2 12 2.75 -0.44178647 0.1 0.09817477 302.0 2032.0 3878.0 4208.0 2121000667
cell 2 12 2.75 -0.3436117 0.1 0.09817477 302.0 2032.0 3878.0 4208.0 2121000668
cell 2 12 2.75 -0.24543693 0.1 0.09817477 302.0 2032.0 3878.0 4208.0 2121000669
cell 2 12 2.75 -0.14726216 0.1 0.09817477 302.0 2032.0 3878.0 4208.0 2121000670
cell 2 12 2.75 -0.04908739 0.1 0.09817477 302.0 2032.0 3878.0 4208.0 2121000671
cell 2 12 2.75 0.04908739 0.1 0.09817477 302.0 2032.0 3878.0 4208.0 2121000672
cell 2 12 2.75 0.14726216 0.1 0.09817477 302.0 2032.0 3878.0 4208.0 2121000673
cell 2 12 2.75 0.24543693 0.1 0.09817477 302.0 2032.0 3878.0 4208.0 2121000674
cell 2 12 2.75 0.3436117 0.1 0.09817477 302.0 2032.0 3878.0 4208.0 2121000675
cell 2 12 2.75 0.44178647 0.1 0.09817477 302.0 2032.0 3878.0 4208.0 2121000676
cell 2 12 2.75 0.53996124 0.1 0.09817477 302.0 2032.0 3878.0 4208.0 2121000677
cell 2 12 2.75 0.63813601 0.1 0.09817477 302.0 2032.0 3878.0 4208.0 2121000678
cell 2 12 2.75 0.73631078 0.1 0.09817477 302.0 2032.0 3878.0 4208.0 2121000679
cell 2 12 2.75 0.83448555 0.1 0.09817477 302.0 2032.0 3878.0 4208.0 2121000680
cell 2 12 2.75 0.93266032 0.1 0.09817477 302.0 2032.0 3878.0 4208.0 2121000681
cell 2 12 2.75 1.03083509 0.1 0.09817477 302.0 2032.0 3878.0 4208.0 2121000682
cell 2 12 2.75 1.12900986 0.1 0.09817477 302.0 2032.0 3878.0 4208.0 2121000683
cell 2 12 2.75 1.22718463 0.1 0.09817477 302.0 2032.0 3878.0 4208.0 2121000684
cell 2 12 2.75 1.3253594 0.1 0.09817477 302.0 2032.0 3878.0 4208.0 2121000685
cell 2 12 2.75 1.42353417 0.1 0.09817477 302.0 2032.0 3878.0 4208.0 2121000686
cell 2 12 2.75 1.52170894 0.1 0.09817477 302.0 2032.0 3878.0 4208.0 2121000687
cell 2 12 2.75 1.61988371 0.1 0.09817477 302.0 2032.0 3878.0 4208.0 2121000688
cell 2 12 2.75 1.71805848 0.1 0.09817477 302.0 2032.0 3878.0 4208.0 2121000689
cell 2 12 2.75 1.81623325 0.1 0.09817477 302.0 2032.0 3878.0 4208.0 2121000690
cell 2 12 2.75 1.91440802 0.1 0.09817477 302.0 2032.0 3878.0 4208.0 2121000691
cell 2 12 2.75 2.01258279 0.1 0.09817477 302.0 2032.0 3878.0 4208.0 2121000692
cell 2 12 2.75 2.11075756 0.1 0.09817477 302.0 2032.0 3878.0 4208.0 2121000693
cell 2 12 2.75 2.20893233 0.1 0.09817477 302.0 2032.0 3878.0 4208.0 2121000694
cell 2 12 2.75 2.3071071 0.1 0.09817477 302.0 2032.0 3878.0 4208.0 2121000695
cell 2 12 2.75 2.40528188 0.1 0.09817477 302.0 2032.0 3878.0 4208.0 2121000696
cell 2 12 2.75 2.50345665 0.1 0.09817477 302.0 2032.0 3878.0 4208.0 2121000697
cell 2 12 2.75 2.60163142 0.1 0.09817477 302.0 2032.0 3878.0 4208.0 2121000698
cell 2 12 2.75 2.69980619 0.1 0.09817477 302.0 2032.0 3878.0 4208.0 2121000699
cell 2 12 2.75 2.79798096 0.1 0.09817477 302.0 2032.0 3878.0 4208.0 2121000700
cell 2 12 2.75 2.89615573 0.1 0.09817477 302.0 2032.0 3878.0 4208.0 2121000701
cell 2 12 2.75 2.9943305 0.1 0.09817477 302.0 2032.0 3878.0 4208.0 2121000702
cell 2 12 2.75 3.09250527 0.1 0.09817477 302.0 2032.0 3878.0 4208.0 2121000703
cell 2 12 2.85 -3.09250527 0.1 0.09817477 302.0 2032.0 3878.0 4208.0 2121000704
cell 2 12 2.85 -2.9943305 0.1 0.09817477 302.0 2032.0 3878.0 4208.0 2121000705
cell 2 12 2.85 -2.89615573 0.1 0.09817477 302.0 2032.0 3878.0 4208.0 2121000706
cell 2 12 2.85 -2.79798096 0.1 0.09817477 302.0 2032.0 3878.0 4208.0 2121000707
cell 2 12 2.85 -2.69980619 0.1 0.09817477 302.0 2032.0 3878.0 4208.0 2121000708
cell 2 12 2.85 -2.60163142 0.1 0.09817477 302.0 2032.0 3878.0 4208.0 2121000709
cell 2 12 2.85 -2.50345665 0.1 0.09817477 302.0 2032.0 3878.0 4208.0 2121000710
cell 2 12 2.85 -2.40528188 0.1 0.09817477 302.0 2032.0 3878.0 4208.0 2121000711
cell 2 12 2.85 -2.3071071 0.1 0.09817477 302.0 2032.0 3878.0 4208.0 2121000712
cell 2 12 2.85 -2.20893233 0.1 0.09817477 302.0 2032.0 3878.0 4208.0 2121000713
cell 2 12 2.85 -2.11075756 0.1 0.09817477 302.0 2032.0 3878.0 4208.0 2121000714
cell 2 12 2.85 -2.01258279 0.1 0.09817477 302.0 2032.0 3878.0 4208.0 2121000715
cell 2 12 2.85 -1.91440802 0.1 0.09817477 302.0 2032.0 3878.0 4208.0 2121000716
cell 2 12 2.85 -1.81623325 0.1 0.09817477 302.0 2032.0 3878.0 4208.0 2121000717
cell 2 12 2.85 -1.71805848 0.1 0.09817477 302.0 2032.0 3878.0 4208.0 2121000718
cell 2 12 2.85 -1.61988371 0.1 0.09817477 302.0 2032.0 3878.0 4208.0 2121000719
cell 2 12 2.85 -1.52170894 0.1 0.09817477 302.0 2032.0 3878.0 4208.0 2121000720
cell 2 12 2.85 -1.42353417 0.1 0.09817477 302.0 2032.0 3878.0 4208.0 2121000721
cell 2 12 2.85 -1.3253594 0.1 0.09817477 302.0 2032.0 3878.0 4208.0 2121000722
cell 2 12 2.85 -1.22718463 0.1 0.09817477 302.0 2032.0 3878.0 4208.0 2121000723
cell 2 12 2.85 -1.12900986 0.1 0.09817477 302.0 2032.0 3878.0 4208.0 2121000724
cell 2 12 2.85 -1.03083509 0.1 0.09817477 302.0 2032.0 3878.0 4208.0 2121000725
cell 2 12 2.85 -0.93266032 0.1 0.09817477 302.0 2032.0 3878.0 4208.0 2121000726
cell 2 12 2.85 -0.83448555 0.1 0.09817477 302.0 2032.0 3878.0 4208.0 2121000727
cell 2 12 2.85 -0.73631078 0.1 0.09817477 302.0 2032.0 3878.0 4208.0 2121000728
cell 2 12 2.85 -0.63813601 0.1 0.09817477 302.0 2032.0 3878.0 4208.0 2121000729
cell 2 12 2.85 -0.53996124 0.1 0.09817477 302.0 2032.0 3878.0 4208.0 2121000730
cell 2 12 2.85 -0.44178647 0.1 0.09817477 302.0 2032.0 3878.0 4208.0 2121000731
cell 2 12 2.85 -0.3436117 0.1 0.09817477 302.0 2032.0 3878.0 4208.0 2121000732
cell 2 12 2.85 -0.24543693 0.1 0.09817477 302.0 2032.0 3878.0 4208.0 2121000733
cell 2 12 2.85 -0.14726216 0.1 0.09817477 302.0 2032.0 3878.0 4208.0 2121000734
cell 2 12 2.85 -0.04908739 0.1 0.09817477 302.0 2032.0 3878.0 4208.0 2121000735
cell 2 12 2.85 0.04908739 0.1 0.09817477 302.0 2032.0 3878.0 4208.0 2121000736
cell 2 12 2.85 0.14726216 0.1 0.09817477 302.0 2032.0 3878.0 4208.0 2121000737
cell 2 12 2.85 0.24543693 0.1 0.09817477 302.0 2032.0 3878.0 4208.0 2121000738
cell 2 12 2.85 0.3436117 0.1 0.09817477 302.0 2032.0 3878.0 4208.0 2121000739
cell 2 12 2.85 0.44178647 0.1 0.09817477 302.0 2032.0 3878.0 4208.0 2121000740
cell 2 12 2.85 0.53996124 0.1 0.09817477 302.0 2032.0 3878.0 4208.0 2121000741
cell 2 12 2.85 0.63813601 0.1 0.09817477 302.0 2032.0 3878.0 4208.0 2121000742
cell 2 12 2.85 0.73631078 0.1 0.09817477 302.0 2032.0 3878.0 4208.0 2121000743
cell 2 12 2.85 0.83448555 0.1 0.09817477 302.0 2032.0 3878.0 4208.0 2121000744
cell 2 12 2.85 0.93266032 0.1 0.09817477 302.0 2032.0 3878.0 4208.0 2121000745
cell 2 12 2.85 1.03083509 0.1 0.09817477 302.0 2032.0 3878.0 4208.0 2121000746
cell 2 12 2.85 1.12900986 0.1 0.09817477 302.0 2032.0 3878.0 4208.0 2121000747
cell 2 12 2.85 1.22718463 0.1 0.09817477 302.0 2032.0 3878.0 4208.0 2121000748
cell 2 12 2.85 1.3253594 0.1 0.09817477 302.0 2032.0 3878.0 4208.0 2121000749
cell 2 12 2.85 1.42353417 0.1 0.09817477 302.0 2032.0 3878.0 4208.0 2121000750
cell 2 12 2.85 1.52170894 0.1 0.09817477 302.0 2032.0 3878.0 4208.0 2121000751
cell 2 12 2.85 1.61988371 0.1 0.09817477 302.0 2032.0 3878.0 4208.0 2121000752
cell 2 12 2.85 1.71805848 0.1 0.09817477 302.0 2032.0 3878.0 4208.0 2121000753
cell 2 12 2.85 1.81623325 0.1 0.09817477 302.0 2032.0 3878.0 4208.0 2121000754
cell 2 12 2.85 1.91440802 0.1 0.09817477 302.0 2032.0 3878.0 4208.0 2121000755
cell 2 12 2.85 2.01258279 0.1 0.09817477 302.0 2032.0 3878.0 4208.0 2121000756
cell 2 12 2.85 2.11075756 0.1 0.09817477 302.0 2032.0 3878.0 4208.0 2121000757
cell 2 12 2.85 2.20893233 0.1 0.09817477 302.0 2032.0 3878.0 4208.0 2121000758
cell 2 12 2.85 2.3071071 0.1 0.09817477 302.0 2032.0 3878.0 4208.0 2121000759
cell 2 12 2.85 2.40528188 0.1 0.09817477 302.0 2032.0 3878.0 4208.0 2121000760
cell 2 12 2.85 2.50345665 0.1 0.09817477 302.0 2032.0 3878.0 4208.0 2121000761
cell 2 12 2.85 2.60163142 0.1 0.09817477 302.0 2032.0 3878.0 4208.0 2121000762
cell 2 12 2.85 2.69980619 0.1 0.09817477 302.0 2032.0 3878.0 4208.0 2121000763
cell 2 12 2.85 2.79798096 0.1 0.09817477 302.0 2032.0 3878.0 4208.0 2121000764
cell 2 12 2.85 2.89615573 0.1 0.09817477 302.0 2032.0 3878.0 4208.0 2121000765
cell 2 12 2.85 2.9943305 0.1 0.09817477 302.0 2032.0 3878.0 4208.0 2121000766
cell 2 12 2.85 3.09250527 0.1 0.09817477 302.0 2032.0 3878.0 4208.0 2121000767
cell 2 12 2.95 -3.09250527 0.1 0.09817477 302.0 2032.0 3878.0 4208.0 2121000768
cell 2 12 2.95 -2.9943305 0.1 0.09817477 302.0 2032.0 3878.0 4208.0 2121000769
cell 2 12 2.95 -2.89615573 0.1 0.09817477 302.0 2032.0 3878.0 4208.0 2121000770
cell 2 12 2.95 -2.79798096 0.1 0.09817477 302.0 2032.0 3878.0 4208.0 2121000771
cell 2 12 2.95 -2.69980619 0.1 0.09817477 302.0 2032.0 3878.0 4208.0 2121000772
cell 2 12 2.95 -2.60163142 0.1 0.09817477 302.0 2032.0 3878.0 4208.0 2121000773
cell 2 12 2.95 -2.50345665 0.1 0.09817477 302.0 2032.0 3878.0 4208.0 2121000774
cell 2 12 2.95 -2.40528188 0.1 0.09817477 302.0 2032.0 3878.0 4208.0 2121000775
cell 2 12 2.95 -2.3071071 0.1 0.09817477 302.0 2032.0 3878.0 4208.0 2121000776
cell 2 12 2.95 -2.20893233 0.1 0.09817477 302.0 2032.0 3878.0 4208.0 2121000777
cell 2 12 2.95 -2.11075756 0.1 0.09817477 302.0 2032.0 3878.0 4208.0 2121000778
cell 2 12 2.95 -2.01258279 0.1 0.09817477 302.0 2032.0 3878.0 4208.0 2121000779
cell 2 12 2.95 -1.91440802 0.1 0.09817477 302.0 2032.0 3878.0 4208.0 2121000780
cell 2 12 2.95 -1.81623325 0.1 0.09817477 302.0 2032.0 3878.0 4208.0 2121000781
cell 2 12 2.95 -1.71805848 0.1 0.09817477 302.0 2032.0 3878.0 4208.0 2121000782
cell 2 12 2.95 -1.61988371 0.1 0.09817477 302.0 2032.0 3878.0 4208.0 2121000783
cell 2 12 2.95 -1.52170894 0.1 0.09817477 302.0 2032.0 3878.0 4208.0 2121000784
cell 2 12 2.95 -1.42353417 0.1 0.09817477 302.0 2032.0 3878.0 4208.0 2121000785
cell 2 12 2.95 -1.3253594 0.1 0.09817477 302.0 2032.0 3878.0 4208.0 2121000786
cell 2 12 2.95 -1.22718463 0.1 0.09817477 302.0 2032.0 3878.0 4208.0 2121000787
cell 2 12 2.95 -1.12900986 0.1 0.09817477 302.0 2032.0 3878.0 4208.0 2121000788
cell 2 12 2.95 -1.03083509 0.1 0.09817477 302.0 2032.0 3878.0 4208.0 2121000789
cell 2 12 2.95 -0.93266032 0.1 0.09817477 302.0 2032.0 3878.0 4208.0 2121000790
cell 2 12 2.95 -0.83448555 0.1 0.09817477 302.0 2032.0 3878.0 4208.0 2121000791
cell 2 12 2.95 -0.73631078 0.1 0.09817477 302.0 2032.0 3878.0 4208.0 2121000792
cell 2 12 2.95 -0.63813601 0.1 0.09817477 302.0 2032.0 3878.0 4208.0 2121000793
cell 2 12 2.95 -0.53996124 0.1 0.09817477 302.0 2032.0 3878.0 4208.0 2121000794
cell 2 12 2.95 -0.44178647 0.1 0.09817477 302.0 2032.0 3878.0 4208.0 2121000795
cell 2 12 2.95 -0.3436117 0.1 0.09817477 302.0 2032.0 3878.0 4208.0 2121000796
cell 2 12 2.95 -0.24543693 0.1 0.09817477 302.0 2032.0 3878.0 4208.0 2121000797
cell 2 12 2.95 -0.14726216 0.1 0.09817477 302.0 2032.0 3878.0 4208.0 2121000798
cell 2 12 2.95 -0.04908739 0.1 0.09817477 302.0 2032.0 3878.0 4208.0 2121000799
cell 2 12 2.95 0.04908739 0.1 0.09817477 302.0 2032.0 3878.0 4208.0 2121000800
cell 2 12 2.95 0.14726216 0.1 0.09817477 302.0 2032.0 3878.0 4208.0 2121000801
cell 2 12 2.95 0.24543693 0.1 0.09817477 302.0 2032.0 3878.0 4208.0 2121000802
cell 2 12 2.95 0.3436117 0.1 0.09817477 302.0 2032.0 3878.0 4208.0 2121000803
cell 2 12 2.95 0.44178647 0.1 0.09817477 302.0 2032.0 3878.0 4208.0 2121000804
cell 2 12 2.95 0.53996124 0.1 0.09817477 302.0 2032.0 3878.0 4208.0 2121000805
cell 2 12 2.95 0.63813601 0.1 0.09817477 302.0 2032.0 3878.0 4208.0 2121000806
cell 2 12 2.95 0.73631078 0.1 0.09817477 302.0 2032.0 3878.0 4208.0 2121000807
cell 2 12 2.95 0.83448555 0.1 0.09817477 302.0 2032.0 3878.0 4208.0 2121000808
cell 2 12 2.95 0.93266032 0.1 0.09817477 302.0 2032.0 3878.0 4208.0 2121000809
cell 2 12 2.95 1.03083509 0.1 0.09817477 302.0 2032.0 3878.0 4208.0 2121000810
cell 2 12 2.95 1.12900986 0.1 0.09817477 302.0 2032.0 3878.0 4208.0 2121000811
cell 2 12 2.95 1.22718463 0.1 0.09817477 302.0 2032.0 3878.0 4208.0 2121000812
cell 2 12 2.95 1.3253594 0.1 0.09817477 302.0 2032.0 3878.0 4208.0 2121000813
cell 2 12 2.95 1.42353417 0.1 0.09817477 302.0 2032.0 3878.0 4208.0 2121000814
cell 2 12 2.95 1.52170894 0.1 0.09817477 302.0 2032.0 3878.0 4208.0 2121000815
cell 2 12 2.95 1.61988371 0.1 0.09817477 302.0 2032.0 3878.0 4208.0 2121000816
cell 2 12 2.95 1.71805848 0.1 0.09817477 302.0 2032.0 3878.0 4208.0 2121000817
cell 2 12 2.95 1.81623325 0.1 0.09817477 302.0 2032.0 3878.0 4208.0 2121000818
cell 2 12 2.95 1.91440802 0.1 0.09817477 302.0 2032.0 3878.0 4208.0 2121000819
cell 2 12 2.95 2.01258279 0.1 0.09817477 302.0 2032.0 3878.0 4208.0 2121000820
cell 2 12 2.95 2.11075756 0.1 0.09817477 302.0 2032.0 3878.0 4208.0 2121000821
cell 2 12 2.95 2.20893233 0.1 0.09817477 302.0 2032.0 3878.0 4208.0 2121000822
cell 2 12 2.95 2.3071071 0.1 0.09817477 302.0 2032.0 3878.0 4208.0 2121000823
cell 2 12 2.95 2.40528188 0.1 0.09817477 302.0 2032.0 3878.0 4208.0 2121000824
cell 2 12 2.95 2.50345665 0.1 0.09817477 302.0 2032.0 3878.0 4208.0 2121000825
cell 2 12 2.95 2.60163142 0.1 0.09817477 302.0 2032.0 3878.0 4208.0 2121000826
cell 2 12 2.95 2.69980619 0.1 0.09817477 302.0 2032.0 3878.0 4208.0 2121000827
cell 2 12 2.95 2.79798096 0.1 0.09817477 302.0 2032.0 3878.0 4208.0 2121000828
cell 2 12 2.95 2.89615573 0.1 0.09817477 302.0 2032.0 3878.0 4208.0 2121000829
cell 2 12 2.95 2.9943305 0.1 0.09817477 302.0 2032.0 3878.0 4208.0 2121000830
cell 2 12 2.95 3.09250527 0.1 0.09817477 302.0 2032.0 3878.0 4208.0 2121000831
cell 2 12 3.05 -3.09250527 0.1 0.09817477 302.0 2032.0 3878.0 4208.0 2121000832
cell 2 12 3.05 -2.9943305 0.1 0.09817477 302.0 2032.0 3878.0 4208.0 2121000833
cell 2 12 3.05 -2.89615573 0.1 0.09817477 302.0 2032.0 3878.0 4208.0 2121000834
cell 2 12 3.05 -2.79798096 0.1 0.09817477 302.0 2032.0 3878.0 4208.0 2121000835
cell 2 12 3.05 -2.69980619 0.1 0.09817477 302.0 2032.0 3878.0 4208.0 2121000836
cell 2 12 3.05 -2.60163142 0.1 0.09817477 302.0 2032.0 3878.0 4208.0 2121000837
cell 2 12 3.05 -2.50345665 0.1 0.09817477 302.0 2032.0 3878.0 4208.0 2121000838
cell 2 12 3.05 -2.40528188 0.1 0.09817477 302.0 2032.0 3878.0 4208.0 2121000839
cell 2 12 3.05 -2.3071071 0.1 0.09817477 302.0 2032.0 3878.0 4208.0 2121000840
cell 2 12 3.05 -2.20893233 0.1 0.09817477 302.0 2032.0 3878.0 4208.0 2121000841
cell 2 12 3.05 -2.11075756 0.1 0.09817477 302.0 2032.0 3878.0 4208.0 2121000842
cell 2 12 3.05 -2.01258279 0.1 0.09817477 302.0 2032.0 3878.0 4208.0 2121000843
cell 2 12 3.05 -1.91440802 0.1 0.09817477 302.0 2032.0 3878.0 4208.0 2121000844
cell 2 12 3.05 -1.81623325 0.1 0.09817477 302.0 2032.0 3878.0 4208.0 2121000845
cell 2 12 3.05 -1.71805848 0.1 0.09817477 302.0 2032.0 3878.0 4208.0 2121000846
cell 2 12 3.05 -1.61988371 0.1 0.09817477 302.0 2032.0 3878.0 4208.0 2121000847
cell 2 12 3.05 -1.52170894 0.1 0.09817477 302.0 2032.0 3878.0 4208.0 2121000848
cell 2 12 3.05 -1.42353417 0.1 0.09817477 302.0 2032.0 3878.0 4208.0 2121000849
cell 2 12 3.05 -1.3253594 0.1 0.09817477 302.0 2032.0 3878.0 4208.0 2121000850
cell 2 12 3.05 -1.22718463 0.1 0.09817477 302.0 2032.0 3878.0 4208.0 2121000851
cell 2 12 3.05 -1.12900986 0.1 0.09817477 302.0 2032.0 3878.0 4208.0 2121000852
cell 2 12 3.05 -1.03083509 0.1 0.09817477 302.0 2032.0 3878.0 4208.0 2121000853
cell 2 12 3.05 -0.93266032 0.1 0.09817477 302.0 2032.0 3878.0 4208.0 2121000854
cell 2 12 3.05 -0.83448555 0.1 0.09817477 302.0 2032.0 3878.0 4208.0 2121000855
cell 2 12 3.05 -0.73631078 0.1 0.09817477 302.0 2032.0 3878.0 4208.0 2121000856
cell 2 12 3.05 -0.63813601 0.1 0.09817477 302.0 2032.0 3878.0 4208.0 2121000857
cell 2 12 3.05 -0.53996124 0.1 0.09817477 302.0 2032.0 3878.0 4208.0 2121000858
cell 2 12 3.05 -0.44178647 0.1 0.09817477 302.0 2032.0 3878.0 4208.0 2121000859
cell 2 12 3.05 -0.3436117 0.1 0.09817477 302.0 2032.0 3878.0 4208.0 2121000860
cell 2 12 3.05 -0.24543693 0.1 0.09817477 302.0 2032.0 3878.0 4208.0 2121000861
cell 2 12 3.05 -0.14726216 0.1 0.09817477 302.0 2032.0 3878.0 4208.0 2121000862
cell 2 12 3.05 -0.04908739 0.1 0.09817477 302.0 2032.0 3878.0 4208.0 2121000863
cell 2 12 3.05 0.04908739 0.1 0.09817477 302.0 2032.0 3878.0 4208.0 2121000864
cell 2 12 3.05 0.14726216 0.1 0.09817477 302.0 2032.0 3878.0 4208.0 2121000865
cell 2 12 3.05 0.24543693 0.1 0.09817477 302.0 2032.0 3878.0 4208.0 2121000866
cell 2 12 3.05 0.3436117 0.1 0.09817477 302.0 2032.0 3878.0 4208.0 2121000867
cell 2 12 3.05 0.44178647 0.1 0.09817477 302.0 2032.0 3878.0 4208.0 2121000868
cell 2 12 3.05 0.53996124 0.1 0.09817477 302.0 2032.0 3878.0 4208.0 2121000869
cell 2 12 3.05 0.63813601 0.1 0.09817477 302.0 2032.0 3878.0 4208.0 2121000870
cell 2 12 3.05 0.73631078 0.1 0.09817477 302.0 2032.0 3878.0 4208.0 2121000871
cell 2 12 3.05 0.83448555 0.1 0.09817477 302.0 2032.0 3878.0 4208.0 2121000872
cell 2 12 3.05 0.93266032 0.1 0.09817477 302.0 2032.0 3878.0 4208.0 2121000873
cell 2 12 3.05 1.03083509 0.1 0.09817477 302.0 2032.0 3878.0 4208.0 2121000874
cell 2 12 3.05 1.12900986 0.1 0.09817477 302.0 2032.0 3878.0 4208.0 2121000875
cell 2 12 3.05 1.22718463 0.1 0.09817477 302.0 2032.0 3878.0 4208.0 2121000876
cell 2 12 3.05 1.3253594 0.1 0.09817477 302.0 2032.0 3878.0 4208.0 2121000877
cell 2 12 3.05 1.42353417 0.1 0.09817477 302.0 2032.0 3878.0 4208.0 2121000878
cell 2 12 3.05 1.52170894 0.1 0.09817477 302.0 2032.0 3878.0 4208.0 2121000879
cell 2 12 3.05 1.61988371 0.1 0.09817477 302.0 2032.0 3878.0 4208.0 2121000880
cell 2 12 3.05 1.71805848 0.1 0.09817477 302.0 2032.0 3878.0 4208.0 2121000881
cell 2 12 3.05 1.81623325 0.1 0.09817477 302.0 2032.0 3878.0 4208.0 2121000882
cell 2 12 3.05 1.91440802 0.1 0.09817477 302.0 2032.0 3878.0 4208.0 2121000883
cell 2 12 3.05 2.01258279 0.1 0.09817477 302.0 2032.0 3878.0 4208.0 2121000884
cell 2 12 3.05 2.11075756 0.1 0.09817477 302.0 2032.0 3878.0 4208.0 2121000885
cell 2 12 3.05 2.20893233 0.1 0.09817477 302.0 2032.0 3878.0 4208.0 2121000886
cell 2 12 3.05 2.3071071 0.1 0.09817477 302.0 2032.0 3878.0 4208.0 2121000887
cell 2 12 3.05 2.40528188 0.1 0.09817477 302.0 2032.0 3878.0 4208.0 2121000888
cell 2 12 3.05 2.50345665 0.1 0.09817477 302.0 2032.0 3878.0 4208.0 2121000889
cell 2 12 3.05 2.60163142 0.1 0.09817477 302.0 2032.0 3878.0 4208.0 2121000890
cell 2 12 3.05 2.69980619 0.1 0.09817477 302.0 2032.0 3878.0 4208.0 2121000891
cell 2 12 3.05 2.79798096 0.1 0.09817477 302.0 2032.0 3878.0 4208.0 2121000892
cell 2 12 3.05 2.89615573 0.1 0.09817477 302.0 2032.0 3878.0 4208.0 2121000893
cell 2 12 3.05 2.9943305 0.1 0.09817477 302.0 2032.0 3878.0 4208.0 2121000894
cell 2 12 3.05 3.09250527 0.1 0.09817477 302.0 2032.0 3878.0 4208.0 2121000895
cell 2 12 3.15 -3.09250527 0.1 0.09817477 302.0 2032.0 3878.0 4208.0 2121000896
cell 2 12 3.15 -2.9943305 0.1 0.09817477 302.0 2032.0 3878.0 4208.0 2121000897
cell 2 12 3.15 -2.89615573 0.1 0.09817477 302.0 2032.0 3878.0 4208.0 2121000898
cell 2 12 3.15 -2.79798096 0.1 0.09817477 302.0 2032.0 3878.0 4208.0 2121000899
cell 2 12 3.15 -2.69980619 0.1 0.09817477 302.0 2032.0 3878.0 4208.0 2121000900
cell 2 12 3.15 -2.60163142 0.1 0.09817477 302.0 2032.0 3878.0 4208.0 2121000901
cell 2 12 3.15 -2.50345665 0.1 0.09817477 302.0 2032.0 3878.0 4208.0 2121000902
cell 2 12 3.15 -2.40528188 0.1 0.09817477 302.0 2032.0 3878.0 4208.0 2121000903
cell 2 12 3.15 -2.3071071 0.1 0.09817477 302.0 2032.0 3878.0 4208.0 2121000904
cell 2 12 3.15 -2.20893233 0.1 0.09817477 302.0 2032.0 3878.0 4208.0 2121000905
cell 2 12 3.15 -2.11075756 0.1 0.09817477 302.0 2032.0 3878.0 4208.0 2121000906
cell 2 12 3.15 -2.01258279 0.1 0.09817477 302.0 2032.0 3878.0 4208.0 2121000907
cell 2 12 3.15 -1.91440802 0.1 0.09817477 302.0 2032.0 3878.0 4208.0 2121000908
cell 2 12 3.15 -1.81623325 0.1 0.09817477 302.0 2032.0 3878.0 4208.0 2121000909
cell 2 12 3.15 -1.71805848 0.1 0.09817477 302.0 2032.0 3878.0 4208.0 2121000910
cell 2 12 3.15 -1.61988371 0.1 0.09817477 302.0 2032.0 3878.0 4208.0 2121000911
cell 2 12 3.15 -1.52170894 0.1 0.09817477 302.0 2032.0 3878.0 4208.0 2121000912
cell 2 12 3.15 -1.42353417 0.1 0.09817477 302.0 2032.0 3878.0 4208.0 2121000913
cell 2 12 3.15 -1.3253594 0.1 0.09817477 302.0 2032.0 3878.0 4208.0 2121000914
cell 2 12 3.15 -1.22718463 0.1 0.09817477 302.0 2032.0 3878.0 4208.0 2121000915
cell 2 12 3.15 -1.12900986 0.1 0.09817477 302.0 2032.0 3878.0 4208.0 2121000916
cell 2 12 3.15 -1.03083509 0.1 0.09817477 302.0 2032.0 3878.0 4208.0 2121000917
cell 2 12 3.15 -0.93266032 0.1 0.09817477 302.0 2032.0 3878.0 4208.0 2121000918
cell 2 12 3.15 -0.83448555 0.1 0.09817477 302.0 2032.0 3878.0 4208.0 2121000919
cell 2 12 3.15 -0.73631078 0.1 0.09817477 302.0 2032.0 3878.0 4208.0 2121000920
cell 2 12 3.15 -0.63813601 0.1 0.09817477 302.0 2032.0 3878.0 4208.0 2121000921
cell 2 12 3.15 -0.53996124 0.1 0.09817477 302.0 2032.0 3878.0 4208.0 2121000922
cell 2 12 3.15 -0.44178647 0.1 0.09817477 302.0 2032.0 3878.0 4208.0 2121000923
cell 2 12 3.15 -0.3436117 0.1 0.09817477 302.0 2032.0 3878.0 4208.0 2121000924
cell 2 12 3.15 -0.24543693 0.1 0.09817477 302.0 2032.0 3878.0 4208.0 2121000925
cell 2 12 3.15 -0.14726216 0.1 0.09817477 302.0 2032.0 3878.0 4208.0 2121000926
cell 2 12 3.15 -0.04908739 0.1 0.09817477 302.0 2032.0 3878.0 4208.0 2121000927
cell 2 12 3.15 0.04908739 0.1 0.09817477 302.0 2032.0 3878.0 4208.0 2121000928
cell 2 12 3.15 0.14726216 0.1 0.09817477 302.0 2032.0 3878.0 4208.0 2121000929
cell 2 12 3.15 0.24543693 0.1 0.09817477 302.0 2032.0 3878.0 4208.0 2121000930
cell 2 12 3.15 0.3436117 0.1 0.09817477 302.0 2032.0 3878.0 4208.0 2121000931
cell 2 12 3.15 0.44178647 0.1 0.09817477 302.0 2032.0 3878.0 4208.0 2121000932
cell 2 12 3.15 0.53996124 0.1 0.09817477 302.0 2032.0 3878.0 4208.0 2121000933
cell 2 12 3.15 0.63813601 0.1 0.09817477 302.0 2032.0 3878.0 4208.0 2121000934
cell 2 12 3.15 0.73631078 0.1 0.09817477 302.0 2032.0 3878.0 4208.0 2121000935
cell 2 12 3.15 0.83448555 0.1 0.09817477 302.0 2032.0 3878.0 4208.0 2121000936
cell 2 12 3.15 0.93266032 0.1 0.09817477 302.0 2032.0 3878.0 4208.0 2121000937
cell 2 12 3.15 1.03083509 0.1 0.09817477 302.0 2032.0 3878.0 4208.0 2121000938
cell 2 12 3.15 1.12900986 0.1 0.09817477 302.0 2032.0 3878.0 4208.0 2121000939
cell 2 12 3.15 1.22718463 0.1 0.09817477 302.0 2032.0 3878.0 4208.0 2121000940
cell 2 12 3.15 1.3253594 0.1 0.09817477 302.0 2032.0 3878.0 4208.0 2121000941
cell 2 12 3.15 1.42353417 0.1 0.09817477 302.0 2032.0 3878.0 4208.0 2121000942
cell 2 12 3.15 1.52170894 0.1 0.09817477 302.0 2032.0 3878.0 4208.0 2121000943
cell 2 12 3.15 1.61988371 0.1 0.09817477 302.0 2032.0 3878.0 4208.0 2121000944
cell 2 12 3.15 1.71805848 0.1 0.09817477 302.0 2032.0 3878.0 4208.0 2121000945
cell 2 12 3.15 1.81623325 0.1 0.09817477 302.0 2032.0 3878.0 4208.0 2121000946
cell 2 12 3.15 1.91440802 0.1 0.09817477 302.0 2032.0 3878.0 4208.0 2121000947
cell 2 12 3.15 2.01258279 0.1 0.09817477 302.0 2032.0 3878.0 4208.0 2121000948
cell 2 12 3.15 2.11075756 0.1 0.09817477 302.0 2032.0 3878.0 4208.0 2121000949
cell 2 12 3.15 2.20893233 0.1 0.09817477 302.0 2032.0 3878.0 4208.0 2121000950
cell 2 12 3.15 2.3071071 0.1 0.09817477 302.0 2032.0 3878.0 4208.0 2121000951
cell 2 12 3.15 2.40528188 0.1 0.09817477 302.0 2032.0 3878.0 4208.0 2121000952
cell 2 12 3.15 2.50345665 0.1 0.09817477 302.0 2032.0 3878.0 4208.0 2121000953
cell 2 12 3.15 2.60163142 0.1 0.09817477 302.0 2032.0 3878.0 4208.0 2121000954
cell 2 12 3.15 2.69980619 0.1 0.09817477 302.0 2032.0 3878.0 4208.0 2121000955
cell 2 12 3.15 2.79798096 0.1 0.09817477 302.0 2032.0 3878.0 4208.0 2121000956
cell 2 12 3.15 2.89615573 0.1 0.09817477 302.0 2032.0 3878.0 4208.0 2121000957
cell 2 12 3.15 2.9943305 0.1 0.09817477 302.0 2032.0 3878.0 4208.0 2121000958
cell 2 12 3.15 3.09250527 0.1 0.09817477 302.0 2032.0 3878.0 4208.0 2121000959
