# layer_id eta phi delta_eta delta_phi rmin rmax
L 4 -0.8 0.8 16 -3.14159265 3.14159265 64 2280 2680
C 4 -0.75 -3.09250527 0.1 0.09817477 2280 2680 layer4_eta0_phi0
C 4 -0.75 -2.9943305 0.1 0.09817477 2280 2680 layer4_eta0_phi1
C 4 -0.75 -2.89615573 0.1 0.09817477 2280 2680 layer4_eta0_phi2
C 4 -0.75 -2.79798096 0.1 0.09817477 2280 2680 layer4_eta0_phi3
C 4 -0.75 -2.69980619 0.1 0.09817477 2280 2680 layer4_eta0_phi4
C 4 -0.75 -2.60163142 0.1 0.09817477 2280 2680 layer4_eta0_phi5
C 4 -0.75 -2.50345665 0.1 0.09817477 2280 2680 layer4_eta0_phi6
C 4 -0.75 -2.40528188 0.1 0.09817477 2280 2680 layer4_eta0_phi7
C 4 -0.75 -2.3071071 0.1 0.09817477 2280 2680 layer4_eta0_phi8
C 4 -0.75 -2.20893233 0.1 0.09817477 2280 2680 layer4_eta0_phi9
C 4 -0.75 -2.11075756 0.1 0.09817477 2280 2680 layer4_eta0_phi10
C 4 -0.75 -2.01258279 0.1 0.09817477 2280 2680 layer4_eta0_phi11
C 4 -0.75 -1.91440802 0.1 0.09817477 2280 2680 layer4_eta0_phi12
C 4 -0.75 -1.81623325 0.1 0.09817477 2280 2680 layer4_eta0_phi13
C 4 -0.75 -1.71805848 0.1 0.09817477 2280 2680 layer4_eta0_phi14
C 4 -0.75 -1.61988371 0.1 0.09817477 2280 2680 layer4_eta0_phi15
C 4 -0.75 -1.52170894 0.1 0.09817477 2280 2680 layer4_eta0_phi16
C 4 -0.75 -1.42353417 0.1 0.09817477 2280 2680 layer4_eta0_phi17
C 4 -0.75 -1.3253594 0.1 0.09817477 2280 2680 layer4_eta0_phi18
C 4 -0.75 -1.22718463 0.1 0.09817477 2280 2680 layer4_eta0_phi19
C 4 -0.75 -1.12900986 0.1 0.09817477 2280 2680 layer4_eta0_phi20
C 4 -0.75 -1.03083509 0.1 0.09817477 2280 2680 layer4_eta0_phi21
C 4 -0.75 -0.93266032 0.1 0.09817477 2280 2680 layer4_eta0_phi22
C 4 -0.75 -0.83448555 0.1 0.09817477 2280 2680 layer4_eta0_phi23
C 4 -0.75 -0.73631078 0.1 0.09817477 2280 2680 layer4_eta0_phi24
C 4 -0.75 -0.63813601 0.1 0.09817477 2280 2680 layer4_eta0_phi25
C 4 -0.75 -0.53996124 0.1 0.09817477 2280 2680 layer4_eta0_phi26
C 4 -0.75 -0.44178647 0.1 0.09817477 2280 2680 layer4_eta0_phi27
C 4 -0.75 -0.3436117 0.1 0.09817477 2280 2680 layer4_eta0_phi28
C 4 -0.75 -0.24543693 0.1 0.09817477 2280 2680 layer4_eta0_phi29
C 4 -0.75 -0.14726216 0.1 0.09817477 2280 2680 layer4_eta0_phi30
C 4 -0.75 -0.04908739 0.1 0.09817477 2280 2680 layer4_eta0_phi31
C 4 -0.75 0.04908739 0.1 0.09817477 2280 2680 layer4_eta0_phi32
C 4 -0.75 0.14726216 0.1 0.09817477 2280 2680 layer4_eta0_phi33
C 4 -0.75 0.24543693 0.1 0.09817477 2280 2680 layer4_eta0_phi34
C 4 -0.75 0.3436117 0.1 0.09817477 2280 2680 layer4_eta0_phi35
C 4 -0.75 0.44178647 0.1 0.09817477 2280 2680 layer4_eta0_phi36
C 4 -0.75 0.53996124 0.1 0.09817477 2280 2680 layer4_eta0_phi37
C 4 -0.75 0.63813601 0.1 0.09817477 2280 2680 layer4_eta0_phi38
C 4 -0.75 0.73631078 0.1 0.09817477 2280 2680 layer4_eta0_phi39
C 4 -0.75 0.83448555 0.1 0.09817477 2280 2680 layer4_eta0_phi40
C 4 -0.75 0.93266032 0.1 0.09817477 2280 2680 layer4_eta0_phi41
C 4 -0.75 1.03083509 0.1 0.09817477 2280 2680 layer4_eta0_phi42
C 4 -0.75 1.12900986 0.1 0.09817477 2280 2680 layer4_eta0_phi43
C 4 -0.75 1.22718463 0.1 0.09817477 2280 2680 layer4_eta0_phi44
C 4 -0.75 1.3253594 0.1 0.09817477 2280 2680 layer4_eta0_phi45
C 4 -0.75 1.42353417 0.1 0.09817477 2280 2680 layer4_eta0_phi46
C 4 -0.75 1.52170894 0.1 0.09817477 2280 2680 layer4_eta0_phi47
C 4 -0.75 1.61988371 0.1 0.09817477 2280 2680 layer4_eta0_phi48
C 4 -0.75 1.71805848 0.1 0.09817477 2280 2680 layer4_eta0_phi49
C 4 -0.75 1.81623325 0.1 0.09817477 2280 2680 layer4_eta0_phi50
C 4 -0.75 1.91440802 0.1 0.09817477 2280 2680 layer4_eta0_phi51
C 4 -0.75 2.01258279 0.1 0.09817477 2280 2680 layer4_eta0_phi52
C 4 -0.75 2.11075756 0.1 0.09817477 2280 2680 layer4_eta0_phi53
C 4 -0.75 2.20893233 0.1 0.09817477 2280 2680 layer4_eta0_phi54
C 4 -0.75 2.3071071 0.1 0.09817477 2280 2680 layer4_eta0_phi55
C 4 -0.75 2.40528188 0.1 0.09817477 2280 2680 layer4_eta0_phi56
C 4 -0.75 2.50345665 0.1 0.09817477 2280 2680 layer4_eta0_phi57
C 4 -0.75 2.60163142 0.1 0.09817477 2280 2680 layer4_eta0_phi58
C 4 -0.75 2.69980619 0.1 0.09817477 2280 2680 layer4_eta0_phi59
C 4 -0.75 2.79798096 0.1 0.09817477 2280 2680 layer4_eta0_phi60
C 4 -0.75 2.89615573 0.1 0.09817477 2280 2680 layer4_eta0_phi61
C 4 -0.75 2.9943305 0.1 0.09817477 2280 2680 layer4_eta0_phi62
C 4 -0.75 3.09250527 0.1 0.09817477 2280 2680 layer4_eta0_phi63
C 4 -0.65 -3.09250527 0.1 0.09817477 2280 2680 layer4_eta1_phi0
C 4 -0.65 -2.9943305 0.1 0.09817477 2280 2680 layer4_eta1_phi1
C 4 -0.65 -2.89615573 0.1 0.09817477 2280 2680 layer4_eta1_phi2
C 4 -0.65 -2.79798096 0.1 0.09817477 2280 2680 layer4_eta1_phi3
C 4 -0.65 -2.69980619 0.1 0.09817477 2280 2680 layer4_eta1_phi4
C 4 -0.65 -2.60163142 0.1 0.09817477 2280 2680 layer4_eta1_phi5
C 4 -0.65 -2.50345665 0.1 0.09817477 2280 2680 layer4_eta1_phi6
C 4 -0.65 -2.40528188 0.1 0.09817477 2280 2680 layer4_eta1_phi7
C 4 -0.65 -2.3071071 0.1 0.09817477 2280 2680 layer4_eta1_phi8
C 4 -0.65 -2.20893233 0.1 0.09817477 2280 2680 layer4_eta1_phi9
C 4 -0.65 -2.11075756 0.1 0.09817477 2280 2680 layer4_eta1_phi10
C 4 -0.65 -2.01258279 0.1 0.09817477 2280 2680 layer4_eta1_phi11
C 4 -0.65 -1.91440802 0.1 0.09817477 2280 2680 layer4_eta1_phi12
C 4 -0.65 -1.81623325 0.1 0.09817477 2280 2680 layer4_eta1_phi13
C 4 -0.65 -1.71805848 0.1 0.09817477 2280 2680 layer4_eta1_phi14
C 4 -0.65 -1.61988371 0.1 0.09817477 2280 2680 layer4_eta1_phi15
C 4 -0.65 -1.52170894 0.1 0.09817477 2280 2680 layer4_eta1_phi16
C 4 -0.65 -1.42353417 0.1 0.09817477 2280 2680 layer4_eta1_phi17
C 4 -0.65 -1.3253594 0.1 0.09817477 2280 2680 layer4_eta1_phi18
C 4 -0.65 -1.22718463 0.1 0.09817477 2280 2680 layer4_eta1_phi19
C 4 -0.65 -1.12900986 0.1 0.09817477 2280 2680 layer4_eta1_phi20
C 4 -0.65 -1.03083509 0.1 0.09817477 2280 2680 layer4_eta1_phi21
C 4 -0.65 -0.93266032 0.1 0.09817477 2280 2680 layer4_eta1_phi22
C 4 -0.65 -0.83448555 0.1 0.09817477 2280 2680 layer4_eta1_phi23
C 4 -0.65 -0.73631078 0.1 0.09817477 2280 2680 layer4_eta1_phi24
C 4 -0.65 -0.63813601 0.1 0.09817477 2280 2680 layer4_eta1_phi25
C 4 -0.65 -0.53996124 0.1 0.09817477 2280 2680 layer4_eta1_phi26
C 4 -0.65 -0.44178647 0.1 0.09817477 2280 2680 layer4_eta1_phi27
C 4 -0.65 -0.3436117 0.1 0.09817477 2280 2680 layer4_eta1_phi28
C 4 -0.65 -0.24543693 0.1 0.09817477 2280 2680 layer4_eta1_phi29
C 4 -0.65 -0.14726216 0.1 0.09817477 2280 2680 layer4_eta1_phi30
C 4 -0.65 -0.04908739 0.1 0.09817477 2280 2680 layer4_eta1_phi31
C 4 -0.65 0.04908739 0.1 0.09817477 2280 2680 layer4_eta1_phi32
C 4 -0.65 0.14726216 0.1 0.09817477 2280 2680 layer4_eta1_phi33
C 4 -0.65 0.24543693 0.1 0.09817477 2280 2680 layer4_eta1_phi34
C 4 -0.65 0.3436117 0.1 0.09817477 2280 2680 layer4_eta1_phi35
C 4 -0.65 0.44178647 0.1 0.09817477 2280 2680 layer4_eta1_phi36
C 4 -0.65 0.53996124 0.1 0.09817477 2280 2680 layer4_eta1_phi37
C 4 -0.65 0.63813601 0.1 0.09817477 2280 2680 layer4_eta1_phi38
C 4 -0.65 0.73631078 0.1 0.09817477 2280 2680 layer4_eta1_phi39
C 4 -0.65 0.83448555 0.1 0.09817477 2280 2680 layer4_eta1_phi40
C 4 -0.65 0.93266032 0.1 0.09817477 2280 2680 layer4_eta1_phi41
C 4 -0.65 1.03083509 0.1 0.09817477 2280 2680 layer4_eta1_phi42
C 4 -0.65 1.12900986 0.1 0.09817477 2280 2680 layer4_eta1_phi43
C 4 -0.65 1.22718463 0.1 0.09817477 2280 2680 layer4_eta1_phi44
C 4 -0.65 1.3253594 0.1 0.09817477 2280 2680 layer4_eta1_phi45
C 4 -0.65 1.42353417 0.1 0.09817477 2280 2680 layer4_eta1_phi46
C 4 -0.65 1.52170894 0.1 0.09817477 2280 2680 layer4_eta1_phi47
C 4 -0.65 1.61988371 0.1 0.09817477 2280 2680 layer4_eta1_phi48
C 4 -0.65 1.71805848 0.1 0.09817477 2280 2680 layer4_eta1_phi49
C 4 -0.65 1.81623325 0.1 0.09817477 2280 2680 layer4_eta1_phi50
C 4 -0.65 1.91440802 0.1 0.09817477 2280 2680 layer4_eta1_phi51
C 4 -0.65 2.01258279 0.1 0.09817477 2280 2680 layer4_eta1_phi52
C 4 -0.65 2.11075756 0.1 0.09817477 2280 2680 layer4_eta1_phi53
C 4 -0.65 2.20893233 0.1 0.09817477 2280 2680 layer4_eta1_phi54
C 4 -0.65 2.3071071 0.1 0.09817477 2280 2680 layer4_eta1_phi55
C 4 -0.65 2.40528188 0.1 0.09817477 2280 2680 layer4_eta1_phi56
C 4 -0.65 2.50345665 0.1 0.09817477 2280 2680 layer4_eta1_phi57
C 4 -0.65 2.60163142 0.1 0.09817477 2280 2680 layer4_eta1_phi58
C 4 -0.65 2.69980619 0.1 0.09817477 2280 2680 layer4_eta1_phi59
C 4 -0.65 2.79798096 0.1 0.09817477 2280 2680 layer4_eta1_phi60
C 4 -0.65 2.89615573 0.1 0.09817477 2280 2680 layer4_eta1_phi61
C 4 -0.65 2.9943305 0.1 0.09817477 2280 2680 layer4_eta1_phi62
C 4 -0.65 3.09250527 0.1 0.09817477 2280 2680 layer4_eta1_phi63
C 4 -0.55 -3.09250527 0.1 0.09817477 2280 2680 layer4_eta2_phi0
C 4 -0.55 -2.9943305 0.1 0.09817477 2280 2680 layer4_eta2_phi1
C 4 -0.55 -2.89615573 0.1 0.09817477 2280 2680 layer4_eta2_phi2
C 4 -0.55 -2.79798096 0.1 0.09817477 2280 2680 layer4_eta2_phi3
C 4 -0.55 -2.69980619 0.1 0.09817477 2280 2680 layer4_eta2_phi4
C 4 -0.55 -2.60163142 0.1 0.09817477 2280 2680 layer4_eta2_phi5
C 4 -0.55 -2.50345665 0.1 0.09817477 2280 2680 layer4_eta2_phi6
C 4 -0.55 -2.40528188 0.1 0.09817477 2280 2680 layer4_eta2_phi7
C 4 -0.55 -2.3071071 0.1 0.09817477 2280 2680 layer4_eta2_phi8
C 4 -0.55 -2.20893233 0.1 0.09817477 2280 2680 layer4_eta2_phi9
C 4 -0.55 -2.11075756 0.1 0.09817477 2280 2680 layer4_eta2_phi10
C 4 -0.55 -2.01258279 0.1 0.09817477 2280 2680 layer4_eta2_phi11
C 4 -0.55 -1.91440802 0.1 0.09817477 2280 2680 layer4_eta2_phi12
C 4 -0.55 -1.81623325 0.1 0.09817477 2280 2680 layer4_eta2_phi13
C 4 -0.55 -1.71805848 0.1 0.09817477 2280 2680 layer4_eta2_phi14
C 4 -0.55 -1.61988371 0.1 0.09817477 2280 2680 layer4_eta2_phi15
C 4 -0.55 -1.52170894 0.1 0.09817477 2280 2680 layer4_eta2_phi16
C 4 -0.55 -1.42353417 0.1 0.09817477 2280 2680 layer4_eta2_phi17
C 4 -0.55 -1.3253594 0.1 0.09817477 2280 2680 layer4_eta2_phi18
C 4 -0.55 -1.22718463 0.1 0.09817477 2280 2680 layer4_eta2_phi19
C 4 -0.55 -1.12900986 0.1 0.09817477 2280 2680 layer4_eta2_phi20
C 4 -0.55 -1.03083509 0.1 0.09817477 2280 2680 layer4_eta2_phi21
C 4 -0.55 -0.93266032 0.1 0.09817477 2280 2680 layer4_eta2_phi22
C 4 -0.55 -0.83448555 0.1 0.09817477 2280 2680 layer4_eta2_phi23
C 4 -0.55 -0.73631078 0.1 0.09817477 2280 2680 layer4_eta2_phi24
C 4 -0.55 -0.63813601 0.1 0.09817477 2280 2680 layer4_eta2_phi25
C 4 -0.55 -0.53996124 0.1 0.09817477 2280 2680 layer4_eta2_phi26
C 4 -0.55 -0.44178647 0.1 0.09817477 2280 2680 layer4_eta2_phi27
C 4 -0.55 -0.3436117 0.1 0.09817477 2280 2680 layer4_eta2_phi28
C 4 -0.55 -0.24543693 0.1 0.09817477 2280 2680 layer4_eta2_phi29
C 4 -0.55 -0.14726216 0.1 0.09817477 2280 2680 layer4_eta2_phi30
C 4 -0.55 -0.04908739 0.1 0.09817477 2280 2680 layer4_eta2_phi31
C 4 -0.55 0.04908739 0.1 0.09817477 2280 2680 layer4_eta2_phi32
C 4 -0.55 0.14726216 0.1 0.09817477 2280 2680 layer4_eta2_phi33
C 4 -0.55 0.24543693 0.1 0.09817477 2280 2680 layer4_eta2_phi34
C 4 -0.55 0.3436117 0.1 0.09817477 2280 2680 layer4_eta2_phi35
C 4 -0.55 0.44178647 0.1 0.09817477 2280 2680 layer4_eta2_phi36
C 4 -0.55 0.53996124 0.1 0.09817477 2280 2680 layer4_eta2_phi37
C 4 -0.55 0.63813601 0.1 0.09817477 2280 2680 layer4_eta2_phi38
C 4 -0.55 0.73631078 0.1 0.09817477 2280 2680 layer4_eta2_phi39
C 4 -0.55 0.83448555 0.1 0.09817477 2280 2680 layer4_eta2_phi40
C 4 -0.55 0.93266032 0.1 0.09817477 2280 2680 layer4_eta2_phi41
C 4 -0.55 1.03083509 0.1 0.09817477 2280 2680 layer4_eta2_phi42
C 4 -0.55 1.12900986 0.1 0.09817477 2280 2680 layer4_eta2_phi43
C 4 -0.55 1.22718463 0.1 0.09817477 2280 2680 layer4_eta2_phi44
C 4 -0.55 1.3253594 0.1 0.09817477 2280 2680 layer4_eta2_phi45
C 4 -0.55 1.42353417 0.1 0.09817477 2280 2680 layer4_eta2_phi46
C 4 -0.55 1.52170894 0.1 0.09817477 2280 2680 layer4_eta2_phi47
C 4 -0.55 1.61988371 0.1 0.09817477 2280 2680 layer4_eta2_phi48
C 4 -0.55 1.71805848 0.1 0.09817477 2280 2680 layer4_eta2_phi49
C 4 -0.55 1.81623325 0.1 0.09817477 2280 2680 layer4_eta2_phi50
C 4 -0.55 1.91440802 0.1 0.09817477 2280 2680 layer4_eta2_phi51
C 4 -0.55 2.01258279 0.1 0.09817477 2280 2680 layer4_eta2_phi52
C 4 -0.55 2.11075756 0.1 0.09817477 2280 2680 layer4_eta2_phi53
C 4 -0.55 2.20893233 0.1 0.09817477 2280 2680 layer4_eta2_phi54
C 4 -0.55 2.3071071 0.1 0.09817477 2280 2680 layer4_eta2_phi55
C 4 -0.55 2.40528188 0.1 0.09817477 2280 2680 layer4_eta2_phi56
C 4 -0.55 2.50345665 0.1 0.09817477 2280 2680 layer4_eta2_phi57
C 4 -0.55 2.60163142 0.1 0.09817477 2280 2680 layer4_eta2_phi58
C 4 -0.55 2.69980619 0.1 0.09817477 2280 2680 layer4_eta2_phi59
C 4 -0.55 2.79798096 0.1 0.09817477 2280 2680 layer4_eta2_phi60
C 4 -0.55 2.89615573 0.1 0.09817477 2280 2680 layer4_eta2_phi61
C 4 -0.55 2.9943305 0.1 0.09817477 2280 2680 layer4_eta2_phi62
C 4 -0.55 3.09250527 0.1 0.09817477 2280 2680 layer4_eta2_phi63
C 4 -0.45 -3.09250527 0.1 0.09817477 2280 2680 layer4_eta3_phi0
C 4 -0.45 -2.9943305 0.1 0.09817477 2280 2680 layer4_eta3_phi1
C 4 -0.45 -2.89615573 0.1 0.09817477 2280 2680 layer4_eta3_phi2
C 4 -0.45 -2.79798096 0.1 0.09817477 2280 2680 layer4_eta3_phi3
C 4 -0.45 -2.69980619 0.1 0.09817477 2280 2680 layer4_eta3_phi4
C 4 -0.45 -2.60163142 0.1 0.09817477 2280 2680 layer4_eta3_phi5
C 4 -0.45 -2.50345665 0.1 0.09817477 2280 2680 layer4_eta3_phi6
C 4 -0.45 -2.40528188 0.1 0.09817477 2280 2680 layer4_eta3_phi7
C 4 -0.45 -2.3071071 0.1 0.09817477 2280 2680 layer4_eta3_phi8
C 4 -0.45 -2.20893233 0.1 0.09817477 2280 2680 layer4_eta3_phi9
C 4 -0.45 -2.11075756 0.1 0.09817477 2280 2680 layer4_eta3_phi10
C 4 -0.45 -2.01258279 0.1 0.09817477 2280 2680 layer4_eta3_phi11
C 4 -0.45 -1.91440802 0.1 0.09817477 2280 2680 layer4_eta3_phi12
C 4 -0.45 -1.81623325 0.1 0.09817477 2280 2680 layer4_eta3_phi13
C 4 -0.45 -1.71805848 0.1 0.09817477 2280 2680 layer4_eta3_phi14
C 4 -0.45 -1.61988371 0.1 0.09817477 2280 2680 layer4_eta3_phi15
C 4 -0.45 -1.52170894 0.1 0.09817477 2280 2680 layer4_eta3_phi16
C 4 -0.45 -1.42353417 0.1 0.09817477 2280 2680 layer4_eta3_phi17
C 4 -0.45 -1.3253594 0.1 0.09817477 2280 2680 layer4_eta3_phi18
C 4 -0.45 -1.22718463 0.1 0.09817477 2280 2680 layer4_eta3_phi19
C 4 -0.45 -1.12900986 0.1 0.09817477 2280 2680 layer4_eta3_phi20
C 4 -0.45 -1.03083509 0.1 0.09817477 2280 2680 layer4_eta3_phi21
C 4 -0.45 -0.93266032 0.1 0.09817477 2280 2680 layer4_eta3_phi22
C 4 -0.45 -0.83448555 0.1 0.09817477 2280 2680 layer4_eta3_phi23
C 4 -0.45 -0.73631078 0.1 0.09817477 2280 2680 layer4_eta3_phi24
C 4 -0.45 -0.63813601 0.1 0.09817477 2280 2680 layer4_eta3_phi25
C 4 -0.45 -0.53996124 0.1 0.09817477 2280 2680 layer4_eta3_phi26
C 4 -0.45 -0.44178647 0.1 0.09817477 2280 2680 layer4_eta3_phi27
C 4 -0.45 -0.3436117 0.1 0.09817477 2280 2680 layer4_eta3_phi28
C 4 -0.45 -0.24543693 0.1 0.09817477 2280 2680 layer4_eta3_phi29
C 4 -0.45 -0.14726216 0.1 0.09817477 2280 2680 layer4_eta3_phi30
C 4 -0.45 -0.04908739 0.1 0.09817477 2280 2680 layer4_eta3_phi31
C 4 -0.45 0.04908739 0.1 0.09817477 2280 2680 layer4_eta3_phi32
C 4 -0.45 0.14726216 0.1 0.09817477 2280 2680 layer4_eta3_phi33
C 4 -0.45 0.24543693 0.1 0.09817477 2280 2680 layer4_eta3_phi34
C 4 -0.45 0.3436117 0.1 0.09817477 2280 2680 layer4_eta3_phi35
C 4 -0.45 0.44178647 0.1 0.09817477 2280 2680 layer4_eta3_phi36
C 4 -0.45 0.53996124 0.1 0.09817477 2280 2680 layer4_eta3_phi37
C 4 -0.45 0.63813601 0.1 0.09817477 2280 2680 layer4_eta3_phi38
C 4 -0.45 0.73631078 0.1 0.09817477 2280 2680 layer4_eta3_phi39
C 4 -0.45 0.83448555 0.1 0.09817477 2280 2680 layer4_eta3_phi40
C 4 -0.45 0.93266032 0.1 0.09817477 2280 2680 layer4_eta3_phi41
C 4 -0.45 1.03083509 0.1 0.09817477 2280 2680 layer4_eta3_phi42
C 4 -0.45 1.12900986 0.1 0.09817477 2280 2680 layer4_eta3_phi43
C 4 -0.45 1.22718463 0.1 0.09817477 2280 2680 layer4_eta3_phi44
C 4 -0.45 1.3253594 0.1 0.09817477 2280 2680 layer4_eta3_phi45
C 4 -0.45 1.42353417 0.1 0.09817477 2280 2680 layer4_eta3_phi46
C 4 -0.45 1.52170894 0.1 0.09817477 2280 2680 layer4_eta3_phi47
C 4 -0.45 1.61988371 0.1 0.09817477 2280 2680 layer4_eta3_phi48
C 4 -0.45 1.71805848 0.1 0.09817477 2280 2680 layer4_eta3_phi49
C 4 -0.45 1.81623325 0.1 0.09817477 2280 2680 layer4_eta3_phi50
C 4 -0.45 1.91440802 0.1 0.09817477 2280 2680 layer4_eta3_phi51
C 4 -0.45 2.01258279 0.1 0.09817477 2280 2680 layer4_eta3_phi52
C 4 -0.45 2.11075756 0.1 0.09817477 2280 2680 layer4_eta3_phi53
C 4 -0.45 2.20893233 0.1 0.09817477 2280 2680 layer4_eta3_phi54
C 4 -0.45 2.3071071 0.1 0.09817477 2280 2680 layer4_eta3_phi55
C 4 -0.45 2.40528188 0.1 0.09817477 2280 2680 layer4_eta3_phi56
C 4 -0.45 2.50345665 0.1 0.09817477 2280 2680 layer4_eta3_phi57
C 4 -0.45 2.60163142 0.1 0.09817477 2280 2680 layer4_eta3_phi58
C 4 -0.45 2.69980619 0.1 0.09817477 2280 2680 layer4_eta3_phi59
C 4 -0.45 2.79798096 0.1 0.09817477 2280 2680 layer4_eta3_phi60
C 4 -0.45 2.89615573 0.1 0.09817477 2280 2680 layer4_eta3_phi61
C 4 -0.45 2.9943305 0.1 0.09817477 2280 2680 layer4_eta3_phi62
C 4 -0.45 3.09250527 0.1 0.09817477 2280 2680 layer4_eta3_phi63
C 4 -0.35 -3.09250527 0.1 0.09817477 2280 2680 layer4_eta4_phi0
C 4 -0.35 -2.9943305 0.1 0.09817477 2280 2680 layer4_eta4_phi1
C 4 -0.35 -2.89615573 0.1 0.09817477 2280 2680 layer4_eta4_phi2
C 4 -0.35 -2.79798096 0.1 0.09817477 2280 2680 layer4_eta4_phi3
C 4 -0.35 -2.69980619 0.1 0.09817477 2280 2680 layer4_eta4_phi4
C 4 -0.35 -2.60163142 0.1 0.09817477 2280 2680 layer4_eta4_phi5
C 4 -0.35 -2.50345665 0.1 0.09817477 2280 2680 layer4_eta4_phi6
C 4 -0.35 -2.40528188 0.1 0.09817477 2280 2680 layer4_eta4_phi7
C 4 -0.35 -2.3071071 0.1 0.09817477 2280 2680 layer4_eta4_phi8
C 4 -0.35 -2.20893233 0.1 0.09817477 2280 2680 layer4_eta4_phi9
C 4 -0.35 -2.11075756 0.1 0.09817477 2280 2680 layer4_eta4_phi10
C 4 -0.35 -2.01258279 0.1 0.09817477 2280 2680 layer4_eta4_phi11
C 4 -0.35 -1.91440802 0.1 0.09817477 2280 2680 layer4_eta4_phi12
C 4 -0.35 -1.81623325 0.1 0.09817477 2280 2680 layer4_eta4_phi13
C 4 -0.35 -1.71805848 0.1 0.09817477 2280 2680 layer4_eta4_phi14
C 4 -0.35 -1.61988371 0.1 0.09817477 2280 2680 layer4_eta4_phi15
C 4 -0.35 -1.52170894 0.1 0.09817477 2280 2680 layer4_eta4_phi16
C 4 -0.35 -1.42353417 0.1 0.09817477 2280 2680 layer4_eta4_phi17
C 4 -0.35 -1.3253594 0.1 0.09817477 2280 2680 layer4_eta4_phi18
C 4 -0.35 -1.22718463 0.1 0.09817477 2280 2680 layer4_eta4_phi19
C 4 -0.35 -1.12900986 0.1 0.09817477 2280 2680 layer4_eta4_phi20
C 4 -0.35 -1.03083509 0.1 0.09817477 2280 2680 layer4_eta4_phi21
C 4 -0.35 -0.93266032 0.1 0.09817477 2280 2680 layer4_eta4_phi22
C 4 -0.35 -0.83448555 0.1 0.09817477 2280 2680 layer4_eta4_phi23
C 4 -0.35 -0.73631078 0.1 0.09817477 2280 2680 layer4_eta4_phi24
C 4 -0.35 -0.63813601 0.1 0.09817477 2280 2680 layer4_eta4_phi25
C 4 -0.35 -0.53996124 0.1 0.09817477 2280 2680 layer4_eta4_phi26
C 4 -0.35 -0.44178647 0.1 0.09817477 2280 2680 layer4_eta4_phi27
C 4 -0.35 -0.3436117 0.1 0.09817477 2280 2680 layer4_eta4_phi28
C 4 -0.35 -0.24543693 0.1 0.09817477 2280 2680 layer4_eta4_phi29
C 4 -0.35 -0.14726216 0.1 0.09817477 2280 2680 layer4_eta4_phi30
C 4 -0.35 -0.04908739 0.1 0.09817477 2280 2680 layer4_eta4_phi31
C 4 -0.35 0.04908739 0.1 0.09817477 2280 2680 layer4_eta4_phi32
C 4 -0.35 0.14726216 0.1 0.09817477 2280 2680 layer4_eta4_phi33
C 4 -0.35 0.24543693 0.1 0.09817477 2280 2680 layer4_eta4_phi34
C 4 -0.35 0.3436117 0.1 0.09817477 2280 2680 layer4_eta4_phi35
C 4 -0.35 0.44178647 0.1 0.09817477 2280 2680 layer4_eta4_phi36
C 4 -0.35 0.53996124 0.1 0.09817477 2280 2680 layer4_eta4_phi37
C 4 -0.35 0.63813601 0.1 0.09817477 2280 2680 layer4_eta4_phi38
C 4 -0.35 0.73631078 0.1 0.09817477 2280 2680 layer4_eta4_phi39
C 4 -0.35 0.83448555 0.1 0.09817477 2280 2680 layer4_eta4_phi40
C 4 -0.35 0.93266032 0.1 0.09817477 2280 2680 layer4_eta4_phi41
C 4 -0.35 1.03083509 0.1 0.09817477 2280 2680 layer4_eta4_phi42
C 4 -0.35 1.12900986 0.1 0.09817477 2280 2680 layer4_eta4_phi43
C 4 -0.35 1.22718463 0.1 0.09817477 2280 2680 layer4_eta4_phi44
C 4 -0.35 1.3253594 0.1 0.09817477 2280 2680 layer4_eta4_phi45
C 4 -0.35 1.42353417 0.1 0.09817477 2280 2680 layer4_eta4_phi46
C 4 -0.35 1.52170894 0.1 0.09817477 2280 2680 layer4_eta4_phi47
C 4 -0.35 1.61988371 0.1 0.09817477 2280 2680 layer4_eta4_phi48
C 4 -0.35 1.71805848 0.1 0.09817477 2280 2680 layer4_eta4_phi49
C 4 -0.35 1.81623325 0.1 0.09817477 2280 2680 layer4_eta4_phi50
C 4 -0.35 1.91440802 0.1 0.09817477 2280 2680 layer4_eta4_phi51
C 4 -0.35 2.01258279 0.1 0.09817477 2280 2680 layer4_eta4_phi52
C 4 -0.35 2.11075756 0.1 0.09817477 2280 2680 layer4_eta4_phi53
C 4 -0.35 2.20893233 0.1 0.09817477 2280 2680 layer4_eta4_phi54
C 4 -0.35 2.3071071 0.1 0.09817477 2280 2680 layer4_eta4_phi55
C 4 -0.35 2.40528188 0.1 0.09817477 2280 2680 layer4_eta4_phi56
C 4 -0.35 2.50345665 0.1 0.09817477 2280 2680 layer4_eta4_phi57
C 4 -0.35 2.60163142 0.1 0.09817477 2280 2680 layer4_eta4_phi58
C 4 -0.35 2.69980619 0.1 0.09817477 2280 2680 layer4_eta4_phi59
C 4 -0.35 2.79798096 0.1 0.09817477 2280 2680 layer4_eta4_phi60
C 4 -0.35 2.89615573 0.1 0.09817477 2280 2680 layer4_eta4_phi61
C 4 -0.35 2.9943305 0.1 0.09817477 2280 2680 layer4_eta4_phi62
C 4 -0.35 3.09250527 0.1 0.09817477 2280 2680 layer4_eta4_phi63
C 4 -0.25 -3.09250527 0.1 0.09817477 2280 2680 layer4_eta5_phi0
C 4 -0.25 -2.9943305 0.1 0.09817477 2280 2680 layer4_eta5_phi1
C 4 -0.25 -2.89615573 0.1 0.09817477 2280 2680 layer4_eta5_phi2
C 4 -0.25 -2.79798096 0.1 0.09817477 2280 2680 layer4_eta5_phi3
C 4 -0.25 -2.69980619 0.1 0.09817477 2280 2680 layer4_eta5_phi4
C 4 -0.25 -2.60163142 0.1 0.09817477 2280 2680 layer4_eta5_phi5
C 4 -0.25 -2.50345665 0.1 0.09817477 2280 2680 layer4_eta5_phi6
C 4 -0.25 -2.40528188 0.1 0.09817477 2280 2680 layer4_eta5_phi7
C 4 -0.25 -2.3071071 0.1 0.09817477 2280 2680 layer4_eta5_phi8
C 4 -0.25 -2.20893233 0.1 0.09817477 2280 2680 layer4_eta5_phi9
C 4 -0.25 -2.11075756 0.1 0.09817477 2280 2680 layer4_eta5_phi10
C 4 -0.25 -2.01258279 0.1 0.09817477 2280 2680 layer4_eta5_phi11
C 4 -0.25 -1.91440802 0.1 0.09817477 2280 2680 layer4_eta5_phi12
C 4 -0.25 -1.81623325 0.1 0.09817477 2280 2680 layer4_eta5_phi13
C 4 -0.25 -1.71805848 0.1 0.09817477 2280 2680 layer4_eta5_phi14
C 4 -0.25 -1.61988371 0.1 0.09817477 2280 2680 layer4_eta5_phi15
C 4 -0.25 -1.52170894 0.1 0.09817477 2280 2680 layer4_eta5_phi16
C 4 -0.25 -1.42353417 0.1 0.09817477 2280 2680 layer4_eta5_phi17
C 4 -0.25 -1.3253594 0.1 0.09817477 2280 2680 layer4_eta5_phi18
C 4 -0.25 -1.22718463 0.1 0.09817477 2280 2680 layer4_eta5_phi19
C 4 -0.25 -1.12900986 0.1 0.09817477 2280 2680 layer4_eta5_phi20
C 4 -0.25 -1.03083509 0.1 0.09817477 2280 2680 layer4_eta5_phi21
C 4 -0.25 -0.93266032 0.1 0.09817477 2280 2680 layer4_eta5_phi22
C 4 -0.25 -0.83448555 0.1 0.09817477 2280 2680 layer4_eta5_phi23
C 4 -0.25 -0.73631078 0.1 0.09817477 2280 2680 layer4_eta5_phi24
C 4 -0.25 -0.63813601 0.1 0.09817477 2280 2680 layer4_eta5_phi25
C 4 -0.25 -0.53996124 0.1 0.09817477 2280 2680 layer4_eta5_phi26
C 4 -0.25 -0.44178647 0.1 0.09817477 2280 2680 layer4_eta5_phi27
C 4 -0.25 -0.3436117 0.1 0.09817477 2280 2680 layer4_eta5_phi28
C 4 -0.25 -0.24543693 0.1 0.09817477 2280 2680 layer4_eta5_phi29
C 4 -0.25 -0.14726216 0.1 0.09817477 2280 2680 layer4_eta5_phi30
C 4 -0.25 -0.04908739 0.1 0.09817477 2280 2680 layer4_eta5_phi31
C 4 -0.25 0.04908739 0.1 0.09817477 2280 2680 layer4_eta5_phi32
C 4 -0.25 0.14726216 0.1 0.09817477 2280 2680 layer4_eta5_phi33
C 4 -0.25 0.24543693 0.1 0.09817477 2280 2680 layer4_eta5_phi34
C 4 -0.25 0.3436117 0.1 0.09817477 2280 2680 layer4_eta5_phi35
C 4 -0.25 0.44178647 0.1 0.09817477 2280 2680 layer4_eta5_phi36
C 4 -0.25 0.53996124 0.1 0.09817477 2280 2680 layer4_eta5_phi37
C 4 -0.25 0.63813601 0.1 0.09817477 2280 2680 layer4_eta5_phi38
C 4 -0.25 0.73631078 0.1 0.09817477 2280 2680 layer4_eta5_phi39
C 4 -0.25 0.83448555 0.1 0.09817477 2280 2680 layer4_eta5_phi40
C 4 -0.25 0.93266032 0.1 0.09817477 2280 2680 layer4_eta5_phi41
C 4 -0.25 1.03083509 0.1 0.09817477 2280 2680 layer4_eta5_phi42
C 4 -0.25 1.12900986 0.1 0.09817477 2280 2680 layer4_eta5_phi43
C 4 -0.25 1.22718463 0.1 0.09817477 2280 2680 layer4_eta5_phi44
C 4 -0.25 1.3253594 0.1 0.09817477 2280 2680 layer4_eta5_phi45
C 4 -0.25 1.42353417 0.1 0.09817477 2280 2680 layer4_eta5_phi46
C 4 -0.25 1.52170894 0.1 0.09817477 2280 2680 layer4_eta5_phi47
C 4 -0.25 1.61988371 0.1 0.09817477 2280 2680 layer4_eta5_phi48
C 4 -0.25 1.71805848 0.1 0.09817477 2280 2680 layer4_eta5_phi49
C 4 -0.25 1.81623325 0.1 0.09817477 2280 2680 layer4_eta5_phi50
C 4 -0.25 1.91440802 0.1 0.09817477 2280 2680 layer4_eta5_phi51
C 4 -0.25 2.01258279 0.1 0.09817477 2280 2680 layer4_eta5_phi52
C 4 -0.25 2.11075756 0.1 0.09817477 2280 2680 layer4_eta5_phi53
C 4 -0.25 2.20893233 0.1 0.09817477 2280 2680 layer4_eta5_phi54
C 4 -0.25 2.3071071 0.1 0.09817477 2280 2680 layer4_eta5_phi55
C 4 -0.25 2.40528188 0.1 0.09817477 2280 2680 layer4_eta5_phi56
C 4 -0.25 2.50345665 0.1 0.09817477 2280 2680 layer4_eta5_phi57
C 4 -0.25 2.60163142 0.1 0.09817477 2280 2680 layer4_eta5_phi58
C 4 -0.25 2.69980619 0.1 0.09817477 2280 2680 layer4_eta5_phi59
C 4 -0.25 2.79798096 0.1 0.09817477 2280 2680 layer4_eta5_phi60
C 4 -0.25 2.89615573 0.1 0.09817477 2280 2680 layer4_eta5_phi61
C 4 -0.25 2.9943305 0.1 0.09817477 2280 2680 layer4_eta5_phi62
C 4 -0.25 3.09250527 0.1 0.09817477 2280 2680 layer4_eta5_phi63
C 4 -0.15 -3.09250527 0.1 0.09817477 2280 2680 layer4_eta6_phi0
C 4 -0.15 -2.9943305 0.1 0.09817477 2280 2680 layer4_eta6_phi1
C 4 -0.15 -2.89615573 0.1 0.09817477 2280 2680 layer4_eta6_phi2
C 4 -0.15 -2.79798096 0.1 0.09817477 2280 2680 layer4_eta6_phi3
C 4 -0.15 -2.69980619 0.1 0.09817477 2280 2680 layer4_eta6_phi4
C 4 -0.15 -2.60163142 0.1 0.09817477 2280 2680 layer4_eta6_phi5
C 4 -0.15 -2.50345665 0.1 0.09817477 2280 2680 layer4_eta6_phi6
C 4 -0.15 -2.40528188 0.1 0.09817477 2280 2680 layer4_eta6_phi7
C 4 -0.15 -2.3071071 0.1 0.09817477 2280 2680 layer4_eta6_phi8
C 4 -0.15 -2.20893233 0.1 0.09817477 2280 2680 layer4_eta6_phi9
C 4 -0.15 -2.11075756 0.1 0.09817477 2280 2680 layer4_eta6_phi10
C 4 -0.15 -2.01258279 0.1 0.09817477 2280 2680 layer4_eta6_phi11
C 4 -0.15 -1.91440802 0.1 0.09817477 2280 2680 layer4_eta6_phi12
C 4 -0.15 -1.81623325 0.1 0.09817477 2280 2680 layer4_eta6_phi13
C 4 -0.15 -1.71805848 0.1 0.09817477 2280 2680 layer4_eta6_phi14
C 4 -0.15 -1.61988371 0.1 0.09817477 2280 2680 layer4_eta6_phi15
C 4 -0.15 -1.52170894 0.1 0.09817477 2280 2680 layer4_eta6_phi16
C 4 -0.15 -1.42353417 0.1 0.09817477 2280 2680 layer4_eta6_phi17
C 4 -0.15 -1.3253594 0.1 0.09817477 2280 2680 layer4_eta6_phi18
C 4 -0.15 -1.22718463 0.1 0.09817477 2280 2680 layer4_eta6_phi19
C 4 -0.15 -1.12900986 0.1 0.09817477 2280 2680 layer4_eta6_phi20
C 4 -0.15 -1.03083509 0.1 0.09817477 2280 2680 layer4_eta6_phi21
C 4 -0.15 -0.93266032 0.1 0.09817477 2280 2680 layer4_eta6_phi22
C 4 -0.15 -0.83448555 0.1 0.09817477 2280 2680 layer4_eta6_phi23
C 4 -0.15 -0.73631078 0.1 0.09817477 2280 2680 layer4_eta6_phi24
C 4 -0.15 -0.63813601 0.1 0.09817477 2280 2680 layer4_eta6_phi25
C 4 -0.15 -0.53996124 0.1 0.09817477 2280 2680 layer4_eta6_phi26
C 4 -0.15 -0.44178647 0.1 0.09817477 2280 2680 layer4_eta6_phi27
C 4 -0.15 -0.3436117 0.1 0.09817477 2280 2680 layer4_eta6_phi28
C 4 -0.15 -0.24543693 0.1 0.09817477 2280 2680 layer4_eta6_phi29
C 4 -0.15 -0.14726216 0.1 0.09817477 2280 2680 layer4_eta6_phi30
C 4 -0.15 -0.04908739 0.1 0.09817477 2280 2680 layer4_eta6_phi31
C 4 -0.15 0.04908739 0.1 0.09817477 2280 2680 layer4_eta6_phi32
C 4 -0.15 0.14726216 0.1 0.09817477 2280 2680 layer4_eta6_phi33
C 4 -0.15 0.24543693 0.1 0.09817477 2280 2680 layer4_eta6_phi34
C 4 -0.15 0.3436117 0.1 0.09817477 2280 2680 layer4_eta6_phi35
C 4 -0.15 0.44178647 0.1 0.09817477 2280 2680 layer4_eta6_phi36
C 4 -0.15 0.53996124 0.1 0.09817477 2280 2680 layer4_eta6_phi37
C 4 -0.15 0.63813601 0.1 0.09817477 2280 2680 layer4_eta6_phi38
C 4 -0.15 0.73631078 0.1 0.09817477 2280 2680 layer4_eta6_phi39
C 4 -0.15 0.83448555 0.1 0.09817477 2280 2680 layer4_eta6_phi40
C 4 -0.15 0.93266032 0.1 0.09817477 2280 2680 layer4_eta6_phi41
C 4 -0.15 1.03083509 0.1 0.09817477 2280 2680 layer4_eta6_phi42
C 4 -0.15 1.12900986 0.1 0.09817477 2280 2680 layer4_eta6_phi43
C 4 -0.15 1.22718463 0.1 0.09817477 2280 2680 layer4_eta6_phi44
C 4 -0.15 1.3253594 0.1 0.09817477 2280 2680 layer4_eta6_phi45
C 4 -0.15 1.42353417 0.1 0.09817477 2280 2680 layer4_eta6_phi46
C 4 -0.15 1.52170894 0.1 0.09817477 2280 2680 layer4_eta6_phi47
C 4 -0.15 1.61988371 0.1 0.09817477 2280 2680 layer4_eta6_phi48
C 4 -0.15 1.71805848 0.1 0.09817477 2280 2680 layer4_eta6_phi49
C 4 -0.15 1.81623325 0.1 0.09817477 2280 2680 layer4_eta6_phi50
C 4 -0.15 1.91440802 0.1 0.09817477 2280 2680 layer4_eta6_phi51
C 4 -0.15 2.01258279 0.1 0.09817477 2280 2680 layer4_eta6_phi52
C 4 -0.15 2.11075756 0.1 0.09817477 2280 2680 layer4_eta6_phi53
C 4 -0.15 2.20893233 0.1 0.09817477 2280 2680 layer4_eta6_phi54
C 4 -0.15 2.3071071 0.1 0.09817477 2280 2680 layer4_eta6_phi55
C 4 -0.15 2.40528188 0.1 0.09817477 2280 2680 layer4_eta6_phi56
C 4 -0.15 2.50345665 0.1 0.09817477 2280 2680 layer4_eta6_phi57
C 4 -0.15 2.60163142 0.1 0.09817477 2280 2680 layer4_eta6_phi58
C 4 -0.15 2.69980619 0.1 0.09817477 2280 2680 layer4_eta6_phi59
C 4 -0.15 2.79798096 0.1 0.09817477 2280 2680 layer4_eta6_phi60
C 4 -0.15 2.89615573 0.1 0.09817477 2280 2680 layer4_eta6_phi61
C 4 -0.15 2.9943305 0.1 0.09817477 2280 2680 layer4_eta6_phi62
C 4 -0.15 3.09250527 0.1 0.09817477 2280 2680 layer4_eta6_phi63
C 4 -0.05 -3.09250527 0.1 0.09817477 2280 2680 layer4_eta7_phi0
C 4 -0.05 -2.9943305 0.1 0.09817477 2280 2680 layer4_eta7_phi1
C 4 -0.05 -2.89615573 0.1 0.09817477 2280 2680 layer4_eta7_phi2
C 4 -0.05 -2.79798096 0.1 0.09817477 2280 2680 layer4_eta7_phi3
C 4 -0.05 -2.69980619 0.1 0.09817477 2280 2680 layer4_eta7_phi4
C 4 -0.05 -2.60163142 0.1 0.09817477 2280 2680 layer4_eta7_phi5
C 4 -0.05 -2.50345665 0.1 0.09817477 2280 2680 layer4_eta7_phi6
C 4 -0.05 -2.40528188 0.1 0.09817477 2280 2680 layer4_eta7_phi7
C 4 -0.05 -2.3071071 0.1 0.09817477 2280 2680 layer4_eta7_phi8
C 4 -0.05 -2.20893233 0.1 0.09817477 2280 2680 layer4_eta7_phi9
C 4 -0.05 -2.11075756 0.1 0.09817477 2280 2680 layer4_eta7_phi10
C 4 -0.05 -2.01258279 0.1 0.09817477 2280 2680 layer4_eta7_phi11
C 4 -0.05 -1.91440802 0.1 0.09817477 2280 2680 layer4_eta7_phi12
C 4 -0.05 -1.81623325 0.1 0.09817477 2280 2680 layer4_eta7_phi13
C 4 -0.05 -1.71805848 0.1 0.09817477 2280 2680 layer4_eta7_phi14
C 4 -0.05 -1.61988371 0.1 0.09817477 2280 2680 layer4_eta7_phi15
C 4 -0.05 -1.52170894 0.1 0.09817477 2280 2680 layer4_eta7_phi16
C 4 -0.05 -1.42353417 0.1 0.09817477 2280 2680 layer4_eta7_phi17
C 4 -0.05 -1.3253594 0.1 0.09817477 2280 2680 layer4_eta7_phi18
C 4 -0.05 -1.22718463 0.1 0.09817477 2280 2680 layer4_eta7_phi19
C 4 -0.05 -1.12900986 0.1 0.09817477 2280 2680 layer4_eta7_phi20
C 4 -0.05 -1.03083509 0.1 0.09817477 2280 2680 layer4_eta7_phi21
C 4 -0.05 -0.93266032 0.1 0.09817477 2280 2680 layer4_eta7_phi22
C 4 -0.05 -0.83448555 0.1 0.09817477 2280 2680 layer4_eta7_phi23
C 4 -0.05 -0.73631078 0.1 0.09817477 2280 2680 layer4_eta7_phi24
C 4 -0.05 -0.63813601 0.1 0.09817477 2280 2680 layer4_eta7_phi25
C 4 -0.05 -0.53996124 0.1 0.09817477 2280 2680 layer4_eta7_phi26
C 4 -0.05 -0.44178647 0.1 0.09817477 2280 2680 layer4_eta7_phi27
C 4 -0.05 -0.3436117 0.1 0.09817477 2280 2680 layer4_eta7_phi28
C 4 -0.05 -0.24543693 0.1 0.09817477 2280 2680 layer4_eta7_phi29
C 4 -0.05 -0.14726216 0.1 0.09817477 2280 2680 layer4_eta7_phi30
C 4 -0.05 -0.04908739 0.1 0.09817477 2280 2680 layer4_eta7_phi31
C 4 -0.05 0.04908739 0.1 0.09817477 2280 2680 layer4_eta7_phi32
C 4 -0.05 0.14726216 0.1 0.09817477 2280 2680 layer4_eta7_phi33
C 4 -0.05 0.24543693 0.1 0.09817477 2280 2680 layer4_eta7_phi34
C 4 -0.05 0.3436117 0.1 0.09817477 2280 2680 layer4_eta7_phi35
C 4 -0.05 0.44178647 0.1 0.09817477 2280 2680 layer4_eta7_phi36
C 4 -0.05 0.53996124 0.1 0.09817477 2280 2680 layer4_eta7_phi37
C 4 -0.05 0.63813601 0.1 0.09817477 2280 2680 layer4_eta7_phi38
C 4 -0.05 0.73631078 0.1 0.09817477 2280 2680 layer4_eta7_phi39
C 4 -0.05 0.83448555 0.1 0.09817477 2280 2680 layer4_eta7_phi40
C 4 -0.05 0.93266032 0.1 0.09817477 2280 2680 layer4_eta7_phi41
C 4 -0.05 1.03083509 0.1 0.09817477 2280 2680 layer4_eta7_phi42
C 4 -0.05 1.12900986 0.1 0.09817477 2280 2680 layer4_eta7_phi43
C 4 -0.05 1.22718463 0.1 0.09817477 2280 2680 layer4_eta7_phi44
C 4 -0.05 1.3253594 0.1 0.09817477 2280 2680 layer4_eta7_phi45
C 4 -0.05 1.42353417 0.1 0.09817477 2280 2680 layer4_eta7_phi46
C 4 -0.05 1.52170894 0.1 0.09817477 2280 2680 layer4_eta7_phi47
C 4 -0.05 1.61988371 0.1 0.09817477 2280 2680 layer4_eta7_phi48
C 4 -0.05 1.71805848 0.1 0.09817477 2280 2680 layer4_eta7_phi49
C 4 -0.05 1.81623325 0.1 0.09817477 2280 2680 layer4_eta7_phi50
C 4 -0.05 1.91440802 0.1 0.09817477 2280 2680 layer4_eta7_phi51
C 4 -0.05 2.01258279 0.1 0.09817477 2280 2680 layer4_eta7_phi52
C 4 -0.05 2.11075756 0.1 0.09817477 2280 2680 layer4_eta7_phi53
C 4 -0.05 2.20893233 0.1 0.09817477 2280 2680 layer4_eta7_phi54
C 4 -0.05 2.3071071 0.1 0.09817477 2280 2680 layer4_eta7_phi55
C 4 -0.05 2.40528188 0.1 0.09817477 2280 2680 layer4_eta7_phi56
C 4 -0.05 2.50345665 0.1 0.09817477 2280 2680 layer4_eta7_phi57
C 4 -0.05 2.60163142 0.1 0.09817477 2280 2680 layer4_eta7_phi58
C 4 -0.05 2.69980619 0.1 0.09817477 2280 2680 layer4_eta7_phi59
C 4 -0.05 2.79798096 0.1 0.09817477 2280 2680 layer4_eta7_phi60
C 4 -0.05 2.89615573 0.1 0.09817477 2280 2680 layer4_eta7_phi61
C 4 -0.05 2.9943305 0.1 0.09817477 2280 2680 layer4_eta7_phi62
C 4 -0.05 3.09250527 0.1 0.09817477 2280 2680 layer4_eta7_phi63
C 4 0.05 -3.09250527 0.1 0.09817477 2280 2680 layer4_eta8_phi0
C 4 0.05 -2.9943305 0.1 0.09817477 2280 2680 layer4_eta8_phi1
C 4 0.05 -2.89615573 0.1 0.09817477 2280 2680 layer4_eta8_phi2
C 4 0.05 -2.79798096 0.1 0.09817477 2280 2680 layer4_eta8_phi3
C 4 0.05 -2.69980619 0.1 0.09817477 2280 2680 layer4_eta8_phi4
C 4 0.05 -2.60163142 0.1 0.09817477 2280 2680 layer4_eta8_phi5
C 4 0.05 -2.50345665 0.1 0.09817477 2280 2680 layer4_eta8_phi6
C 4 0.05 -2.40528188 0.1 0.09817477 2280 2680 layer4_eta8_phi7
C 4 0.05 -2.3071071 0.1 0.09817477 2280 2680 layer4_eta8_phi8
C 4 0.05 -2.20893233 0.1 0.09817477 2280 2680 layer4_eta8_phi9
C 4 0.05 -2.11075756 0.1 0.09817477 2280 2680 layer4_eta8_phi10
C 4 0.05 -2.01258279 0.1 0.09817477 2280 2680 layer4_eta8_phi11
C 4 0.05 -1.91440802 0.1 0.09817477 2280 2680 layer4_eta8_phi12
C 4 0.05 -1.81623325 0.1 0.09817477 2280 2680 layer4_eta8_phi13
C 4 0.05 -1.71805848 0.1 0.09817477 2280 2680 layer4_eta8_phi14
C 4 0.05 -1.61988371 0.1 0.09817477 2280 2680 layer4_eta8_phi15
C 4 0.05 -1.52170894 0.1 0.09817477 2280 2680 layer4_eta8_phi16
C 4 0.05 -1.42353417 0.1 0.09817477 2280 2680 layer4_eta8_phi17
C 4 0.05 -1.3253594 0.1 0.09817477 2280 2680 layer4_eta8_phi18
C 4 0.05 -1.22718463 0.1 0.09817477 2280 2680 layer4_eta8_phi19
C 4 0.05 -1.12900986 0.1 0.09817477 2280 2680 layer4_eta8_phi20
C 4 0.05 -1.03083509 0.1 0.09817477 2280 2680 layer4_eta8_phi21
C 4 0.05 -0.93266032 0.1 0.09817477 2280 2680 layer4_eta8_phi22
C 4 0.05 -0.83448555 0.1 0.09817477 2280 2680 layer4_eta8_phi23
C 4 0.05 -0.73631078 0.1 0.09817477 2280 2680 layer4_eta8_phi24
C 4 0.05 -0.63813601 0.1 0.09817477 2280 2680 layer4_eta8_phi25
C 4 0.05 -0.53996124 0.1 0.09817477 2280 2680 layer4_eta8_phi26
C 4 0.05 -0.44178647 0.1 0.09817477 2280 2680 layer4_eta8_phi27
C 4 0.05 -0.3436117 0.1 0.09817477 2280 2680 layer4_eta8_phi28
C 4 0.05 -0.24543693 0.1 0.09817477 2280 2680 layer4_eta8_phi29
C 4 0.05 -0.14726216 0.1 0.09817477 2280 2680 layer4_eta8_phi30
C 4 0.05 -0.04908739 0.1 0.09817477 2280 2680 layer4_eta8_phi31
C 4 0.05 0.04908739 0.1 0.09817477 2280 2680 layer4_eta8_phi32
C 4 0.05 0.14726216 0.1 0.09817477 2280 2680 layer4_eta8_phi33
C 4 0.05 0.24543693 0.1 0.09817477 2280 2680 layer4_eta8_phi34
C 4 0.05 0.3436117 0.1 0.09817477 2280 2680 layer4_eta8_phi35
C 4 0.05 0.44178647 0.1 0.09817477 2280 2680 layer4_eta8_phi36
C 4 0.05 0.53996124 0.1 0.09817477 2280 2680 layer4_eta8_phi37
C 4 0.05 0.63813601 0.1 0.09817477 2280 2680 layer4_eta8_phi38
C 4 0.05 0.73631078 0.1 0.09817477 2280 2680 layer4_eta8_phi39
C 4 0.05 0.83448555 0.1 0.09817477 2280 2680 layer4_eta8_phi40
C 4 0.05 0.93266032 0.1 0.09817477 2280 2680 layer4_eta8_phi41
C 4 0.05 1.03083509 0.1 0.09817477 2280 2680 layer4_eta8_phi42
C 4 0.05 1.12900986 0.1 0.09817477 2280 2680 layer4_eta8_phi43
C 4 0.05 1.22718463 0.1 0.09817477 2280 2680 layer4_eta8_phi44
C 4 0.05 1.3253594 0.1 0.09817477 2280 2680 layer4_eta8_phi45
C 4 0.05 1.42353417 0.1 0.09817477 2280 2680 layer4_eta8_phi46
C 4 0.05 1.52170894 0.1 0.09817477 2280 2680 layer4_eta8_phi47
C 4 0.05 1.61988371 0.1 0.09817477 2280 2680 layer4_eta8_phi48
C 4 0.05 1.71805848 0.1 0.09817477 2280 2680 layer4_eta8_phi49
C 4 0.05 1.81623325 0.1 0.09817477 2280 2680 layer4_eta8_phi50
C 4 0.05 1.91440802 0.1 0.09817477 2280 2680 layer4_eta8_phi51
C 4 0.05 2.01258279 0.1 0.09817477 2280 2680 layer4_eta8_phi52
C 4 0.05 2.11075756 0.1 0.09817477 2280 2680 layer4_eta8_phi53
C 4 0.05 2.20893233 0.1 0.09817477 2280 2680 layer4_eta8_phi54
C 4 0.05 2.3071071 0.1 0.09817477 2280 2680 layer4_eta8_phi55
C 4 0.05 2.40528188 0.1 0.09817477 2280 2680 layer4_eta8_phi56
C 4 0.05 2.50345665 0.1 0.09817477 2280 2680 layer4_eta8_phi57
C 4 0.05 2.60163142 0.1 0.09817477 2280 2680 layer4_eta8_phi58
C 4 0.05 2.69980619 0.1 0.09817477 2280 2680 layer4_eta8_phi59
C 4 0.05 2.79798096 0.1 0.09817477 2280 2680 layer4_eta8_phi60
C 4 0.05 2.89615573 0.1 0.09817477 2280 2680 layer4_eta8_phi61
C 4 0.05 2.9943305 0.1 0.09817477 2280 2680 layer4_eta8_phi62
C 4 0.05 3.09250527 0.1 0.09817477 2280 2680 layer4_eta8_phi63
C 4 0.15 -3.09250527 0.1 0.09817477 2280 2680 layer4_eta9_phi0
C 4 0.15 -2.9943305 0.1 0.09817477 2280 2680 layer4_eta9_phi1
C 4 0.15 -2.89615573 0.1 0.09817477 2280 2680 layer4_eta9_phi2
C 4 0.15 -2.79798096 0.1 0.09817477 2280 2680 layer4_eta9_phi3
C 4 0.15 -2.69980619 0.1 0.09817477 2280 2680 layer4_eta9_phi4
C 4 0.15 -2.60163142 0.1 0.09817477 2280 2680 layer4_eta9_phi5
C 4 0.15 -2.50345665 0.1 0.09817477 2280 2680 layer4_eta9_phi6
C 4 0.15 -2.40528188 0.1 0.09817477 2280 2680 layer4_eta9_phi7
C 4 0.15 -2.3071071 0.1 0.09817477 2280 2680 layer4_eta9_phi8
C 4 0.15 -2.20893233 0.1 0.09817477 2280 2680 layer4_eta9_phi9
C 4 0.15 -2.11075756 0.1 0.09817477 2280 2680 layer4_eta9_phi10
C 4 0.15 -2.01258279 0.1 0.09817477 2280 2680 layer4_eta9_phi11
C 4 0.15 -1.91440802 0.1 0.09817477 2280 2680 layer4_eta9_phi12
C 4 0.15 -1.81623325 0.1 0.09817477 2280 2680 layer4_eta9_phi13
C 4 0.15 -1.71805848 0.1 0.09817477 2280 2680 layer4_eta9_phi14
C 4 0.15 -1.61988371 0.1 0.09817477 2280 2680 layer4_eta9_phi15
C 4 0.15 -1.52170894 0.1 0.09817477 2280 2680 layer4_eta9_phi16
C 4 0.15 -1.42353417 0.1 0.09817477 2280 2680 layer4_eta9_phi17
C 4 0.15 -1.3253594 0.1 0.09817477 2280 2680 layer4_eta9_phi18
C 4 0.15 -1.22718463 0.1 0.09817477 2280 2680 layer4_eta9_phi19
C 4 0.15 -1.12900986 0.1 0.09817477 2280 2680 layer4_eta9_phi20
C 4 0.15 -1.03083509 0.1 0.09817477 2280 2680 layer4_eta9_phi21
C 4 0.15 -0.93266032 0.1 0.09817477 2280 2680 layer4_eta9_phi22
C 4 0.15 -0.83448555 0.1 0.09817477 2280 2680 layer4_eta9_phi23
C 4 0.15 -0.73631078 0.1 0.09817477 2280 2680 layer4_eta9_phi24
C 4 0.15 -0.63813601 0.1 0.09817477 2280 2680 layer4_eta9_phi25
C 4 0.15 -0.53996124 0.1 0.09817477 2280 2680 layer4_eta9_phi26
C 4 0.15 -0.44178647 0.1 0.09817477 2280 2680 layer4_eta9_phi27
C 4 0.15 -0.3436117 0.1 0.09817477 2280 2680 layer4_eta9_phi28
C 4 0.15 -0.24543693 0.1 0.09817477 2280 2680 layer4_eta9_phi29
C 4 0.15 -0.14726216 0.1 0.09817477 2280 2680 layer4_eta9_phi30
C 4 0.15 -0.04908739 0.1 0.09817477 2280 2680 layer4_eta9_phi31
C 4 0.15 0.04908739 0.1 0.09817477 2280 2680 layer4_eta9_phi32
C 4 0.15 0.14726216 0.1 0.09817477 2280 2680 layer4_eta9_phi33
C 4 0.15 0.24543693 0.1 0.09817477 2280 2680 layer4_eta9_phi34
C 4 0.15 0.3436117 0.1 0.09817477 2280 2680 layer4_eta9_phi35
C 4 0.15 0.44178647 0.1 0.09817477 2280 2680 layer4_eta9_phi36
C 4 0.15 0.53996124 0.1 0.09817477 2280 2680 layer4_eta9_phi37
C 4 0.15 0.63813601 0.1 0.09817477 2280 2680 layer4_eta9_phi38
C 4 0.15 0.73631078 0.1 0.09817477 2280 2680 layer4_eta9_phi39
C 4 0.15 0.83448555 0.1 0.09817477 2280 2680 layer4_eta9_phi40
C 4 0.15 0.93266032 0.1 0.09817477 2280 2680 layer4_eta9_phi41
C 4 0.15 1.03083509 0.1 0.09817477 2280 2680 layer4_eta9_phi42
C 4 0.15 1.12900986 0.1 0.09817477 2280 2680 layer4_eta9_phi43
C 4 0.15 1.22718463 0.1 0.09817477 2280 2680 layer4_eta9_phi44
C 4 0.15 1.3253594 0.1 0.09817477 2280 2680 layer4_eta9_phi45
C 4 0.15 1.42353417 0.1 0.09817477 2280 2680 layer4_eta9_phi46
C 4 0.15 1.52170894 0.1 0.09817477 2280 2680 layer4_eta9_phi47
C 4 0.15 1.61988371 0.1 0.09817477 2280 2680 layer4_eta9_phi48
C 4 0.15 1.71805848 0.1 0.09817477 2280 2680 layer4_eta9_phi49
C 4 0.15 1.81623325 0.1 0.09817477 2280 2680 layer4_eta9_phi50
C 4 0.15 1.91440802 0.1 0.09817477 2280 2680 layer4_eta9_phi51
C 4 0.15 2.01258279 0.1 0.09817477 2280 2680 layer4_eta9_phi52
C 4 0.15 2.11075756 0.1 0.09817477 2280 2680 layer4_eta9_phi53
C 4 0.15 2.20893233 0.1 0.09817477 2280 2680 layer4_eta9_phi54
C 4 0.15 2.3071071 0.1 0.09817477 2280 2680 layer4_eta9_phi55
C 4 0.15 2.40528188 0.1 0.09817477 2280 2680 layer4_eta9_phi56
C 4 0.15 2.50345665 0.1 0.09817477 2280 2680 layer4_eta9_phi57
C 4 0.15 2.60163142 0.1 0.09817477 2280 2680 layer4_eta9_phi58
C 4 0.15 2.69980619 0.1 0.09817477 2280 2680 layer4_eta9_phi59
C 4 0.15 2.79798096 0.1 0.09817477 2280 2680 layer4_eta9_phi60
C 4 0.15 2.89615573 0.1 0.09817477 2280 2680 layer4_eta9_phi61
C 4 0.15 2.9943305 0.1 0.09817477 2280 2680 layer4_eta9_phi62
C 4 0.15 3.09250527 0.1 0.09817477 2280 2680 layer4_eta9_phi63
C 4 0.25 -3.09250527 0.1 0.09817477 2280 2680 layer4_eta10_phi0
C 4 0.25 -2.9943305 0.1 0.09817477 2280 2680 layer4_eta10_phi1
C 4 0.25 -2.89615573 0.1 0.09817477 2280 2680 layer4_eta10_phi2
C 4 0.25 -2.79798096 0.1 0.09817477 2280 2680 layer4_eta10_phi3
C 4 0.25 -2.69980619 0.1 0.09817477 2280 2680 layer4_eta10_phi4
C 4 0.25 -2.60163142 0.1 0.09817477 2280 2680 layer4_eta10_phi5
C 4 0.25 -2.50345665 0.1 0.09817477 2280 2680 layer4_eta10_phi6
C 4 0.25 -2.40528188 0.1 0.09817477 2280 2680 layer4_eta10_phi7
C 4 0.25 -2.3071071 0.1 0.09817477 2280 2680 layer4_eta10_phi8
C 4 0.25 -2.20893233 0.1 0.09817477 2280 2680 layer4_eta10_phi9
C 4 0.25 -2.11075756 0.1 0.09817477 2280 2680 layer4_eta10_phi10
C 4 0.25 -2.01258279 0.1 0.09817477 2280 2680 layer4_eta10_phi11
C 4 0.25 -1.91440802 0.1 0.09817477 2280 2680 layer4_eta10_phi12
C 4 0.25 -1.81623325 0.1 0.09817477 2280 2680 layer4_eta10_phi13
C 4 0.25 -1.71805848 0.1 0.09817477 2280 2680 layer4_eta10_phi14
C 4 0.25 -1.61988371 0.1 0.09817477 2280 2680 layer4_eta10_phi15
C 4 0.25 -1.52170894 0.1 0.09817477 2280 2680 layer4_eta10_phi16
C 4 0.25 -1.42353417 0.1 0.09817477 2280 2680 layer4_eta10_phi17
C 4 0.25 -1.3253594 0.1 0.09817477 2280 2680 layer4_eta10_phi18
C 4 0.25 -1.22718463 0.1 0.09817477 2280 2680 layer4_eta10_phi19
C 4 0.25 -1.12900986 0.1 0.09817477 2280 2680 layer4_eta10_phi20
C 4 0.25 -1.03083509 0.1 0.09817477 2280 2680 layer4_eta10_phi21
C 4 0.25 -0.93266032 0.1 0.09817477 2280 2680 layer4_eta10_phi22
C 4 0.25 -0.83448555 0.1 0.09817477 2280 2680 layer4_eta10_phi23
C 4 0.25 -0.73631078 0.1 0.09817477 2280 2680 layer4_eta10_phi24
C 4 0.25 -0.63813601 0.1 0.09817477 2280 2680 layer4_eta10_phi25
C 4 0.25 -0.53996124 0.1 0.09817477 2280 2680 layer4_eta10_phi26
C 4 0.25 -0.44178647 0.1 0.09817477 2280 2680 layer4_eta10_phi27
C 4 0.25 -0.3436117 0.1 0.09817477 2280 2680 layer4_eta10_phi28
C 4 0.25 -0.24543693 0.1 0.09817477 2280 2680 layer4_eta10_phi29
C 4 0.25 -0.14726216 0.1 0.09817477 2280 2680 layer4_eta10_phi30
C 4 0.25 -0.04908739 0.1 0.09817477 2280 2680 layer4_eta10_phi31
C 4 0.25 0.04908739 0.1 0.09817477 2280 2680 layer4_eta10_phi32
C 4 0.25 0.14726216 0.1 0.09817477 2280 2680 layer4_eta10_phi33
C 4 0.25 0.24543693 0.1 0.09817477 2280 2680 layer4_eta10_phi34
C 4 0.25 0.3436117 0.1 0.09817477 2280 2680 layer4_eta10_phi35
C 4 0.25 0.44178647 0.1 0.09817477 2280 2680 layer4_eta10_phi36
C 4 0.25 0.53996124 0.1 0.09817477 2280 2680 layer4_eta10_phi37
C 4 0.25 0.63813601 0.1 0.09817477 2280 2680 layer4_eta10_phi38
C 4 0.25 0.73631078 0.1 0.09817477 2280 2680 layer4_eta10_phi39
C 4 0.25 0.83448555 0.1 0.09817477 2280 2680 layer4_eta10_phi40
C 4 0.25 0.93266032 0.1 0.09817477 2280 2680 layer4_eta10_phi41
C 4 0.25 1.03083509 0.1 0.09817477 2280 2680 layer4_eta10_phi42
C 4 0.25 1.12900986 0.1 0.09817477 2280 2680 layer4_eta10_phi43
C 4 0.25 1.22718463 0.1 0.09817477 2280 2680 layer4_eta10_phi44
C 4 0.25 1.3253594 0.1 0.09817477 2280 2680 layer4_eta10_phi45
C 4 0.25 1.42353417 0.1 0.09817477 2280 2680 layer4_eta10_phi46
C 4 0.25 1.52170894 0.1 0.09817477 2280 2680 layer4_eta10_phi47
C 4 0.25 1.61988371 0.1 0.09817477 2280 2680 layer4_eta10_phi48
C 4 0.25 1.71805848 0.1 0.09817477 2280 2680 layer4_eta10_phi49
C 4 0.25 1.81623325 0.1 0.09817477 2280 2680 layer4_eta10_phi50
C 4 0.25 1.91440802 0.1 0.09817477 2280 2680 layer4_eta10_phi51
C 4 0.25 2.01258279 0.1 0.09817477 2280 2680 layer4_eta10_phi52
C 4 0.25 2.11075756 0.1 0.09817477 2280 2680 layer4_eta10_phi53
C 4 0.25 2.20893233 0.1 0.09817477 2280 2680 layer4_eta10_phi54
C 4 0.25 2.3071071 0.1 0.09817477 2280 2680 layer4_eta10_phi55
C 4 0.25 2.40528188 0.1 0.09817477 2280 2680 layer4_eta10_phi56
C 4 0.25 2.50345665 0.1 0.09817477 2280 2680 layer4_eta10_phi57
C 4 0.25 2.60163142 0.1 0.09817477 2280 2680 layer4_eta10_phi58
C 4 0.25 2.69980619 0.1 0.09817477 2280 2680 layer4_eta10_phi59
C 4 0.25 2.79798096 0.1 0.09817477 2280 2680 layer4_eta10_phi60
C 4 0.25 2.89615573 0.1 0.09817477 2280 2680 layer4_eta10_phi61
C 4 0.25 2.9943305 0.1 0.09817477 2280 2680 layer4_eta10_phi62
C 4 0.25 3.09250527 0.1 0.09817477 2280 2680 layer4_eta10_phi63
C 4 0.35 -3.09250527 0.1 0.09817477 2280 2680 layer4_eta11_phi0
C 4 0.35 -2.9943305 0.1 0.09817477 2280 2680 layer4_eta11_phi1
C 4 0.35 -2.89615573 0.1 0.09817477 2280 2680 layer4_eta11_phi2
C 4 0.35 -2.79798096 0.1 0.09817477 2280 2680 layer4_eta11_phi3
C 4 0.35 -2.69980619 0.1 0.09817477 2280 2680 layer4_eta11_phi4
C 4 0.35 -2.60163142 0.1 0.09817477 2280 2680 layer4_eta11_phi5
C 4 0.35 -2.50345665 0.1 0.09817477 2280 2680 layer4_eta11_phi6
C 4 0.35 -2.40528188 0.1 0.09817477 2280 2680 layer4_eta11_phi7
C 4 0.35 -2.3071071 0.1 0.09817477 2280 2680 layer4_eta11_phi8
C 4 0.35 -2.20893233 0.1 0.09817477 2280 2680 layer4_eta11_phi9
C 4 0.35 -2.11075756 0.1 0.09817477 2280 2680 layer4_eta11_phi10
C 4 0.35 -2.01258279 0.1 0.09817477 2280 2680 layer4_eta11_phi11
C 4 0.35 -1.91440802 0.1 0.09817477 2280 2680 layer4_eta11_phi12
C 4 0.35 -1.81623325 0.1 0.09817477 2280 2680 layer4_eta11_phi13
C 4 0.35 -1.71805848 0.1 0.09817477 2280 2680 layer4_eta11_phi14
C 4 0.35 -1.61988371 0.1 0.09817477 2280 2680 layer4_eta11_phi15
C 4 0.35 -1.52170894 0.1 0.09817477 2280 2680 layer4_eta11_phi16
C 4 0.35 -1.42353417 0.1 0.09817477 2280 2680 layer4_eta11_phi17
C 4 0.35 -1.3253594 0.1 0.09817477 2280 2680 layer4_eta11_phi18
C 4 0.35 -1.22718463 0.1 0.09817477 2280 2680 layer4_eta11_phi19
C 4 0.35 -1.12900986 0.1 0.09817477 2280 2680 layer4_eta11_phi20
C 4 0.35 -1.03083509 0.1 0.09817477 2280 2680 layer4_eta11_phi21
C 4 0.35 -0.93266032 0.1 0.09817477 2280 2680 layer4_eta11_phi22
C 4 0.35 -0.83448555 0.1 0.09817477 2280 2680 layer4_eta11_phi23
C 4 0.35 -0.73631078 0.1 0.09817477 2280 2680 layer4_eta11_phi24
C 4 0.35 -0.63813601 0.1 0.09817477 2280 2680 layer4_eta11_phi25
C 4 0.35 -0.53996124 0.1 0.09817477 2280 2680 layer4_eta11_phi26
C 4 0.35 -0.44178647 0.1 0.09817477 2280 2680 layer4_eta11_phi27
C 4 0.35 -0.3436117 0.1 0.09817477 2280 2680 layer4_eta11_phi28
C 4 0.35 -0.24543693 0.1 0.09817477 2280 2680 layer4_eta11_phi29
C 4 0.35 -0.14726216 0.1 0.09817477 2280 2680 layer4_eta11_phi30
C 4 0.35 -0.04908739 0.1 0.09817477 2280 2680 layer4_eta11_phi31
C 4 0.35 0.04908739 0.1 0.09817477 2280 2680 layer4_eta11_phi32
C 4 0.35 0.14726216 0.1 0.09817477 2280 2680 layer4_eta11_phi33
C 4 0.35 0.24543693 0.1 0.09817477 2280 2680 layer4_eta11_phi34
C 4 0.35 0.3436117 0.1 0.09817477 2280 2680 layer4_eta11_phi35
C 4 0.35 0.44178647 0.1 0.09817477 2280 2680 layer4_eta11_phi36
C 4 0.35 0.53996124 0.1 0.09817477 2280 2680 layer4_eta11_phi37
C 4 0.35 0.63813601 0.1 0.09817477 2280 2680 layer4_eta11_phi38
C 4 0.35 0.73631078 0.1 0.09817477 2280 2680 layer4_eta11_phi39
C 4 0.35 0.83448555 0.1 0.09817477 2280 2680 layer4_eta11_phi40
C 4 0.35 0.93266032 0.1 0.09817477 2280 2680 layer4_eta11_phi41
C 4 0.35 1.03083509 0.1 0.09817477 2280 2680 layer4_eta11_phi42
C 4 0.35 1.12900986 0.1 0.09817477 2280 2680 layer4_eta11_phi43
C 4 0.35 1.22718463 0.1 0.09817477 2280 2680 layer4_eta11_phi44
C 4 0.35 1.3253594 0.1 0.09817477 2280 2680 layer4_eta11_phi45
C 4 0.35 1.42353417 0.1 0.09817477 2280 2680 layer4_eta11_phi46
C 4 0.35 1.52170894 0.1 0.09817477 2280 2680 layer4_eta11_phi47
C 4 0.35 1.61988371 0.1 0.09817477 2280 2680 layer4_eta11_phi48
C 4 0.35 1.71805848 0.1 0.09817477 2280 2680 layer4_eta11_phi49
C 4 0.35 1.81623325 0.1 0.09817477 2280 2680 layer4_eta11_phi50
C 4 0.35 1.91440802 0.1 0.09817477 2280 2680 layer4_eta11_phi51
C 4 0.35 2.01258279 0.1 0.09817477 2280 2680 layer4_eta11_phi52
C 4 0.35 2.11075756 0.1 0.09817477 2280 2680 layer4_eta11_phi53
C 4 0.35 2.20893233 0.1 0.09817477 2280 2680 layer4_eta11_phi54
C 4 0.35 2.3071071 0.1 0.09817477 2280 2680 layer4_eta11_phi55
C 4 0.35 2.40528188 0.1 0.09817477 2280 2680 layer4_eta11_phi56
C 4 0.35 2.50345665 0.1 0.09817477 2280 2680 layer4_eta11_phi57
C 4 0.35 2.60163142 0.1 0.09817477 2280 2680 layer4_eta11_phi58
C 4 0.35 2.69980619 0.1 0.09817477 2280 2680 layer4_eta11_phi59
C 4 0.35 2.79798096 0.1 0.09817477 2280 2680 layer4_eta11_phi60
C 4 0.35 2.89615573 0.1 0.09817477 2280 2680 layer4_eta11_phi61
C 4 0.35 2.9943305 0.1 0.09817477 2280 2680 layer4_eta11_phi62
C 4 0.35 3.09250527 0.1 0.09817477 2280 2680 layer4_eta11_phi63
C 4 0.45 -3.09250527 0.1 0.09817477 2280 2680 layer4_eta12_phi0
C 4 0.45 -2.9943305 0.1 0.09817477 2280 2680 layer4_eta12_phi1
C 4 0.45 -2.89615573 0.1 0.09817477 2280 2680 layer4_eta12_phi2
C 4 0.45 -2.79798096 0.1 0.09817477 2280 2680 layer4_eta12_phi3
C 4 0.45 -2.69980619 0.1 0.09817477 2280 2680 layer4_eta12_phi4
C 4 0.45 -2.60163142 0.1 0.09817477 2280 2680 layer4_eta12_phi5
C 4 0.45 -2.50345665 0.1 0.09817477 2280 2680 layer4_eta12_phi6
C 4 0.45 -2.40528188 0.1 0.09817477 2280 2680 layer4_eta12_phi7
C 4 0.45 -2.3071071 0.1 0.09817477 2280 2680 layer4_eta12_phi8
C 4 0.45 -2.20893233 0.1 0.09817477 2280 2680 layer4_eta12_phi9
C 4 0.45 -2.11075756 0.1 0.09817477 2280 2680 layer4_eta12_phi10
C 4 0.45 -2.01258279 0.1 0.09817477 2280 2680 layer4_eta12_phi11
C 4 0.45 -1.91440802 0.1 0.09817477 2280 2680 layer4_eta12_phi12
C 4 0.45 -1.81623325 0.1 0.09817477 2280 2680 layer4_eta12_phi13
C 4 0.45 -1.71805848 0.1 0.09817477 2280 2680 layer4_eta12_phi14
C 4 0.45 -1.61988371 0.1 0.09817477 2280 2680 layer4_eta12_phi15
C 4 0.45 -1.52170894 0.1 0.09817477 2280 2680 layer4_eta12_phi16
C 4 0.45 -1.42353417 0.1 0.09817477 2280 2680 layer4_eta12_phi17
C 4 0.45 -1.3253594 0.1 0.09817477 2280 2680 layer4_eta12_phi18
C 4 0.45 -1.22718463 0.1 0.09817477 2280 2680 layer4_eta12_phi19
C 4 0.45 -1.12900986 0.1 0.09817477 2280 2680 layer4_eta12_phi20
C 4 0.45 -1.03083509 0.1 0.09817477 2280 2680 layer4_eta12_phi21
C 4 0.45 -0.93266032 0.1 0.09817477 2280 2680 layer4_eta12_phi22
C 4 0.45 -0.83448555 0.1 0.09817477 2280 2680 layer4_eta12_phi23
C 4 0.45 -0.73631078 0.1 0.09817477 2280 2680 layer4_eta12_phi24
C 4 0.45 -0.63813601 0.1 0.09817477 2280 2680 layer4_eta12_phi25
C 4 0.45 -0.53996124 0.1 0.09817477 2280 2680 layer4_eta12_phi26
C 4 0.45 -0.44178647 0.1 0.09817477 2280 2680 layer4_eta12_phi27
C 4 0.45 -0.3436117 0.1 0.09817477 2280 2680 layer4_eta12_phi28
C 4 0.45 -0.24543693 0.1 0.09817477 2280 2680 layer4_eta12_phi29
C 4 0.45 -0.14726216 0.1 0.09817477 2280 2680 layer4_eta12_phi30
C 4 0.45 -0.04908739 0.1 0.09817477 2280 2680 layer4_eta12_phi31
C 4 0.45 0.04908739 0.1 0.09817477 2280 2680 layer4_eta12_phi32
C 4 0.45 0.14726216 0.1 0.09817477 2280 2680 layer4_eta12_phi33
C 4 0.45 0.24543693 0.1 0.09817477 2280 2680 layer4_eta12_phi34
C 4 0.45 0.3436117 0.1 0.09817477 2280 2680 layer4_eta12_phi35
C 4 0.45 0.44178647 0.1 0.09817477 2280 2680 layer4_eta12_phi36
C 4 0.45 0.53996124 0.1 0.09817477 2280 2680 layer4_eta12_phi37
C 4 0.45 0.63813601 0.1 0.09817477 2280 2680 layer4_eta12_phi38
C 4 0.45 0.73631078 0.1 0.09817477 2280 2680 layer4_eta12_phi39
C 4 0.45 0.83448555 0.1 0.09817477 2280 2680 layer4_eta12_phi40
C 4 0.45 0.93266032 0.1 0.09817477 2280 2680 layer4_eta12_phi41
C 4 0.45 1.03083509 0.1 0.09817477 2280 2680 layer4_eta12_phi42
C 4 0.45 1.12900986 0.1 0.09817477 2280 2680 layer4_eta12_phi43
C 4 0.45 1.22718463 0.1 0.09817477 2280 2680 layer4_eta12_phi44
C 4 0.45 1.3253594 0.1 0.09817477 2280 2680 layer4_eta12_phi45
C 4 0.45 1.42353417 0.1 0.09817477 2280 2680 layer4_eta12_phi46
C 4 0.45 1.52170894 0.1 0.09817477 2280 2680 layer4_eta12_phi47
C 4 0.45 1.61988371 0.1 0.09817477 2280 2680 layer4_eta12_phi48
C 4 0.45 1.71805848 0.1 0.09817477 2280 2680 layer4_eta12_phi49
C 4 0.45 1.81623325 0.1 0.09817477 2280 2680 layer4_eta12_phi50
C 4 0.45 1.91440802 0.1 0.09817477 2280 2680 layer4_eta12_phi51
C 4 0.45 2.01258279 0.1 0.09817477 2280 2680 layer4_eta12_phi52
C 4 0.45 2.11075756 0.1 0.09817477 2280 2680 layer4_eta12_phi53
C 4 0.45 2.20893233 0.1 0.09817477 2280 2680 layer4_eta12_phi54
C 4 0.45 2.3071071 0.1 0.09817477 2280 2680 layer4_eta12_phi55
C 4 0.45 2.40528188 0.1 0.09817477 2280 2680 layer4_eta12_phi56
C 4 0.45 2.50345665 0.1 0.09817477 2280 2680 layer4_eta12_phi57
C 4 0.45 2.60163142 0.1 0.09817477 2280 2680 layer4_eta12_phi58
C 4 0.45 2.69980619 0.1 0.09817477 2280 2680 layer4_eta12_phi59
C 4 0.45 2.79798096 0.1 0.09817477 2280 2680 layer4_eta12_phi60
C 4 0.45 2.89615573 0.1 0.09817477 2280 2680 layer4_eta12_phi61
C 4 0.45 2.9943305 0.1 0.09817477 2280 2680 layer4_eta12_phi62
C 4 0.45 3.09250527 0.1 0.09817477 2280 2680 layer4_eta12_phi63
C 4 0.55 -3.09250527 0.1 0.09817477 2280 2680 layer4_eta13_phi0
C 4 0.55 -2.9943305 0.1 0.09817477 2280 2680 layer4_eta13_phi1
C 4 0.55 -2.89615573 0.1 0.09817477 2280 2680 layer4_eta13_phi2
C 4 0.55 -2.79798096 0.1 0.09817477 2280 2680 layer4_eta13_phi3
C 4 0.55 -2.69980619 0.1 0.09817477 2280 2680 layer4_eta13_phi4
C 4 0.55 -2.60163142 0.1 0.09817477 2280 2680 layer4_eta13_phi5
C 4 0.55 -2.50345665 0.1 0.09817477 2280 2680 layer4_eta13_phi6
C 4 0.55 -2.40528188 0.1 0.09817477 2280 2680 layer4_eta13_phi7
C 4 0.55 -2.3071071 0.1 0.09817477 2280 2680 layer4_eta13_phi8
C 4 0.55 -2.20893233 0.1 0.09817477 2280 2680 layer4_eta13_phi9
C 4 0.55 -2.11075756 0.1 0.09817477 2280 2680 layer4_eta13_phi10
C 4 0.55 -2.01258279 0.1 0.09817477 2280 2680 layer4_eta13_phi11
C 4 0.55 -1.91440802 0.1 0.09817477 2280 2680 layer4_eta13_phi12
C 4 0.55 -1.81623325 0.1 0.09817477 2280 2680 layer4_eta13_phi13
C 4 0.55 -1.71805848 0.1 0.09817477 2280 2680 layer4_eta13_phi14
C 4 0.55 -1.61988371 0.1 0.09817477 2280 2680 layer4_eta13_phi15
C 4 0.55 -1.52170894 0.1 0.09817477 2280 2680 layer4_eta13_phi16
C 4 0.55 -1.42353417 0.1 0.09817477 2280 2680 layer4_eta13_phi17
C 4 0.55 -1.3253594 0.1 0.09817477 2280 2680 layer4_eta13_phi18
C 4 0.55 -1.22718463 0.1 0.09817477 2280 2680 layer4_eta13_phi19
C 4 0.55 -1.12900986 0.1 0.09817477 2280 2680 layer4_eta13_phi20
C 4 0.55 -1.03083509 0.1 0.09817477 2280 2680 layer4_eta13_phi21
C 4 0.55 -0.93266032 0.1 0.09817477 2280 2680 layer4_eta13_phi22
C 4 0.55 -0.83448555 0.1 0.09817477 2280 2680 layer4_eta13_phi23
C 4 0.55 -0.73631078 0.1 0.09817477 2280 2680 layer4_eta13_phi24
C 4 0.55 -0.63813601 0.1 0.09817477 2280 2680 layer4_eta13_phi25
C 4 0.55 -0.53996124 0.1 0.09817477 2280 2680 layer4_eta13_phi26
C 4 0.55 -0.44178647 0.1 0.09817477 2280 2680 layer4_eta13_phi27
C 4 0.55 -0.3436117 0.1 0.09817477 2280 2680 layer4_eta13_phi28
C 4 0.55 -0.24543693 0.1 0.09817477 2280 2680 layer4_eta13_phi29
C 4 0.55 -0.14726216 0.1 0.09817477 2280 2680 layer4_eta13_phi30
C 4 0.55 -0.04908739 0.1 0.09817477 2280 2680 layer4_eta13_phi31
C 4 0.55 0.04908739 0.1 0.09817477 2280 2680 layer4_eta13_phi32
C 4 0.55 0.14726216 0.1 0.09817477 2280 2680 layer4_eta13_phi33
C 4 0.55 0.24543693 0.1 0.09817477 2280 2680 layer4_eta13_phi34
C 4 0.55 0.3436117 0.1 0.09817477 2280 2680 layer4_eta13_phi35
C 4 0.55 0.44178647 0.1 0.09817477 2280 2680 layer4_eta13_phi36
C 4 0.55 0.53996124 0.1 0.09817477 2280 2680 layer4_eta13_phi37
C 4 0.55 0.63813601 0.1 0.09817477 2280 2680 layer4_eta13_phi38
C 4 0.55 0.73631078 0.1 0.09817477 2280 2680 layer4_eta13_phi39
C 4 0.55 0.83448555 0.1 0.09817477 2280 2680 layer4_eta13_phi40
C 4 0.55 0.93266032 0.1 0.09817477 2280 2680 layer4_eta13_phi41
C 4 0.55 1.03083509 0.1 0.09817477 2280 2680 layer4_eta13_phi42
C 4 0.55 1.12900986 0.1 0.09817477 2280 2680 layer4_eta13_phi43
C 4 0.55 1.22718463 0.1 0.09817477 2280 2680 layer4_eta13_phi44
C 4 0.55 1.3253594 0.1 0.09817477 2280 2680 layer4_eta13_phi45
C 4 0.55 1.42353417 0.1 0.09817477 2280 2680 layer4_eta13_phi46
C 4 0.55 1.52170894 0.1 0.09817477 2280 2680 layer4_eta13_phi47
C 4 0.55 1.61988371 0.1 0.09817477 2280 2680 layer4_eta13_phi48
C 4 0.55 1.71805848 0.1 0.09817477 2280 2680 layer4_eta13_phi49
C 4 0.55 1.81623325 0.1 0.09817477 2280 2680 layer4_eta13_phi50
C 4 0.55 1.91440802 0.1 0.09817477 2280 2680 layer4_eta13_phi51
C 4 0.55 2.01258279 0.1 0.09817477 2280 2680 layer4_eta13_phi52
C 4 0.55 2.11075756 0.1 0.09817477 2280 2680 layer4_eta13_phi53
C 4 0.55 2.20893233 0.1 0.09817477 2280 2680 layer4_eta13_phi54
C 4 0.55 2.3071071 0.1 0.09817477 2280 2680 layer4_eta13_phi55
C 4 0.55 2.40528188 0.1 0.09817477 2280 2680 layer4_eta13_phi56
C 4 0.55 2.50345665 0.1 0.09817477 2280 2680 layer4_eta13_phi57
C 4 0.55 2.60163142 0.1 0.09817477 2280 2680 layer4_eta13_phi58
C 4 0.55 2.69980619 0.1 0.09817477 2280 2680 layer4_eta13_phi59
C 4 0.55 2.79798096 0.1 0.09817477 2280 2680 layer4_eta13_phi60
C 4 0.55 2.89615573 0.1 0.09817477 2280 2680 layer4_eta13_phi61
C 4 0.55 2.9943305 0.1 0.09817477 2280 2680 layer4_eta13_phi62
C 4 0.55 3.09250527 0.1 0.09817477 2280 2680 layer4_eta13_phi63
C 4 0.65 -3.09250527 0.1 0.09817477 2280 2680 layer4_eta14_phi0
C 4 0.65 -2.9943305 0.1 0.09817477 2280 2680 layer4_eta14_phi1
C 4 0.65 -2.89615573 0.1 0.09817477 2280 2680 layer4_eta14_phi2
C 4 0.65 -2.79798096 0.1 0.09817477 2280 2680 layer4_eta14_phi3
C 4 0.65 -2.69980619 0.1 0.09817477 2280 2680 layer4_eta14_phi4
C 4 0.65 -2.60163142 0.1 0.09817477 2280 2680 layer4_eta14_phi5
C 4 0.65 -2.50345665 0.1 0.09817477 2280 2680 layer4_eta14_phi6
C 4 0.65 -2.40528188 0.1 0.09817477 2280 2680 layer4_eta14_phi7
C 4 0.65 -2.3071071 0.1 0.09817477 2280 2680 layer4_eta14_phi8
C 4 0.65 -2.20893233 0.1 0.09817477 2280 2680 layer4_eta14_phi9
C 4 0.65 -2.11075756 0.1 0.09817477 2280 2680 layer4_eta14_phi10
C 4 0.65 -2.01258279 0.1 0.09817477 2280 2680 layer4_eta14_phi11
C 4 0.65 -1.91440802 0.1 0.09817477 2280 2680 layer4_eta14_phi12
C 4 0.65 -1.81623325 0.1 0.09817477 2280 2680 layer4_eta14_phi13
C 4 0.65 -1.71805848 0.1 0.09817477 2280 2680 layer4_eta14_phi14
C 4 0.65 -1.61988371 0.1 0.09817477 2280 2680 layer4_eta14_phi15
C 4 0.65 -1.52170894 0.1 0.09817477 2280 2680 layer4_eta14_phi16
C 4 0.65 -1.42353417 0.1 0.09817477 2280 2680 layer4_eta14_phi17
C 4 0.65 -1.3253594 0.1 0.09817477 2280 2680 layer4_eta14_phi18
C 4 0.65 -1.22718463 0.1 0.09817477 2280 2680 layer4_eta14_phi19
C 4 0.65 -1.12900986 0.1 0.09817477 2280 2680 layer4_eta14_phi20
C 4 0.65 -1.03083509 0.1 0.09817477 2280 2680 layer4_eta14_phi21
C 4 0.65 -0.93266032 0.1 0.09817477 2280 2680 layer4_eta14_phi22
C 4 0.65 -0.83448555 0.1 0.09817477 2280 2680 layer4_eta14_phi23
C 4 0.65 -0.73631078 0.1 0.09817477 2280 2680 layer4_eta14_phi24
C 4 0.65 -0.63813601 0.1 0.09817477 2280 2680 layer4_eta14_phi25
C 4 0.65 -0.53996124 0.1 0.09817477 2280 2680 layer4_eta14_phi26
C 4 0.65 -0.44178647 0.1 0.09817477 2280 2680 layer4_eta14_phi27
C 4 0.65 -0.3436117 0.1 0.09817477 2280 2680 layer4_eta14_phi28
C 4 0.65 -0.24543693 0.1 0.09817477 2280 2680 layer4_eta14_phi29
C 4 0.65 -0.14726216 0.1 0.09817477 2280 2680 layer4_eta14_phi30
C 4 0.65 -0.04908739 0.1 0.09817477 2280 2680 layer4_eta14_phi31
C 4 0.65 0.04908739 0.1 0.09817477 2280 2680 layer4_eta14_phi32
C 4 0.65 0.14726216 0.1 0.09817477 2280 2680 layer4_eta14_phi33
C 4 0.65 0.24543693 0.1 0.09817477 2280 2680 layer4_eta14_phi34
C 4 0.65 0.3436117 0.1 0.09817477 2280 2680 layer4_eta14_phi35
C 4 0.65 0.44178647 0.1 0.09817477 2280 2680 layer4_eta14_phi36
C 4 0.65 0.53996124 0.1 0.09817477 2280 2680 layer4_eta14_phi37
C 4 0.65 0.63813601 0.1 0.09817477 2280 2680 layer4_eta14_phi38
C 4 0.65 0.73631078 0.1 0.09817477 2280 2680 layer4_eta14_phi39
C 4 0.65 0.83448555 0.1 0.09817477 2280 2680 layer4_eta14_phi40
C 4 0.65 0.93266032 0.1 0.09817477 2280 2680 layer4_eta14_phi41
C 4 0.65 1.03083509 0.1 0.09817477 2280 2680 layer4_eta14_phi42
C 4 0.65 1.12900986 0.1 0.09817477 2280 2680 layer4_eta14_phi43
C 4 0.65 1.22718463 0.1 0.09817477 2280 2680 layer4_eta14_phi44
C 4 0.65 1.3253594 0.1 0.09817477 2280 2680 layer4_eta14_phi45
C 4 0.65 1.42353417 0.1 0.09817477 2280 2680 layer4_eta14_phi46
C 4 0.65 1.52170894 0.1 0.09817477 2280 2680 layer4_eta14_phi47
C 4 0.65 1.61988371 0.1 0.09817477 2280 2680 layer4_eta14_phi48
C 4 0.65 1.71805848 0.1 0.09817477 2280 2680 layer4_eta14_phi49
C 4 0.65 1.81623325 0.1 0.09817477 2280 2680 layer4_eta14_phi50
C 4 0.65 1.91440802 0.1 0.09817477 2280 2680 layer4_eta14_phi51
C 4 0.65 2.01258279 0.1 0.09817477 2280 2680 layer4_eta14_phi52
C 4 0.65 2.11075756 0.1 0.09817477 2280 2680 layer4_eta14_phi53
C 4 0.65 2.20893233 0.1 0.09817477 2280 2680 layer4_eta14_phi54
C 4 0.65 2.3071071 0.1 0.09817477 2280 2680 layer4_eta14_phi55
C 4 0.65 2.40528188 0.1 0.09817477 2280 2680 layer4_eta14_phi56
C 4 0.65 2.50345665 0.1 0.09817477 2280 2680 layer4_eta14_phi57
C 4 0.65 2.60163142 0.1 0.09817477 2280 2680 layer4_eta14_phi58
C 4 0.65 2.69980619 0.1 0.09817477 2280 2680 layer4_eta14_phi59
C 4 0.65 2.79798096 0.1 0.09817477 2280 2680 layer4_eta14_phi60
C 4 0.65 2.89615573 0.1 0.09817477 2280 2680 layer4_eta14_phi61
C 4 0.65 2.9943305 0.1 0.09817477 2280 2680 layer4_eta14_phi62
C 4 0.65 3.09250527 0.1 0.09817477 2280 2680 layer4_eta14_phi63
C 4 0.75 -3.09250527 0.1 0.09817477 2280 2680 layer4_eta15_phi0
C 4 0.75 -2.9943305 0.1 0.09817477 2280 2680 layer4_eta15_phi1
C 4 0.75 -2.89615573 0.1 0.09817477 2280 2680 layer4_eta15_phi2
C 4 0.75 -2.79798096 0.1 0.09817477 2280 2680 layer4_eta15_phi3
C 4 0.75 -2.69980619 0.1 0.09817477 2280 2680 layer4_eta15_phi4
C 4 0.75 -2.60163142 0.1 0.09817477 2280 2680 layer4_eta15_phi5
C 4 0.75 -2.50345665 0.1 0.09817477 2280 2680 layer4_eta15_phi6
C 4 0.75 -2.40528188 0.1 0.09817477 2280 2680 layer4_eta15_phi7
C 4 0.75 -2.3071071 0.1 0.09817477 2280 2680 layer4_eta15_phi8
C 4 0.75 -2.20893233 0.1 0.09817477 2280 2680 layer4_eta15_phi9
C 4 0.75 -2.11075756 0.1 0.09817477 2280 2680 layer4_eta15_phi10
C 4 0.75 -2.01258279 0.1 0.09817477 2280 2680 layer4_eta15_phi11
C 4 0.75 -1.91440802 0.1 0.09817477 2280 2680 layer4_eta15_phi12
C 4 0.75 -1.81623325 0.1 0.09817477 2280 2680 layer4_eta15_phi13
C 4 0.75 -1.71805848 0.1 0.09817477 2280 2680 layer4_eta15_phi14
C 4 0.75 -1.61988371 0.1 0.09817477 2280 2680 layer4_eta15_phi15
C 4 0.75 -1.52170894 0.1 0.09817477 2280 2680 layer4_eta15_phi16
C 4 0.75 -1.42353417 0.1 0.09817477 2280 2680 layer4_eta15_phi17
C 4 0.75 -1.3253594 0.1 0.09817477 2280 2680 layer4_eta15_phi18
C 4 0.75 -1.22718463 0.1 0.09817477 2280 2680 layer4_eta15_phi19
C 4 0.75 -1.12900986 0.1 0.09817477 2280 2680 layer4_eta15_phi20
C 4 0.75 -1.03083509 0.1 0.09817477 2280 2680 layer4_eta15_phi21
C 4 0.75 -0.93266032 0.1 0.09817477 2280 2680 layer4_eta15_phi22
C 4 0.75 -0.83448555 0.1 0.09817477 2280 2680 layer4_eta15_phi23
C 4 0.75 -0.73631078 0.1 0.09817477 2280 2680 layer4_eta15_phi24
C 4 0.75 -0.63813601 0.1 0.09817477 2280 2680 layer4_eta15_phi25
C 4 0.75 -0.53996124 0.1 0.09817477 2280 2680 layer4_eta15_phi26
C 4 0.75 -0.44178647 0.1 0.09817477 2280 2680 layer4_eta15_phi27
C 4 0.75 -0.3436117 0.1 0.09817477 2280 2680 layer4_eta15_phi28
C 4 0.75 -0.24543693 0.1 0.09817477 2280 2680 layer4_eta15_phi29
C 4 0.75 -0.14726216 0.1 0.09817477 2280 2680 layer4_eta15_phi30
C 4 0.75 -0.04908739 0.1 0.09817477 2280 2680 layer4_eta15_phi31
C 4 0.75 0.04908739 0.1 0.09817477 2280 2680 layer4_eta15_phi32
C 4 0.75 0.14726216 0.1 0.09817477 2280 2680 layer4_eta15_phi33
C 4 0.75 0.24543693 0.1 0.09817477 2280 2680 layer4_eta15_phi34
C 4 0.75 0.3436117 0.1 0.09817477 2280 2680 layer4_eta15_phi35
C 4 0.75 0.44178647 0.1 0.09817477 2280 2680 layer4_eta15_phi36
C 4 0.75 0.53996124 0.1 0.09817477 2280 2680 layer4_eta15_phi37
C 4 0.75 0.63813601 0.1 0.09817477 2280 2680 layer4_eta15_phi38
C 4 0.75 0.73631078 0.1 0.09817477 2280 2680 layer4_eta15_phi39
C 4 0.75 0.83448555 0.1 0.09817477 2280 2680 layer4_eta15_phi40
C 4 0.75 0.93266032 0.1 0.09817477 2280 2680 layer4_eta15_phi41
C 4 0.75 1.03083509 0.1 0.09817477 2280 2680 layer4_eta15_phi42
C 4 0.75 1.12900986 0.1 0.09817477 2280 2680 layer4_eta15_phi43
C 4 0.75 1.22718463 0.1 0.09817477 2280 2680 layer4_eta15_phi44
C 4 0.75 1.3253594 0.1 0.09817477 2280 2680 layer4_eta15_phi45
C 4 0.75 1.42353417 0.1 0.09817477 2280 2680 layer4_eta15_phi46
C 4 0.75 1.52170894 0.1 0.09817477 2280 2680 layer4_eta15_phi47
C 4 0.75 1.61988371 0.1 0.09817477 2280 2680 layer4_eta15_phi48
C 4 0.75 1.71805848 0.1 0.09817477 2280 2680 layer4_eta15_phi49
C 4 0.75 1.81623325 0.1 0.09817477 2280 2680 layer4_eta15_phi50
C 4 0.75 1.91440802 0.1 0.09817477 2280 2680 layer4_eta15_phi51
C 4 0.75 2.01258279 0.1 0.09817477 2280 2680 layer4_eta15_phi52
C 4 0.75 2.11075756 0.1 0.09817477 2280 2680 layer4_eta15_phi53
C 4 0.75 2.20893233 0.1 0.09817477 2280 2680 layer4_eta15_phi54
C 4 0.75 2.3071071 0.1 0.09817477 2280 2680 layer4_eta15_phi55
C 4 0.75 2.40528188 0.1 0.09817477 2280 2680 layer4_eta15_phi56
C 4 0.75 2.50345665 0.1 0.09817477 2280 2680 layer4_eta15_phi57
C 4 0.75 2.60163142 0.1 0.09817477 2280 2680 layer4_eta15_phi58
C 4 0.75 2.69980619 0.1 0.09817477 2280 2680 layer4_eta15_phi59
C 4 0.75 2.79798096 0.1 0.09817477 2280 2680 layer4_eta15_phi60
C 4 0.75 2.89615573 0.1 0.09817477 2280 2680 layer4_eta15_phi61
C 4 0.75 2.9943305 0.1 0.09817477 2280 2680 layer4_eta15_phi62
C 4 0.75 3.09250527 0.1 0.09817477 2280 2680 layer4_eta15_phi63
